MILLIS,X,Y,Z
1351,-1128.0,224.0,40.0
1472,-1008.0,280.0,24.0
1490,-1008.0,280.0,24.0
1506,-1008.0,280.0,24.0
1525,-1008.0,280.0,24.0
1543,-1008.0,280.0,24.0
1560,-1008.0,280.0,24.0
1577,-1024.0,232.0,-8.0
1594,-1024.0,232.0,-8.0
1611,-1024.0,232.0,-8.0
1627,-1024.0,232.0,-8.0
1644,-1024.0,232.0,-8.0
1660,-1024.0,232.0,-8.0
1677,-1024.0,232.0,-8.0
1694,-1032.0,252.0,-24.0
1711,-1032.0,252.0,-24.0
1727,-1032.0,252.0,-24.0
1743,-1032.0,252.0,-24.0
1759,-1032.0,252.0,-24.0
1777,-1032.0,252.0,-24.0
1793,-1024.0,224.0,-48.0
1810,-1024.0,224.0,-48.0
1827,-1024.0,224.0,-48.0
1843,-1024.0,224.0,-48.0
1861,-1024.0,224.0,-48.0
1876,-1024.0,224.0,-48.0
1894,-1028.0,216.0,-36.0
1910,-1028.0,216.0,-36.0
1926,-1028.0,216.0,-36.0
1942,-1028.0,216.0,-36.0
1960,-1028.0,216.0,-36.0
1976,-1028.0,216.0,-36.0
1993,-1032.0,228.0,-32.0
2009,-1032.0,228.0,-32.0
2026,-1032.0,228.0,-32.0
2042,-1032.0,228.0,-32.0
2059,-1032.0,228.0,-32.0
2077,-1032.0,228.0,-32.0
2093,-1032.0,228.0,-32.0
2109,-1036.0,216.0,-44.0
2126,-1036.0,216.0,-44.0
2142,-1036.0,216.0,-44.0
2159,-1036.0,216.0,-44.0
2177,-1036.0,216.0,-44.0
2193,-1036.0,216.0,-44.0
2210,-1028.0,236.0,-52.0
2227,-1028.0,236.0,-52.0
2243,-1028.0,236.0,-52.0
2260,-1028.0,236.0,-52.0
2277,-1028.0,236.0,-52.0
2293,-1028.0,236.0,-52.0
2311,-1020.0,252.0,-96.0
2327,-1020.0,252.0,-96.0
2343,-1020.0,252.0,-96.0
2360,-1020.0,252.0,-96.0
2376,-1020.0,252.0,-96.0
2394,-1020.0,252.0,-96.0
2410,-1008.0,272.0,-96.0
2427,-1008.0,272.0,-96.0
2443,-1008.0,272.0,-96.0
2459,-1008.0,272.0,-96.0
2476,-1008.0,272.0,-96.0
2493,-1008.0,272.0,-96.0
2509,-1028.0,284.0,-120.0
2527,-1028.0,284.0,-120.0
2543,-1028.0,284.0,-120.0
2559,-1028.0,284.0,-120.0
2576,-1028.0,284.0,-120.0
2593,-1028.0,284.0,-120.0
2611,-1028.0,284.0,-120.0
2627,-1020.0,228.0,-100.0
2644,-1020.0,228.0,-100.0
2660,-1020.0,228.0,-100.0
2677,-1020.0,228.0,-100.0
2693,-1020.0,228.0,-100.0
2710,-1020.0,228.0,-100.0
2727,-1028.0,224.0,-144.0
2743,-1028.0,224.0,-144.0
2760,-1028.0,224.0,-144.0
2777,-1028.0,224.0,-144.0
2794,-1028.0,224.0,-144.0
2810,-1028.0,224.0,-144.0
2827,-1020.0,248.0,-172.0
2843,-1020.0,248.0,-172.0
2860,-1020.0,248.0,-172.0
2876,-1020.0,248.0,-172.0
2893,-1020.0,248.0,-172.0
2910,-1020.0,248.0,-172.0
2927,-1028.0,276.0,-136.0
2943,-1028.0,276.0,-136.0
2960,-1028.0,276.0,-136.0
2977,-1028.0,276.0,-136.0
2993,-1028.0,276.0,-136.0
3010,-1028.0,276.0,-136.0
3027,-1004.0,312.0,-188.0
3044,-1004.0,312.0,-188.0
3060,-1004.0,312.0,-188.0
3077,-1004.0,312.0,-188.0
3094,-1004.0,312.0,-188.0
3110,-1004.0,312.0,-188.0
3126,-1004.0,312.0,-188.0
3143,-1016.0,224.0,-196.0
3160,-1016.0,224.0,-196.0
3177,-1016.0,224.0,-196.0
3194,-1016.0,224.0,-196.0
3209,-1016.0,224.0,-196.0
3226,-1016.0,224.0,-196.0
3244,-1012.0,184.0,-260.0
3260,-1012.0,184.0,-260.0
3277,-1012.0,184.0,-260.0
3293,-1012.0,184.0,-260.0
3310,-1012.0,184.0,-260.0
3327,-1012.0,184.0,-260.0
3343,-1032.0,148.0,-100.0
3360,-1032.0,148.0,-100.0
3376,-1032.0,148.0,-100.0
3393,-1032.0,148.0,-100.0
3410,-1032.0,148.0,-100.0
3426,-1032.0,148.0,-100.0
3444,-1092.0,200.0,-52.0
3460,-1092.0,200.0,-52.0
3477,-1092.0,200.0,-52.0
3493,-1092.0,200.0,-52.0
3509,-1092.0,200.0,-52.0
3527,-1092.0,200.0,-52.0
3543,-1092.0,200.0,-52.0
3560,-1020.0,136.0,80.0
3577,-1020.0,136.0,80.0
3593,-1020.0,136.0,80.0
3610,-1020.0,136.0,80.0
3626,-1020.0,136.0,80.0
3643,-1020.0,136.0,80.0
3660,-1032.0,168.0,-80.0
3676,-1032.0,168.0,-80.0
3694,-1032.0,168.0,-80.0
3710,-1032.0,168.0,-80.0
3727,-1032.0,168.0,-80.0
3743,-1032.0,168.0,-80.0
3760,-1072.0,280.0,-40.0
3777,-1072.0,280.0,-40.0
3793,-1072.0,280.0,-40.0
3810,-1072.0,280.0,-40.0
3827,-1072.0,280.0,-40.0
3843,-1072.0,280.0,-40.0
3859,-1056.0,244.0,-16.0
3876,-1056.0,244.0,-16.0
3893,-1056.0,244.0,-16.0
3910,-1056.0,244.0,-16.0
3926,-1056.0,244.0,-16.0
3943,-1056.0,244.0,-16.0
3960,-1056.0,244.0,-16.0
3977,-1060.0,204.0,-36.0
3993,-1060.0,204.0,-36.0
4010,-1060.0,204.0,-36.0
4027,-1060.0,204.0,-36.0
4044,-1060.0,204.0,-36.0
4060,-1060.0,204.0,-36.0
4076,-1076.0,140.0,-12.0
4093,-1076.0,140.0,-12.0
4110,-1076.0,140.0,-12.0
4127,-1076.0,140.0,-12.0
4143,-1076.0,140.0,-12.0
4161,-1076.0,140.0,-12.0
4177,-1000.0,184.0,-28.0
4193,-1000.0,184.0,-28.0
4209,-1000.0,184.0,-28.0
4227,-1000.0,184.0,-28.0
4244,-1000.0,184.0,-28.0
4259,-1000.0,184.0,-28.0
4277,-1048.0,192.0,-4.0
4294,-1048.0,192.0,-4.0
4309,-1048.0,192.0,-4.0
4327,-1048.0,192.0,-4.0
4342,-1048.0,192.0,-4.0
4361,-1048.0,192.0,-4.0
4377,-1016.0,180.0,-64.0
4394,-1016.0,180.0,-64.0
4410,-1016.0,180.0,-64.0
4426,-1016.0,180.0,-64.0
4442,-1016.0,180.0,-64.0
4460,-1016.0,180.0,-64.0
4477,-1016.0,180.0,-64.0
4494,-1072.0,236.0,-88.0
4510,-1072.0,236.0,-88.0
4526,-1072.0,236.0,-88.0
4543,-1072.0,236.0,-88.0
4559,-1072.0,236.0,-88.0
4576,-1072.0,236.0,-88.0
4593,-1080.0,144.0,-116.0
4610,-1080.0,144.0,-116.0
4627,-1080.0,144.0,-116.0
4644,-1080.0,144.0,-116.0
4659,-1080.0,144.0,-116.0
4676,-1080.0,144.0,-116.0
4693,-1040.0,124.0,-116.0
4710,-1040.0,124.0,-116.0
4726,-1040.0,124.0,-116.0
4743,-1040.0,124.0,-116.0
4760,-1040.0,124.0,-116.0
4776,-1040.0,124.0,-116.0
4794,-1052.0,112.0,-168.0
4812,-1052.0,112.0,-168.0
4830,-1052.0,112.0,-168.0
4849,-1052.0,112.0,-168.0
4867,-1052.0,112.0,-168.0
4884,-1052.0,112.0,-168.0
4902,-1028.0,76.0,-172.0
4918,-1028.0,76.0,-172.0
4935,-1028.0,76.0,-172.0
4952,-1028.0,76.0,-172.0
4968,-1028.0,76.0,-172.0
4985,-1028.0,76.0,-172.0
5001,-1040.0,128.0,-236.0
5018,-1040.0,128.0,-236.0
5034,-1040.0,128.0,-236.0
5051,-1040.0,128.0,-236.0
5068,-1040.0,128.0,-236.0
5085,-1040.0,128.0,-236.0
5102,-1056.0,116.0,-256.0
5118,-1056.0,116.0,-256.0
5135,-1056.0,116.0,-256.0
5151,-1056.0,116.0,-256.0
5168,-1056.0,116.0,-256.0
5184,-1056.0,116.0,-256.0
5201,-1056.0,116.0,-256.0
5218,-1108.0,244.0,-128.0
5235,-1108.0,244.0,-128.0
5251,-1108.0,244.0,-128.0
5268,-1108.0,244.0,-128.0
5284,-1108.0,244.0,-128.0
5301,-1108.0,244.0,-128.0
5318,-1068.0,96.0,-4.0
5334,-1068.0,96.0,-4.0
5351,-1068.0,96.0,-4.0
5367,-1068.0,96.0,-4.0
5385,-1068.0,96.0,-4.0
5401,-1068.0,96.0,-4.0
5417,-972.0,220.0,4.0
5434,-972.0,220.0,4.0
5451,-972.0,220.0,4.0
5468,-972.0,220.0,4.0
5484,-972.0,220.0,4.0
5501,-972.0,220.0,4.0
5518,-1004.0,248.0,-20.0
5535,-1004.0,248.0,-20.0
5551,-1004.0,248.0,-20.0
5568,-1004.0,248.0,-20.0
5585,-1004.0,248.0,-20.0
5601,-1004.0,248.0,-20.0
5618,-1024.0,280.0,-16.0
5635,-1024.0,280.0,-16.0
5652,-1024.0,280.0,-16.0
5668,-1024.0,280.0,-16.0
5685,-1024.0,280.0,-16.0
5701,-1024.0,280.0,-16.0
5718,-1024.0,280.0,-16.0
5734,-992.0,312.0,8.0
5751,-992.0,312.0,8.0
5768,-992.0,312.0,8.0
5784,-992.0,312.0,8.0
5802,-992.0,312.0,8.0
5818,-992.0,312.0,8.0
5835,-980.0,300.0,-8.0
5851,-980.0,300.0,-8.0
5868,-980.0,300.0,-8.0
5884,-980.0,300.0,-8.0
5901,-980.0,300.0,-8.0
5918,-980.0,300.0,-8.0
5934,-1016.0,276.0,8.0
5951,-1016.0,276.0,8.0
5967,-1016.0,276.0,8.0
5985,-1016.0,276.0,8.0
6002,-1016.0,276.0,8.0
6018,-1016.0,276.0,8.0
6035,-1032.0,248.0,-12.0
6052,-1032.0,248.0,-12.0
6069,-1032.0,248.0,-12.0
6085,-1032.0,248.0,-12.0
6102,-1032.0,248.0,-12.0
6118,-1032.0,248.0,-12.0
6135,-1032.0,248.0,-12.0
6152,-1032.0,192.0,8.0
6169,-1032.0,192.0,8.0
6185,-1032.0,192.0,8.0
6201,-1032.0,192.0,8.0
6218,-1032.0,192.0,8.0
6235,-1032.0,192.0,8.0
6251,-1032.0,236.0,24.0
6268,-1032.0,236.0,24.0
6285,-1032.0,236.0,24.0
6302,-1032.0,236.0,24.0
6318,-1032.0,236.0,24.0
6335,-1032.0,236.0,24.0
6351,-992.0,192.0,20.0
6369,-992.0,192.0,20.0
6384,-992.0,192.0,20.0
6402,-992.0,192.0,20.0
6418,-992.0,192.0,20.0
6435,-992.0,192.0,20.0
6452,-1000.0,104.0,32.0
6469,-1000.0,104.0,32.0
6485,-1000.0,104.0,32.0
6501,-1000.0,104.0,32.0
6518,-1000.0,104.0,32.0
6535,-1000.0,104.0,32.0
6552,-1032.0,192.0,-4.0
6569,-1032.0,192.0,-4.0
6585,-1032.0,192.0,-4.0
6601,-1032.0,192.0,-4.0
6618,-1032.0,192.0,-4.0
6635,-1032.0,192.0,-4.0
6651,-1032.0,192.0,-4.0
6668,-1140.0,88.0,-120.0
6685,-1140.0,88.0,-120.0
6701,-1140.0,88.0,-120.0
6718,-1140.0,88.0,-120.0
6734,-1140.0,88.0,-120.0
6752,-1140.0,88.0,-120.0
6768,-1060.0,68.0,-288.0
6784,-1060.0,68.0,-288.0
6802,-1060.0,68.0,-288.0
6819,-1060.0,68.0,-288.0
6834,-1060.0,68.0,-288.0
6851,-1060.0,68.0,-288.0
6869,-1128.0,72.0,-276.0
6885,-1128.0,72.0,-276.0
6901,-1128.0,72.0,-276.0
6918,-1128.0,72.0,-276.0
6935,-1128.0,72.0,-276.0
6952,-1128.0,72.0,-276.0
6968,-1120.0,-76.0,-304.0
6985,-1120.0,-76.0,-304.0
7001,-1120.0,-76.0,-304.0
7018,-1120.0,-76.0,-304.0
7035,-1120.0,-76.0,-304.0
7052,-1120.0,-76.0,-304.0
7068,-1048.0,-16.0,-244.0
7085,-1048.0,-16.0,-244.0
7102,-1048.0,-16.0,-244.0
7119,-1048.0,-16.0,-244.0
7135,-1048.0,-16.0,-244.0
7151,-1048.0,-16.0,-244.0
7168,-1048.0,-16.0,-244.0
7185,-1044.0,-56.0,-232.0
7201,-1044.0,-56.0,-232.0
7219,-1044.0,-56.0,-232.0
7235,-1044.0,-56.0,-232.0
7251,-1044.0,-56.0,-232.0
7268,-1044.0,-56.0,-232.0
7286,-1040.0,44.0,-208.0
7302,-1040.0,44.0,-208.0
7319,-1040.0,44.0,-208.0
7335,-1040.0,44.0,-208.0
7352,-1040.0,44.0,-208.0
7368,-1040.0,44.0,-208.0
7385,-1084.0,8.0,-176.0
7402,-1084.0,8.0,-176.0
7418,-1084.0,8.0,-176.0
7435,-1084.0,8.0,-176.0
7452,-1084.0,8.0,-176.0
7468,-1084.0,8.0,-176.0
7486,-1012.0,32.0,-92.0
7501,-1012.0,32.0,-92.0
7518,-1012.0,32.0,-92.0
7535,-1012.0,32.0,-92.0
7552,-1012.0,32.0,-92.0
7568,-1012.0,32.0,-92.0
7586,-1048.0,-16.0,-108.0
7602,-1048.0,-16.0,-108.0
7618,-1048.0,-16.0,-108.0
7634,-1048.0,-16.0,-108.0
7652,-1048.0,-16.0,-108.0
7669,-1048.0,-16.0,-108.0
7685,-1048.0,-16.0,-108.0
7702,-1048.0,32.0,-84.0
7718,-1048.0,32.0,-84.0
7735,-1048.0,32.0,-84.0
7751,-1048.0,32.0,-84.0
7768,-1048.0,32.0,-84.0
7786,-1048.0,32.0,-84.0
7801,-1044.0,-36.0,-128.0
7818,-1044.0,-36.0,-128.0
7835,-1044.0,-36.0,-128.0
7852,-1044.0,-36.0,-128.0
7868,-1044.0,-36.0,-128.0
7885,-1044.0,-36.0,-128.0
7901,-1060.0,-32.0,-112.0
7919,-1060.0,-32.0,-112.0
7935,-1060.0,-32.0,-112.0
7951,-1060.0,-32.0,-112.0
7969,-1060.0,-32.0,-112.0
7985,-1060.0,-32.0,-112.0
8002,-1040.0,-120.0,-132.0
8019,-1040.0,-120.0,-132.0
8035,-1040.0,-120.0,-132.0
8052,-1040.0,-120.0,-132.0
8068,-1040.0,-120.0,-132.0
8086,-1040.0,-120.0,-132.0
8102,-1040.0,-120.0,-132.0
8118,-1036.0,-128.0,-140.0
8135,-1036.0,-128.0,-140.0
8151,-1036.0,-128.0,-140.0
8169,-1036.0,-128.0,-140.0
8186,-1036.0,-128.0,-140.0
8205,-1036.0,-128.0,-140.0
8223,-1020.0,-148.0,-188.0
8242,-1020.0,-148.0,-188.0
8259,-1020.0,-148.0,-188.0
8276,-1020.0,-148.0,-188.0
8293,-1020.0,-148.0,-188.0
8310,-1020.0,-148.0,-188.0
8327,-1000.0,16.0,-120.0
8343,-1000.0,16.0,-120.0
8360,-1000.0,16.0,-120.0
8376,-1000.0,16.0,-120.0
8394,-1000.0,16.0,-120.0
8410,-1000.0,16.0,-120.0
8427,-1060.0,16.0,-108.0
8443,-1060.0,16.0,-108.0
8460,-1060.0,16.0,-108.0
8476,-1060.0,16.0,-108.0
8493,-1060.0,16.0,-108.0
8509,-1060.0,16.0,-108.0
8526,-1100.0,36.0,-120.0
8542,-1100.0,36.0,-120.0
8560,-1100.0,36.0,-120.0
8577,-1100.0,36.0,-120.0
8593,-1100.0,36.0,-120.0
8609,-1100.0,36.0,-120.0
8626,-1044.0,52.0,-156.0
8643,-1044.0,52.0,-156.0
8659,-1044.0,52.0,-156.0
8676,-1044.0,52.0,-156.0
8693,-1044.0,52.0,-156.0
8710,-1044.0,52.0,-156.0
8725,-1048.0,92.0,-168.0
8743,-1048.0,92.0,-168.0
8760,-1048.0,92.0,-168.0
8776,-1048.0,92.0,-168.0
8793,-1048.0,92.0,-168.0
8809,-1048.0,92.0,-168.0
8826,-1048.0,92.0,-168.0
8843,-1060.0,76.0,-188.0
8859,-1060.0,76.0,-188.0
8876,-1060.0,76.0,-188.0
8892,-1060.0,76.0,-188.0
8909,-1060.0,76.0,-188.0
8926,-1060.0,76.0,-188.0
8943,-1048.0,80.0,-192.0
8959,-1048.0,80.0,-192.0
8976,-1048.0,80.0,-192.0
8992,-1048.0,80.0,-192.0
9009,-1048.0,80.0,-192.0
9027,-1048.0,80.0,-192.0
9043,-1040.0,120.0,-256.0
9060,-1040.0,120.0,-256.0
9077,-1040.0,120.0,-256.0
9093,-1040.0,120.0,-256.0
9110,-1040.0,120.0,-256.0
9126,-1040.0,120.0,-256.0
9143,-1052.0,144.0,-260.0
9160,-1052.0,144.0,-260.0
9176,-1052.0,144.0,-260.0
9193,-1052.0,144.0,-260.0
9210,-1052.0,144.0,-260.0
9226,-1052.0,144.0,-260.0
9243,-1052.0,144.0,-260.0
9259,-1008.0,180.0,-268.0
9277,-1008.0,180.0,-268.0
9293,-1008.0,180.0,-268.0
9309,-1008.0,180.0,-268.0
9327,-1008.0,180.0,-268.0
9343,-1008.0,180.0,-268.0
9360,-952.0,172.0,-216.0
9376,-952.0,172.0,-216.0
9393,-952.0,172.0,-216.0
9410,-952.0,172.0,-216.0
9427,-952.0,172.0,-216.0
9443,-952.0,172.0,-216.0
9460,-988.0,176.0,-216.0
9477,-988.0,176.0,-216.0
9493,-988.0,176.0,-216.0
9510,-988.0,176.0,-216.0
9527,-988.0,176.0,-216.0
9543,-988.0,176.0,-216.0
9560,-1044.0,148.0,-72.0
9576,-1044.0,148.0,-72.0
9593,-1044.0,148.0,-72.0
9609,-1044.0,148.0,-72.0
9626,-1044.0,148.0,-72.0
9643,-1044.0,148.0,-72.0
9660,-1060.0,176.0,-84.0
9677,-1060.0,176.0,-84.0
9693,-1060.0,176.0,-84.0
9710,-1060.0,176.0,-84.0
9726,-1060.0,176.0,-84.0
9743,-1060.0,176.0,-84.0
9759,-1060.0,176.0,-84.0
9777,-1052.0,80.0,-88.0
9793,-1052.0,80.0,-88.0
9810,-1052.0,80.0,-88.0
9827,-1052.0,80.0,-88.0
9843,-1052.0,80.0,-88.0
9860,-1052.0,80.0,-88.0
9876,-1044.0,64.0,-112.0
9893,-1044.0,64.0,-112.0
9909,-1044.0,64.0,-112.0
9927,-1044.0,64.0,-112.0
9943,-1044.0,64.0,-112.0
9960,-1044.0,64.0,-112.0
9977,-1076.0,44.0,-104.0
9993,-1076.0,44.0,-104.0
10009,-1076.0,44.0,-104.0
10027,-1076.0,44.0,-104.0
10043,-1076.0,44.0,-104.0
10060,-1076.0,44.0,-104.0
10077,-1072.0,88.0,-88.0
10093,-1072.0,88.0,-88.0
10110,-1072.0,88.0,-88.0
10126,-1072.0,88.0,-88.0
10143,-1072.0,88.0,-88.0
10160,-1072.0,88.0,-88.0
10176,-1032.0,116.0,-104.0
10194,-1032.0,116.0,-104.0
10210,-1032.0,116.0,-104.0
10226,-1032.0,116.0,-104.0
10244,-1032.0,116.0,-104.0
10260,-1032.0,116.0,-104.0
10277,-1032.0,116.0,-104.0
10293,-1040.0,108.0,-132.0
10310,-1040.0,108.0,-132.0
10326,-1040.0,108.0,-132.0
10343,-1040.0,108.0,-132.0
10361,-1040.0,108.0,-132.0
10376,-1040.0,108.0,-132.0
10393,-1068.0,168.0,-136.0
10410,-1068.0,168.0,-136.0
10426,-1068.0,168.0,-136.0
10443,-1068.0,168.0,-136.0
10461,-1068.0,168.0,-136.0
10476,-1068.0,168.0,-136.0
10493,-1036.0,112.0,-168.0
10511,-1036.0,112.0,-168.0
10526,-1036.0,112.0,-168.0
10543,-1036.0,112.0,-168.0
10561,-1036.0,112.0,-168.0
10576,-1036.0,112.0,-168.0
10593,-1032.0,144.0,-200.0
10610,-1032.0,144.0,-200.0
10626,-1032.0,144.0,-200.0
10643,-1032.0,144.0,-200.0
10660,-1032.0,144.0,-200.0
10677,-1032.0,144.0,-200.0
10694,-1032.0,144.0,-200.0
10710,-1048.0,52.0,-180.0
10727,-1048.0,52.0,-180.0
10743,-1048.0,52.0,-180.0
10760,-1048.0,52.0,-180.0
10777,-1048.0,52.0,-180.0
10793,-1048.0,52.0,-180.0
10810,-1048.0,108.0,-188.0
10827,-1048.0,108.0,-188.0
10844,-1048.0,108.0,-188.0
10861,-1048.0,108.0,-188.0
10877,-1048.0,108.0,-188.0
10894,-1048.0,108.0,-188.0
10910,-1056.0,104.0,-180.0
10927,-1056.0,104.0,-180.0
10943,-1056.0,104.0,-180.0
10959,-1056.0,104.0,-180.0
10977,-1056.0,104.0,-180.0
10993,-1056.0,104.0,-180.0
11010,-1028.0,88.0,-184.0
11026,-1028.0,88.0,-184.0
11044,-1028.0,88.0,-184.0
11060,-1028.0,88.0,-184.0
11077,-1028.0,88.0,-184.0
11093,-1028.0,88.0,-184.0
11111,-1036.0,20.0,-188.0
11127,-1036.0,20.0,-188.0
11144,-1036.0,20.0,-188.0
11160,-1036.0,20.0,-188.0
11177,-1036.0,20.0,-188.0
11193,-1036.0,20.0,-188.0
11211,-1036.0,20.0,-188.0
11227,-1084.0,36.0,-200.0
11244,-1084.0,36.0,-200.0
11260,-1084.0,36.0,-200.0
11276,-1084.0,36.0,-200.0
11294,-1084.0,36.0,-200.0
11310,-1084.0,36.0,-200.0
11327,-1084.0,56.0,-176.0
11343,-1084.0,56.0,-176.0
11360,-1084.0,56.0,-176.0
11377,-1084.0,56.0,-176.0
11393,-1084.0,56.0,-176.0
11410,-1084.0,56.0,-176.0
11428,-1136.0,148.0,-152.0
11444,-1136.0,148.0,-152.0
11460,-1136.0,148.0,-152.0
11477,-1136.0,148.0,-152.0
11493,-1136.0,148.0,-152.0
11510,-1136.0,148.0,-152.0
11527,-1048.0,56.0,-72.0
11544,-1048.0,56.0,-72.0
11560,-1048.0,56.0,-72.0
11577,-1048.0,56.0,-72.0
11594,-1048.0,56.0,-72.0
11610,-1048.0,56.0,-72.0
11627,-1048.0,56.0,-72.0
11643,-1024.0,164.0,4.0
11660,-1024.0,164.0,4.0
11676,-1024.0,164.0,4.0
11694,-1024.0,164.0,4.0
11711,-1024.0,164.0,4.0
11726,-1024.0,164.0,4.0
11744,-996.0,184.0,20.0
11768,-996.0,184.0,20.0
11786,-996.0,184.0,20.0
11802,-996.0,184.0,20.0
11818,-996.0,184.0,20.0
11835,-996.0,184.0,20.0
11852,-1032.0,208.0,20.0
11869,-1032.0,208.0,20.0
11885,-1032.0,208.0,20.0
11902,-1032.0,208.0,20.0
11918,-1032.0,208.0,20.0
11935,-1032.0,208.0,20.0
11951,-1020.0,224.0,-24.0
11968,-1020.0,224.0,-24.0
11985,-1020.0,224.0,-24.0
12002,-1020.0,224.0,-24.0
12018,-1020.0,224.0,-24.0
12035,-1020.0,224.0,-24.0
12051,-1024.0,204.0,-72.0
12068,-1024.0,204.0,-72.0
12084,-1024.0,204.0,-72.0
12101,-1024.0,204.0,-72.0
12118,-1024.0,204.0,-72.0
12135,-1024.0,204.0,-72.0
12151,-1044.0,216.0,-84.0
12168,-1044.0,216.0,-84.0
12185,-1044.0,216.0,-84.0
12201,-1044.0,216.0,-84.0
12218,-1044.0,216.0,-84.0
12234,-1044.0,216.0,-84.0
12252,-1060.0,144.0,-120.0
12268,-1060.0,144.0,-120.0
12284,-1060.0,144.0,-120.0
12301,-1060.0,144.0,-120.0
12318,-1060.0,144.0,-120.0
12335,-1060.0,144.0,-120.0
12352,-1060.0,144.0,-120.0
12367,-1048.0,172.0,-100.0
12384,-1048.0,172.0,-100.0
12402,-1048.0,172.0,-100.0
12418,-1048.0,172.0,-100.0
12435,-1048.0,172.0,-100.0
12451,-1048.0,172.0,-100.0
12468,-1044.0,192.0,-124.0
12485,-1044.0,192.0,-124.0
12502,-1044.0,192.0,-124.0
12518,-1044.0,192.0,-124.0
12535,-1044.0,192.0,-124.0
12552,-1044.0,192.0,-124.0
12568,-1036.0,212.0,-108.0
12585,-1036.0,212.0,-108.0
12602,-1036.0,212.0,-108.0
12618,-1036.0,212.0,-108.0
12635,-1036.0,212.0,-108.0
12652,-1036.0,212.0,-108.0
12668,-1060.0,192.0,-136.0
12685,-1060.0,192.0,-136.0
12701,-1060.0,192.0,-136.0
12718,-1060.0,192.0,-136.0
12735,-1060.0,192.0,-136.0
12751,-1060.0,192.0,-136.0
12768,-1060.0,192.0,-136.0
12785,-1028.0,180.0,-124.0
12802,-1028.0,180.0,-124.0
12818,-1028.0,180.0,-124.0
12835,-1028.0,180.0,-124.0
12852,-1028.0,180.0,-124.0
12868,-1028.0,180.0,-124.0
12885,-1032.0,168.0,-156.0
12902,-1032.0,168.0,-156.0
12919,-1032.0,168.0,-156.0
12935,-1032.0,168.0,-156.0
12952,-1032.0,168.0,-156.0
12968,-1032.0,168.0,-156.0
12986,-1024.0,180.0,-160.0
13002,-1024.0,180.0,-160.0
13019,-1024.0,180.0,-160.0
13035,-1024.0,180.0,-160.0
13051,-1024.0,180.0,-160.0
13068,-1024.0,180.0,-160.0
13085,-1032.0,152.0,-148.0
13102,-1032.0,152.0,-148.0
13118,-1032.0,152.0,-148.0
13135,-1032.0,152.0,-148.0
13151,-1032.0,152.0,-148.0
13168,-1032.0,152.0,-148.0
13185,-1048.0,152.0,-156.0
13202,-1048.0,152.0,-156.0
13219,-1048.0,152.0,-156.0
13235,-1048.0,152.0,-156.0
13252,-1048.0,152.0,-156.0
13269,-1048.0,152.0,-156.0
13285,-1048.0,152.0,-156.0
13302,-1032.0,124.0,-176.0
13319,-1032.0,124.0,-176.0
13336,-1032.0,124.0,-176.0
13352,-1032.0,124.0,-176.0
13369,-1032.0,124.0,-176.0
13385,-1032.0,124.0,-176.0
13402,-1032.0,168.0,-168.0
13418,-1032.0,168.0,-168.0
13435,-1032.0,168.0,-168.0
13452,-1032.0,168.0,-168.0
13469,-1032.0,168.0,-168.0
13485,-1032.0,168.0,-168.0
13502,-1052.0,208.0,-176.0
13518,-1052.0,208.0,-176.0
13535,-1052.0,208.0,-176.0
13551,-1052.0,208.0,-176.0
13569,-1052.0,208.0,-176.0
13586,-1052.0,208.0,-176.0
13602,-1068.0,120.0,-216.0
13619,-1068.0,120.0,-216.0
13635,-1068.0,120.0,-216.0
13652,-1068.0,120.0,-216.0
13669,-1068.0,120.0,-216.0
13685,-1068.0,120.0,-216.0
13701,-1068.0,120.0,-216.0
13718,-1028.0,148.0,-200.0
13735,-1028.0,148.0,-200.0
13752,-1028.0,148.0,-200.0
13769,-1028.0,148.0,-200.0
13785,-1028.0,148.0,-200.0
13802,-1028.0,148.0,-200.0
13818,-1024.0,136.0,-220.0
13835,-1024.0,136.0,-220.0
13851,-1024.0,136.0,-220.0
13868,-1024.0,136.0,-220.0
13886,-1024.0,136.0,-220.0
13902,-1024.0,136.0,-220.0
13919,-1024.0,156.0,-184.0
13935,-1024.0,156.0,-184.0
13953,-1024.0,156.0,-184.0
13968,-1024.0,156.0,-184.0
13985,-1024.0,156.0,-184.0
14002,-1024.0,156.0,-184.0
14019,-1044.0,180.0,-208.0
14035,-1044.0,180.0,-208.0
14052,-1044.0,180.0,-208.0
14068,-1044.0,180.0,-208.0
14086,-1044.0,180.0,-208.0
14102,-1044.0,180.0,-208.0
14119,-1044.0,60.0,-288.0
14135,-1044.0,60.0,-288.0
14152,-1044.0,60.0,-288.0
14168,-1044.0,60.0,-288.0
14185,-1044.0,60.0,-288.0
14202,-1044.0,60.0,-288.0
14219,-1044.0,60.0,-288.0
14236,-972.0,56.0,-264.0
14252,-972.0,56.0,-264.0
14269,-972.0,56.0,-264.0
14285,-972.0,56.0,-264.0
14302,-972.0,56.0,-264.0
14318,-972.0,56.0,-264.0
14335,-1056.0,12.0,-348.0
14351,-1056.0,12.0,-348.0
14369,-1056.0,12.0,-348.0
14385,-1056.0,12.0,-348.0
14402,-1056.0,12.0,-348.0
14419,-1056.0,12.0,-348.0
14435,-1248.0,-40.0,-200.0
14452,-1248.0,-40.0,-200.0
14468,-1248.0,-40.0,-200.0
14486,-1248.0,-40.0,-200.0
14502,-1248.0,-40.0,-200.0
14519,-1248.0,-40.0,-200.0
14535,-508.0,44.0,-452.0
14552,-508.0,44.0,-452.0
14569,-508.0,44.0,-452.0
14585,-508.0,44.0,-452.0
14602,-508.0,44.0,-452.0
14619,-508.0,44.0,-452.0
14635,-508.0,44.0,-452.0
14652,-904.0,-96.0,-120.0
14668,-904.0,-96.0,-120.0
14685,-904.0,-96.0,-120.0
14701,-904.0,-96.0,-120.0
14718,-904.0,-96.0,-120.0
14736,-904.0,-96.0,-120.0
14753,-1064.0,140.0,-136.0
14768,-1064.0,140.0,-136.0
14786,-1064.0,140.0,-136.0
14802,-1064.0,140.0,-136.0
14819,-1064.0,140.0,-136.0
14836,-1064.0,140.0,-136.0
14853,-1056.0,192.0,-212.0
14869,-1056.0,192.0,-212.0
14885,-1056.0,192.0,-212.0
14902,-1056.0,192.0,-212.0
14919,-1056.0,192.0,-212.0
14936,-1056.0,192.0,-212.0
14952,-972.0,88.0,-180.0
14969,-972.0,88.0,-180.0
14985,-972.0,88.0,-180.0
15002,-972.0,88.0,-180.0
15019,-972.0,88.0,-180.0
15035,-972.0,88.0,-180.0
15052,-1096.0,228.0,-284.0
15069,-1096.0,228.0,-284.0
15085,-1096.0,228.0,-284.0
15102,-1096.0,228.0,-284.0
15118,-1096.0,228.0,-284.0
15136,-1096.0,228.0,-284.0
15153,-1096.0,228.0,-284.0
15169,-1032.0,16.0,-308.0
15185,-1032.0,16.0,-308.0
15201,-1032.0,16.0,-308.0
15219,-1032.0,16.0,-308.0
15236,-1032.0,16.0,-308.0
15252,-1032.0,16.0,-308.0
15269,-1044.0,132.0,-208.0
15285,-1044.0,132.0,-208.0
15302,-1044.0,132.0,-208.0
15319,-1044.0,132.0,-208.0
15336,-1044.0,132.0,-208.0
15355,-1044.0,132.0,-208.0
15373,-1040.0,176.0,-240.0
15392,-1040.0,176.0,-240.0
15410,-1040.0,176.0,-240.0
15426,-1040.0,176.0,-240.0
15443,-1040.0,176.0,-240.0
15460,-1040.0,176.0,-240.0
15476,-992.0,148.0,-256.0
15493,-992.0,148.0,-256.0
15509,-992.0,148.0,-256.0
15526,-992.0,148.0,-256.0
15543,-992.0,148.0,-256.0
15559,-992.0,148.0,-256.0
15576,-1324.0,64.0,-136.0
15593,-1324.0,64.0,-136.0
15609,-1324.0,64.0,-136.0
15626,-1324.0,64.0,-136.0
15643,-1324.0,64.0,-136.0
15659,-1324.0,64.0,-136.0
15676,-952.0,128.0,-224.0
15693,-952.0,128.0,-224.0
