MILLIS,X,Y,Z
1338,-1016.0,52.0,-76.0
1446,-1036.0,12.0,-100.0
1466,-1048.0,60.0,-88.0
1481,-1048.0,60.0,-88.0
1499,-1048.0,60.0,-88.0
1518,-1048.0,60.0,-88.0
1536,-1048.0,60.0,-88.0
1555,-1048.0,60.0,-88.0
1572,-1048.0,80.0,-60.0
1590,-1048.0,80.0,-60.0
1606,-1048.0,80.0,-60.0
1623,-1048.0,80.0,-60.0
1639,-1048.0,80.0,-60.0
1657,-1048.0,80.0,-60.0
1674,-1044.0,92.0,-36.0
1690,-1044.0,92.0,-36.0
1707,-1044.0,92.0,-36.0
1723,-1044.0,92.0,-36.0
1740,-1044.0,92.0,-36.0
1757,-1044.0,92.0,-36.0
1773,-1052.0,124.0,-36.0
1790,-1052.0,124.0,-36.0
1806,-1052.0,124.0,-36.0
1822,-1052.0,124.0,-36.0
1840,-1052.0,124.0,-36.0
1856,-1052.0,124.0,-36.0
1872,-1052.0,124.0,-36.0
1889,-1024.0,116.0,8.0
1905,-1024.0,116.0,8.0
1923,-1024.0,116.0,8.0
1939,-1024.0,116.0,8.0
1956,-1024.0,116.0,8.0
1972,-1024.0,116.0,8.0
1989,-1044.0,120.0,-20.0
2006,-1044.0,120.0,-20.0
2022,-1044.0,120.0,-20.0
2039,-1044.0,120.0,-20.0
2056,-1044.0,120.0,-20.0
2072,-1044.0,120.0,-20.0
2089,-1048.0,128.0,-96.0
2106,-1048.0,128.0,-96.0
2123,-1048.0,128.0,-96.0
2139,-1048.0,128.0,-96.0
2156,-1048.0,128.0,-96.0
2172,-1048.0,128.0,-96.0
2189,-1052.0,108.0,-120.0
2206,-1052.0,108.0,-120.0
2223,-1052.0,108.0,-120.0
2239,-1052.0,108.0,-120.0
2256,-1052.0,108.0,-120.0
2273,-1052.0,108.0,-120.0
2289,-1052.0,108.0,-120.0
2306,-1080.0,8.0,-116.0
2322,-1080.0,8.0,-116.0
2340,-1080.0,8.0,-116.0
2355,-1080.0,8.0,-116.0
2373,-1080.0,8.0,-116.0
2389,-1080.0,8.0,-116.0
2406,-1056.0,16.0,-132.0
2422,-1056.0,16.0,-132.0
2439,-1056.0,16.0,-132.0
2456,-1056.0,16.0,-132.0
2472,-1056.0,16.0,-132.0
2489,-1056.0,16.0,-132.0
2506,-1068.0,64.0,-168.0
2523,-1068.0,64.0,-168.0
2539,-1068.0,64.0,-168.0
2557,-1068.0,64.0,-168.0
2573,-1068.0,64.0,-168.0
2590,-1068.0,64.0,-168.0
2605,-1060.0,88.0,-160.0
2622,-1060.0,88.0,-160.0
2640,-1060.0,88.0,-160.0
2656,-1060.0,88.0,-160.0
2673,-1060.0,88.0,-160.0
2689,-1060.0,88.0,-160.0
2706,-1064.0,8.0,-148.0
2723,-1064.0,8.0,-148.0
2739,-1064.0,8.0,-148.0
2756,-1064.0,8.0,-148.0
2773,-1064.0,8.0,-148.0
2790,-1064.0,8.0,-148.0
2806,-1064.0,8.0,-148.0
2823,-1060.0,16.0,-152.0
2839,-1060.0,16.0,-152.0
2856,-1060.0,16.0,-152.0
2873,-1060.0,16.0,-152.0
2889,-1060.0,16.0,-152.0
2906,-1060.0,16.0,-152.0
2923,-1056.0,-4.0,-152.0
2939,-1056.0,-4.0,-152.0
2956,-1056.0,-4.0,-152.0
2972,-1056.0,-4.0,-152.0
2990,-1056.0,-4.0,-152.0
3006,-1056.0,-4.0,-152.0
3023,-1060.0,-36.0,-148.0
3039,-1060.0,-36.0,-148.0
3056,-1060.0,-36.0,-148.0
3073,-1060.0,-36.0,-148.0
3090,-1060.0,-36.0,-148.0
3106,-1060.0,-36.0,-148.0
3122,-1032.0,-36.0,-152.0
3139,-1032.0,-36.0,-152.0
3156,-1032.0,-36.0,-152.0
3173,-1032.0,-36.0,-152.0
3189,-1032.0,-36.0,-152.0
3206,-1032.0,-36.0,-152.0
3222,-1032.0,-36.0,-152.0
3239,-1068.0,36.0,-128.0
3256,-1068.0,36.0,-128.0
3273,-1068.0,36.0,-128.0
3290,-1068.0,36.0,-128.0
3306,-1068.0,36.0,-128.0
3322,-1068.0,36.0,-128.0
3339,-1076.0,180.0,-148.0
3355,-1076.0,180.0,-148.0
3372,-1076.0,180.0,-148.0
3389,-1076.0,180.0,-148.0
3406,-1076.0,180.0,-148.0
3422,-1076.0,180.0,-148.0
3439,-1048.0,192.0,-128.0
3455,-1048.0,192.0,-128.0
3473,-1048.0,192.0,-128.0
3490,-1048.0,192.0,-128.0
3506,-1048.0,192.0,-128.0
3523,-1048.0,192.0,-128.0
3540,-1008.0,252.0,-84.0
3556,-1008.0,252.0,-84.0
3573,-1008.0,252.0,-84.0
3589,-1008.0,252.0,-84.0
3606,-1008.0,252.0,-84.0
3623,-1008.0,252.0,-84.0
3639,-1016.0,232.0,-56.0
3656,-1016.0,232.0,-56.0
3673,-1016.0,232.0,-56.0
3690,-1016.0,232.0,-56.0
3706,-1016.0,232.0,-56.0
3722,-1016.0,232.0,-56.0
3739,-1016.0,232.0,-56.0
3756,-1024.0,224.0,-68.0
3772,-1024.0,224.0,-68.0
3789,-1024.0,224.0,-68.0
3806,-1024.0,224.0,-68.0
3822,-1024.0,224.0,-68.0
3839,-1024.0,224.0,-68.0
3857,-1012.0,200.0,-124.0
3872,-1012.0,200.0,-124.0
3889,-1012.0,200.0,-124.0
3906,-1012.0,200.0,-124.0
3923,-1012.0,200.0,-124.0
3939,-1012.0,200.0,-124.0
3956,-1032.0,204.0,-144.0
3972,-1032.0,204.0,-144.0
3989,-1032.0,204.0,-144.0
4006,-1032.0,204.0,-144.0
4023,-1032.0,204.0,-144.0
4040,-1032.0,204.0,-144.0
4056,-1028.0,204.0,-196.0
4072,-1028.0,204.0,-196.0
4089,-1028.0,204.0,-196.0
4106,-1028.0,204.0,-196.0
4122,-1028.0,204.0,-196.0
4140,-1028.0,204.0,-196.0
4155,-1028.0,204.0,-196.0
4173,-1036.0,208.0,-208.0
4189,-1036.0,208.0,-208.0
4206,-1036.0,208.0,-208.0
4222,-1036.0,208.0,-208.0
4240,-1036.0,208.0,-208.0
4256,-1036.0,208.0,-208.0
4273,-1032.0,232.0,-240.0
4290,-1032.0,232.0,-240.0
4306,-1032.0,232.0,-240.0
4322,-1032.0,232.0,-240.0
4340,-1032.0,232.0,-240.0
4355,-1032.0,232.0,-240.0
4373,-1040.0,224.0,-280.0
4389,-1040.0,224.0,-280.0
4406,-1040.0,224.0,-280.0
4423,-1040.0,224.0,-280.0
4439,-1040.0,224.0,-280.0
4456,-1040.0,224.0,-280.0
4472,-1032.0,76.0,-224.0
4489,-1032.0,76.0,-224.0
4505,-1032.0,76.0,-224.0
4522,-1032.0,76.0,-224.0
4540,-1032.0,76.0,-224.0
4557,-1032.0,76.0,-224.0
4572,-1072.0,132.0,-212.0
4589,-1072.0,132.0,-212.0
4606,-1072.0,132.0,-212.0
4623,-1072.0,132.0,-212.0
4640,-1072.0,132.0,-212.0
4656,-1072.0,132.0,-212.0
4673,-1072.0,132.0,-212.0
4689,-1028.0,40.0,-196.0
4706,-1028.0,40.0,-196.0
4722,-1028.0,40.0,-196.0
4739,-1028.0,40.0,-196.0
4756,-1028.0,40.0,-196.0
4772,-1028.0,40.0,-196.0
4790,-1044.0,116.0,-168.0
4806,-1044.0,116.0,-168.0
4822,-1044.0,116.0,-168.0
4839,-1044.0,116.0,-168.0
4855,-1044.0,116.0,-168.0
4872,-1044.0,116.0,-168.0
4890,-1008.0,16.0,-164.0
4906,-1008.0,16.0,-164.0
4922,-1008.0,16.0,-164.0
4938,-1008.0,16.0,-164.0
4956,-1008.0,16.0,-164.0
4973,-1008.0,16.0,-164.0
4989,-1036.0,76.0,-196.0
5006,-1036.0,76.0,-196.0
5022,-1036.0,76.0,-196.0
5039,-1036.0,76.0,-196.0
5055,-1036.0,76.0,-196.0
5074,-1036.0,76.0,-196.0
5093,-1060.0,36.0,-252.0
5111,-1060.0,36.0,-252.0
5130,-1060.0,36.0,-252.0
5147,-1060.0,36.0,-252.0
5164,-1060.0,36.0,-252.0
5180,-1060.0,36.0,-252.0
5197,-1052.0,20.0,-268.0
5213,-1052.0,20.0,-268.0
5231,-1052.0,20.0,-268.0
5247,-1052.0,20.0,-268.0
5263,-1052.0,20.0,-268.0
5281,-1052.0,20.0,-268.0
5297,-1052.0,20.0,-268.0
5314,-1052.0,32.0,-292.0
5330,-1052.0,32.0,-292.0
5347,-1052.0,32.0,-292.0
5364,-1052.0,32.0,-292.0
5380,-1052.0,32.0,-292.0
5397,-1052.0,32.0,-292.0
5414,-1056.0,16.0,-284.0
5430,-1056.0,16.0,-284.0
5446,-1056.0,16.0,-284.0
5464,-1056.0,16.0,-284.0
5480,-1056.0,16.0,-284.0
5497,-1056.0,16.0,-284.0
5513,-1012.0,-52.0,-308.0
5530,-1012.0,-52.0,-308.0
5547,-1012.0,-52.0,-308.0
5563,-1012.0,-52.0,-308.0
5581,-1012.0,-52.0,-308.0
5596,-1012.0,-52.0,-308.0
5614,-1084.0,112.0,-284.0
5630,-1084.0,112.0,-284.0
5646,-1084.0,112.0,-284.0
5664,-1084.0,112.0,-284.0
5680,-1084.0,112.0,-284.0
5696,-1084.0,112.0,-284.0
5714,-1056.0,192.0,-316.0
5731,-1056.0,192.0,-316.0
5747,-1056.0,192.0,-316.0
5764,-1056.0,192.0,-316.0
5780,-1056.0,192.0,-316.0
5796,-1056.0,192.0,-316.0
5814,-1056.0,192.0,-316.0
5830,-1068.0,132.0,-84.0
5847,-1068.0,132.0,-84.0
5863,-1068.0,132.0,-84.0
5880,-1068.0,132.0,-84.0
5897,-1068.0,132.0,-84.0
5913,-1068.0,132.0,-84.0
5930,-1036.0,248.0,-184.0
5947,-1036.0,248.0,-184.0
5964,-1036.0,248.0,-184.0
5980,-1036.0,248.0,-184.0
5997,-1036.0,248.0,-184.0
6013,-1036.0,248.0,-184.0
6031,-1048.0,288.0,-180.0
6047,-1048.0,288.0,-180.0
6063,-1048.0,288.0,-180.0
6080,-1048.0,288.0,-180.0
6096,-1048.0,288.0,-180.0
6114,-1048.0,288.0,-180.0
6131,-1020.0,300.0,-216.0
6147,-1020.0,300.0,-216.0
6164,-1020.0,300.0,-216.0
6180,-1020.0,300.0,-216.0
6197,-1020.0,300.0,-216.0
6214,-1020.0,300.0,-216.0
6230,-1020.0,300.0,-216.0
6247,-1020.0,284.0,-148.0
6264,-1020.0,284.0,-148.0
6281,-1020.0,284.0,-148.0
6297,-1020.0,284.0,-148.0
6314,-1020.0,284.0,-148.0
6330,-1020.0,284.0,-148.0
6347,-1004.0,220.0,-192.0
6364,-1004.0,220.0,-192.0
6380,-1004.0,220.0,-192.0
6397,-1004.0,220.0,-192.0
6413,-1004.0,220.0,-192.0
6430,-1004.0,220.0,-192.0
6447,-1004.0,248.0,-196.0
6464,-1004.0,248.0,-196.0
6480,-1004.0,248.0,-196.0
6498,-1004.0,248.0,-196.0
6513,-1004.0,248.0,-196.0
6531,-1004.0,248.0,-196.0
6547,-1020.0,220.0,-196.0
6564,-1020.0,220.0,-196.0
6580,-1020.0,220.0,-196.0
6598,-1020.0,220.0,-196.0
6614,-1020.0,220.0,-196.0
6631,-1020.0,220.0,-196.0
6647,-1012.0,236.0,-200.0
6664,-1012.0,236.0,-200.0
6680,-1012.0,236.0,-200.0
6697,-1012.0,236.0,-200.0
6714,-1012.0,236.0,-200.0
6731,-1012.0,236.0,-200.0
6747,-1012.0,236.0,-200.0
6764,-984.0,212.0,-216.0
6781,-984.0,212.0,-216.0
6797,-984.0,212.0,-216.0
6813,-984.0,212.0,-216.0
6830,-984.0,212.0,-216.0
6847,-984.0,212.0,-216.0
6863,-1012.0,252.0,-264.0
6881,-1012.0,252.0,-264.0
6897,-1012.0,252.0,-264.0
6913,-1012.0,252.0,-264.0
6930,-1012.0,252.0,-264.0
6947,-1012.0,252.0,-264.0
6964,-1000.0,116.0,-236.0
6981,-1000.0,116.0,-236.0
6997,-1000.0,116.0,-236.0
7014,-1000.0,116.0,-236.0
7030,-1000.0,116.0,-236.0
7048,-1000.0,116.0,-236.0
7064,-1032.0,104.0,-240.0
7081,-1032.0,104.0,-240.0
7098,-1032.0,104.0,-240.0
7114,-1032.0,104.0,-240.0
7131,-1032.0,104.0,-240.0
7147,-1032.0,104.0,-240.0
7164,-1052.0,16.0,-284.0
7181,-1052.0,16.0,-284.0
7197,-1052.0,16.0,-284.0
7214,-1052.0,16.0,-284.0
7231,-1052.0,16.0,-284.0
7247,-1052.0,16.0,-284.0
7264,-1052.0,16.0,-284.0
7281,-1036.0,104.0,-260.0
7297,-1036.0,104.0,-260.0
7314,-1036.0,104.0,-260.0
7330,-1036.0,104.0,-260.0
7347,-1036.0,104.0,-260.0
7364,-1036.0,104.0,-260.0
7381,-1032.0,76.0,-188.0
7397,-1032.0,76.0,-188.0
7414,-1032.0,76.0,-188.0
7430,-1032.0,76.0,-188.0
7448,-1032.0,76.0,-188.0
7464,-1032.0,76.0,-188.0
7480,-1012.0,104.0,-192.0
7498,-1012.0,104.0,-192.0
7514,-1012.0,104.0,-192.0
7531,-1012.0,104.0,-192.0
7548,-1012.0,104.0,-192.0
7564,-1012.0,104.0,-192.0
7581,-1020.0,64.0,-184.0
7597,-1020.0,64.0,-184.0
7614,-1020.0,64.0,-184.0
7630,-1020.0,64.0,-184.0
7647,-1020.0,64.0,-184.0
7664,-1020.0,64.0,-184.0
7680,-1020.0,64.0,-184.0
7696,-1048.0,44.0,-208.0
7713,-1048.0,44.0,-208.0
7731,-1048.0,44.0,-208.0
7748,-1048.0,44.0,-208.0
7764,-1048.0,44.0,-208.0
7781,-1048.0,44.0,-208.0
7797,-1064.0,48.0,-268.0
7814,-1064.0,48.0,-268.0
7831,-1064.0,48.0,-268.0
7847,-1064.0,48.0,-268.0
7865,-1064.0,48.0,-268.0
7880,-1064.0,48.0,-268.0
7897,-1056.0,56.0,-268.0
7914,-1056.0,56.0,-268.0
7930,-1056.0,56.0,-268.0
7947,-1056.0,56.0,-268.0
7965,-1056.0,56.0,-268.0
7980,-1056.0,56.0,-268.0
7998,-1056.0,0.0,-288.0
8014,-1056.0,0.0,-288.0
8030,-1056.0,0.0,-288.0
8048,-1056.0,0.0,-288.0
8063,-1056.0,0.0,-288.0
8081,-1056.0,0.0,-288.0
8098,-1008.0,8.0,-296.0
8114,-1008.0,8.0,-296.0
8131,-1008.0,8.0,-296.0
8147,-1008.0,8.0,-296.0
8164,-1008.0,8.0,-296.0
8181,-1008.0,8.0,-296.0
8197,-1008.0,8.0,-296.0
8214,-1012.0,20.0,-312.0
8231,-1012.0,20.0,-312.0
8248,-1012.0,20.0,-312.0
8264,-1012.0,20.0,-312.0
8281,-1012.0,20.0,-312.0
8297,-1012.0,20.0,-312.0
8314,-1168.0,304.0,-288.0
8330,-1168.0,304.0,-288.0
8347,-1168.0,304.0,-288.0
8365,-1168.0,304.0,-288.0
8381,-1168.0,304.0,-288.0
8397,-1168.0,304.0,-288.0
8414,-1128.0,72.0,-172.0
8431,-1128.0,72.0,-172.0
8447,-1128.0,72.0,-172.0
8464,-1128.0,72.0,-172.0
8480,-1128.0,72.0,-172.0
8498,-1128.0,72.0,-172.0
8514,-1008.0,272.0,-140.0
8531,-1008.0,272.0,-140.0
8548,-1008.0,272.0,-140.0
8564,-1008.0,272.0,-140.0
8581,-1008.0,272.0,-140.0
8598,-1008.0,272.0,-140.0
8614,-1008.0,272.0,-140.0
8630,-992.0,296.0,-140.0
8648,-992.0,296.0,-140.0
8664,-992.0,296.0,-140.0
8681,-992.0,296.0,-140.0
8698,-992.0,296.0,-140.0
8714,-992.0,296.0,-140.0
8731,-1012.0,308.0,-148.0
8748,-1012.0,308.0,-148.0
8764,-1012.0,308.0,-148.0
8780,-1012.0,308.0,-148.0
8799,-1012.0,308.0,-148.0
8817,-1012.0,308.0,-148.0
8835,-984.0,276.0,-100.0
8853,-984.0,276.0,-100.0
8871,-984.0,276.0,-100.0
8889,-984.0,276.0,-100.0
8905,-984.0,276.0,-100.0
8922,-984.0,276.0,-100.0
8938,-1000.0,300.0,-144.0
8955,-1000.0,300.0,-144.0
8971,-1000.0,300.0,-144.0
8988,-1000.0,300.0,-144.0
9005,-1000.0,300.0,-144.0
9021,-1000.0,300.0,-144.0
9038,-1024.0,272.0,-204.0
9055,-1024.0,272.0,-204.0
9071,-1024.0,272.0,-204.0
9088,-1024.0,272.0,-204.0
9104,-1024.0,272.0,-204.0
9121,-1024.0,272.0,-204.0
9137,-1032.0,264.0,-200.0
9154,-1032.0,264.0,-200.0
9171,-1032.0,264.0,-200.0
9187,-1032.0,264.0,-200.0
9205,-1032.0,264.0,-200.0
9221,-1032.0,264.0,-200.0
9238,-1032.0,264.0,-200.0
9255,-1012.0,268.0,-248.0
9271,-1012.0,268.0,-248.0
9288,-1012.0,268.0,-248.0
9304,-1012.0,268.0,-248.0
9321,-1012.0,268.0,-248.0
9338,-1012.0,268.0,-248.0
9354,-1012.0,296.0,-260.0
9371,-1012.0,296.0,-260.0
9388,-1012.0,296.0,-260.0
9404,-1012.0,296.0,-260.0
9421,-1012.0,296.0,-260.0
9438,-1012.0,296.0,-260.0
9454,-1012.0,212.0,-236.0
9471,-1012.0,212.0,-236.0
9487,-1012.0,212.0,-236.0
9505,-1012.0,212.0,-236.0
9522,-1012.0,212.0,-236.0
9538,-1012.0,212.0,-236.0
9555,-1088.0,164.0,-328.0
9572,-1088.0,164.0,-328.0
9588,-1088.0,164.0,-328.0
9605,-1088.0,164.0,-328.0
9621,-1088.0,164.0,-328.0
9638,-1088.0,164.0,-328.0
9655,-1036.0,108.0,-264.0
9672,-1036.0,108.0,-264.0
9688,-1036.0,108.0,-264.0
9705,-1036.0,108.0,-264.0
9721,-1036.0,108.0,-264.0
9738,-1036.0,108.0,-264.0
9755,-1036.0,108.0,-264.0
9772,-1024.0,76.0,-280.0
9788,-1024.0,76.0,-280.0
9805,-1024.0,76.0,-280.0
9821,-1024.0,76.0,-280.0
9838,-1024.0,76.0,-280.0
9854,-1024.0,76.0,-280.0
9872,-1068.0,72.0,-192.0
9888,-1068.0,72.0,-192.0
9904,-1068.0,72.0,-192.0
9921,-1068.0,72.0,-192.0
9939,-1068.0,72.0,-192.0
9955,-1068.0,72.0,-192.0
9972,-1064.0,0.0,-184.0
9988,-1064.0,0.0,-184.0
10005,-1064.0,0.0,-184.0
10021,-1064.0,0.0,-184.0
10039,-1064.0,0.0,-184.0
10055,-1064.0,0.0,-184.0
10071,-1044.0,108.0,-184.0
10088,-1044.0,108.0,-184.0
10105,-1044.0,108.0,-184.0
10122,-1044.0,108.0,-184.0
10138,-1044.0,108.0,-184.0
10155,-1044.0,108.0,-184.0
10171,-1016.0,168.0,-120.0
10188,-1016.0,168.0,-120.0
10204,-1016.0,168.0,-120.0
10222,-1016.0,168.0,-120.0
10238,-1016.0,168.0,-120.0
10255,-1016.0,168.0,-120.0
10271,-1016.0,168.0,-120.0
10288,-1012.0,60.0,-88.0
10305,-1012.0,60.0,-88.0
10321,-1012.0,60.0,-88.0
10339,-1012.0,60.0,-88.0
10354,-1012.0,60.0,-88.0
10372,-1012.0,60.0,-88.0
10388,-1072.0,68.0,-104.0
10405,-1072.0,68.0,-104.0
10422,-1072.0,68.0,-104.0
10438,-1072.0,68.0,-104.0
10455,-1072.0,68.0,-104.0
10472,-1072.0,68.0,-104.0
10488,-1044.0,40.0,-116.0
10505,-1044.0,40.0,-116.0
10522,-1044.0,40.0,-116.0
10538,-1044.0,40.0,-116.0
10555,-1044.0,40.0,-116.0
10571,-1044.0,40.0,-116.0
10588,-1040.0,44.0,-152.0
10605,-1040.0,44.0,-152.0
10622,-1040.0,44.0,-152.0
10638,-1040.0,44.0,-152.0
10655,-1040.0,44.0,-152.0
10671,-1040.0,44.0,-152.0
10688,-1040.0,44.0,-152.0
10705,-1044.0,24.0,-156.0
10721,-1044.0,24.0,-156.0
10739,-1044.0,24.0,-156.0
10755,-1044.0,24.0,-156.0
10772,-1044.0,24.0,-156.0
10789,-1044.0,24.0,-156.0
10805,-1056.0,12.0,-184.0
10822,-1056.0,12.0,-184.0
10838,-1056.0,12.0,-184.0
10855,-1056.0,12.0,-184.0
10872,-1056.0,12.0,-184.0
10888,-1056.0,12.0,-184.0
10905,-1024.0,-68.0,-184.0
10922,-1024.0,-68.0,-184.0
10938,-1024.0,-68.0,-184.0
10955,-1024.0,-68.0,-184.0
10972,-1024.0,-68.0,-184.0
10988,-1024.0,-68.0,-184.0
11006,-1048.0,-116.0,-208.0
11021,-1048.0,-116.0,-208.0
11038,-1048.0,-116.0,-208.0
11055,-1048.0,-116.0,-208.0
11072,-1048.0,-116.0,-208.0
11088,-1048.0,-116.0,-208.0
11104,-1036.0,-136.0,-244.0
11122,-1036.0,-136.0,-244.0
11138,-1036.0,-136.0,-244.0
11156,-1036.0,-136.0,-244.0
11172,-1036.0,-136.0,-244.0
11188,-1036.0,-136.0,-244.0
11205,-1036.0,-136.0,-244.0
11222,-1068.0,-112.0,-168.0
11238,-1068.0,-112.0,-168.0
11255,-1068.0,-112.0,-168.0
11271,-1068.0,-112.0,-168.0
11289,-1068.0,-112.0,-168.0
11305,-1068.0,-112.0,-168.0
11322,-1000.0,32.0,-172.0
11338,-1000.0,32.0,-172.0
11355,-1000.0,32.0,-172.0
11372,-1000.0,32.0,-172.0
11388,-1000.0,32.0,-172.0
11405,-1000.0,32.0,-172.0
11422,-1016.0,116.0,-144.0
11438,-1016.0,116.0,-144.0
11455,-1016.0,116.0,-144.0
11471,-1016.0,116.0,-144.0
11488,-1016.0,116.0,-144.0
11505,-1016.0,116.0,-144.0
11522,-1112.0,12.0,-180.0
11538,-1112.0,12.0,-180.0
11554,-1112.0,12.0,-180.0
11572,-1112.0,12.0,-180.0
11588,-1112.0,12.0,-180.0
11605,-1112.0,12.0,-180.0
11622,-1112.0,12.0,-180.0
11638,-1048.0,32.0,-204.0
11655,-1048.0,32.0,-204.0
11672,-1048.0,32.0,-204.0
11688,-1048.0,32.0,-204.0
11705,-1048.0,32.0,-204.0
11722,-1048.0,32.0,-204.0
11739,-1004.0,4.0,-220.0
11755,-1004.0,4.0,-220.0
11772,-1004.0,4.0,-220.0
11788,-1004.0,4.0,-220.0
11805,-1004.0,4.0,-220.0
11822,-1004.0,4.0,-220.0
11838,-948.0,4.0,-252.0
11855,-948.0,4.0,-252.0
11871,-948.0,4.0,-252.0
11888,-948.0,4.0,-252.0
11905,-948.0,4.0,-252.0
11922,-948.0,4.0,-252.0
11939,-1196.0,-28.0,-204.0
11956,-1196.0,-28.0,-204.0
11972,-1196.0,-28.0,-204.0
11988,-1196.0,-28.0,-204.0
12006,-1196.0,-28.0,-204.0
12022,-1196.0,-28.0,-204.0
12039,-996.0,164.0,-180.0
12056,-996.0,164.0,-180.0
12072,-996.0,164.0,-180.0
12089,-996.0,164.0,-180.0
12106,-996.0,164.0,-180.0
12121,-996.0,164.0,-180.0
12139,-996.0,164.0,-180.0
12155,-1104.0,-48.0,-164.0
12172,-1104.0,-48.0,-164.0
12188,-1104.0,-48.0,-164.0
12205,-1104.0,-48.0,-164.0
12221,-1104.0,-48.0,-164.0
12238,-1104.0,-48.0,-164.0
12254,-1108.0,-24.0,-252.0
12271,-1108.0,-24.0,-252.0
12289,-1108.0,-24.0,-252.0
12305,-1108.0,-24.0,-252.0
12322,-1108.0,-24.0,-252.0
12339,-1108.0,-24.0,-252.0
12355,-1000.0,-36.0,-260.0
12372,-1000.0,-36.0,-260.0
12389,-1000.0,-36.0,-260.0
12405,-1000.0,-36.0,-260.0
12422,-1000.0,-36.0,-260.0
12439,-1000.0,-36.0,-260.0
12455,-960.0,-92.0,-320.0
12471,-960.0,-92.0,-320.0
12488,-960.0,-92.0,-320.0
12505,-960.0,-92.0,-320.0
12521,-960.0,-92.0,-320.0
12538,-960.0,-92.0,-320.0
12557,-936.0,-140.0,-524.0
12576,-936.0,-140.0,-524.0
12594,-936.0,-140.0,-524.0
12612,-936.0,-140.0,-524.0
12629,-936.0,-140.0,-524.0
12645,-936.0,-140.0,-524.0
12662,-1028.0,-152.0,-324.0
12679,-1028.0,-152.0,-324.0
12696,-1028.0,-152.0,-324.0
12713,-1028.0,-152.0,-324.0
12729,-1028.0,-152.0,-324.0
12746,-1028.0,-152.0,-324.0
12762,-1028.0,-152.0,-324.0
12779,-1284.0,60.0,-312.0
12796,-1284.0,60.0,-312.0
12812,-1284.0,60.0,-312.0
12829,-1284.0,60.0,-312.0
12846,-1284.0,60.0,-312.0
12862,-1284.0,60.0,-312.0
12879,-964.0,116.0,-204.0
12895,-964.0,116.0,-204.0
12911,-964.0,116.0,-204.0
12929,-964.0,116.0,-204.0
12946,-964.0,116.0,-204.0
12962,-964.0,116.0,-204.0
12979,-1020.0,188.0,-172.0
12995,-1020.0,188.0,-172.0
13012,-1020.0,188.0,-172.0
13029,-1020.0,188.0,-172.0
13045,-1020.0,188.0,-172.0
13062,-1020.0,188.0,-172.0
13078,-1016.0,168.0,-80.0
13095,-1016.0,168.0,-80.0
13111,-1016.0,168.0,-80.0
13129,-1016.0,168.0,-80.0
13145,-1016.0,168.0,-80.0
13162,-1016.0,168.0,-80.0
13179,-956.0,180.0,-80.0
13195,-956.0,180.0,-80.0
13211,-956.0,180.0,-80.0
13228,-956.0,180.0,-80.0
13245,-956.0,180.0,-80.0
13261,-956.0,180.0,-80.0
13279,-956.0,180.0,-80.0
13295,-1040.0,164.0,-132.0
13313,-1040.0,164.0,-132.0
13329,-1040.0,164.0,-132.0
13345,-1040.0,164.0,-132.0
13361,-1040.0,164.0,-132.0
13379,-1040.0,164.0,-132.0
13396,-1000.0,240.0,-128.0
13413,-1000.0,240.0,-128.0
13429,-1000.0,240.0,-128.0
13446,-1000.0,240.0,-128.0
13462,-1000.0,240.0,-128.0
13478,-1000.0,240.0,-128.0
13496,-1032.0,200.0,-116.0
13512,-1032.0,200.0,-116.0
13529,-1032.0,200.0,-116.0
13545,-1032.0,200.0,-116.0
13562,-1032.0,200.0,-116.0
13579,-1032.0,200.0,-116.0
13595,-1048.0,144.0,-136.0
13612,-1048.0,144.0,-136.0
13629,-1048.0,144.0,-136.0
13646,-1048.0,144.0,-136.0
13662,-1048.0,144.0,-136.0
13679,-1048.0,144.0,-136.0
13695,-1048.0,144.0,-136.0
13712,-1056.0,140.0,-156.0
13729,-1056.0,140.0,-156.0
13746,-1056.0,140.0,-156.0
13762,-1056.0,140.0,-156.0
13779,-1056.0,140.0,-156.0
13796,-1056.0,140.0,-156.0
13812,-1052.0,136.0,-168.0
13829,-1052.0,136.0,-168.0
13845,-1052.0,136.0,-168.0
13863,-1052.0,136.0,-168.0
13879,-1052.0,136.0,-168.0
13896,-1052.0,136.0,-168.0
13913,-1048.0,116.0,-148.0
13929,-1048.0,116.0,-148.0
13945,-1048.0,116.0,-148.0
13962,-1048.0,116.0,-148.0
13978,-1048.0,116.0,-148.0
13996,-1048.0,116.0,-148.0
14013,-1048.0,116.0,-160.0
14029,-1048.0,116.0,-160.0
14046,-1048.0,116.0,-160.0
14062,-1048.0,116.0,-160.0
14079,-1048.0,116.0,-160.0
14095,-1048.0,116.0,-160.0
14112,-1044.0,120.0,-120.0
14129,-1044.0,120.0,-120.0
14146,-1044.0,120.0,-120.0
14162,-1044.0,120.0,-120.0
14179,-1044.0,120.0,-120.0
14196,-1044.0,120.0,-120.0
14212,-1044.0,120.0,-120.0
14230,-1052.0,120.0,-124.0
14246,-1052.0,120.0,-124.0
14263,-1052.0,120.0,-124.0
14279,-1052.0,120.0,-124.0
14296,-1052.0,120.0,-124.0
14312,-1052.0,120.0,-124.0
14329,-1048.0,124.0,-92.0
14346,-1048.0,124.0,-92.0
14362,-1048.0,124.0,-92.0
14379,-1048.0,124.0,-92.0
14396,-1048.0,124.0,-92.0
14412,-1048.0,124.0,-92.0
14429,-1052.0,144.0,-72.0
14446,-1052.0,144.0,-72.0
14462,-1052.0,144.0,-72.0
14479,-1052.0,144.0,-72.0
14495,-1052.0,144.0,-72.0
14513,-1052.0,144.0,-72.0
14528,-1036.0,168.0,-76.0
14545,-1036.0,168.0,-76.0
14562,-1036.0,168.0,-76.0
14580,-1036.0,168.0,-76.0
14596,-1036.0,168.0,-76.0
14613,-1036.0,168.0,-76.0
14629,-1028.0,144.0,-72.0
14646,-1028.0,144.0,-72.0
14662,-1028.0,144.0,-72.0
14679,-1028.0,144.0,-72.0
14696,-1028.0,144.0,-72.0
14713,-1028.0,144.0,-72.0
14730,-1028.0,144.0,-72.0
14746,-1052.0,152.0,-52.0
14763,-1052.0,152.0,-52.0
14779,-1052.0,152.0,-52.0
14795,-1052.0,152.0,-52.0
14812,-1052.0,152.0,-52.0
14829,-1052.0,152.0,-52.0
14846,-1016.0,212.0,-128.0
14863,-1016.0,212.0,-128.0
14880,-1016.0,212.0,-128.0
14897,-1016.0,212.0,-128.0
14912,-1016.0,212.0,-128.0
14929,-1016.0,212.0,-128.0
14945,-1032.0,248.0,-100.0
14963,-1032.0,248.0,-100.0
14980,-1032.0,248.0,-100.0
14996,-1032.0,248.0,-100.0
15013,-1032.0,248.0,-100.0
15029,-1032.0,248.0,-100.0
15046,-1036.0,108.0,-88.0
15063,-1036.0,108.0,-88.0
15079,-1036.0,108.0,-88.0
15096,-1036.0,108.0,-88.0
15113,-1036.0,108.0,-88.0
15130,-1036.0,108.0,-88.0
15146,-1036.0,108.0,-88.0
15163,-1012.0,60.0,-116.0
15179,-1012.0,60.0,-116.0
15196,-1012.0,60.0,-116.0
15212,-1012.0,60.0,-116.0
15229,-1012.0,60.0,-116.0
15246,-1012.0,60.0,-116.0
15263,-1056.0,96.0,-76.0
15278,-1056.0,96.0,-76.0
15297,-1056.0,96.0,-76.0
15313,-1056.0,96.0,-76.0
15329,-1056.0,96.0,-76.0
15346,-1056.0,96.0,-76.0
15363,-1112.0,136.0,-8.0
15380,-1112.0,136.0,-8.0
15396,-1112.0,136.0,-8.0
15413,-1112.0,136.0,-8.0
15429,-1112.0,136.0,-8.0
15445,-1112.0,136.0,-8.0
15463,-1072.0,176.0,-356.0
15480,-1072.0,176.0,-356.0
15496,-1072.0,176.0,-356.0
15513,-1072.0,176.0,-356.0
15529,-1072.0,176.0,-356.0
15546,-1072.0,176.0,-356.0
15562,-952.0,136.0,-344.0
15580,-952.0,136.0,-344.0
15595,-952.0,136.0,-344.0
15613,-952.0,136.0,-344.0
15630,-952.0,136.0,-344.0
15646,-952.0,136.0,-344.0
15663,-952.0,136.0,-344.0
15679,-904.0,0.0,-288.0
15696,-904.0,0.0,-288.0
15713,-904.0,0.0,-288.0
15728,-904.0,0.0,-288.0
15747,-904.0,0.0,-288.0
15763,-904.0,0.0,-288.0
15780,-1044.0,124.0,-248.0
15796,-1044.0,124.0,-248.0
15813,-1044.0,124.0,-248.0
15830,-1044.0,124.0,-248.0
15846,-1044.0,124.0,-248.0
15863,-1044.0,124.0,-248.0
15879,-1132.0,72.0,-200.0
15897,-1132.0,72.0,-200.0
15913,-1132.0,72.0,-200.0
15929,-1132.0,72.0,-200.0
15946,-1132.0,72.0,-200.0
15963,-1132.0,72.0,-200.0
15980,-1052.0,0.0,-204.0
15996,-1052.0,0.0,-204.0
16012,-1052.0,0.0,-204.0
16030,-1052.0,0.0,-204.0
16047,-1052.0,0.0,-204.0
16063,-1052.0,0.0,-204.0
16079,-1048.0,-32.0,-168.0
16095,-1048.0,-32.0,-168.0
16113,-1048.0,-32.0,-168.0
16129,-1048.0,-32.0,-168.0
16147,-1048.0,-32.0,-168.0
16170,-1048.0,-32.0,-168.0
16188,-1012.0,-24.0,-188.0
16204,-1012.0,-24.0,-188.0
16221,-1012.0,-24.0,-188.0
16237,-1012.0,-24.0,-188.0
16254,-1012.0,-24.0,-188.0
16271,-1012.0,-24.0,-188.0
16287,-1040.0,-32.0,-144.0
16304,-1040.0,-32.0,-144.0
16320,-1040.0,-32.0,-144.0
16337,-1040.0,-32.0,-144.0
16354,-1040.0,-32.0,-144.0
16370,-1040.0,-32.0,-144.0
16387,-1040.0,-32.0,-144.0
16404,-1040.0,-48.0,-172.0
16420,-1040.0,-48.0,-172.0
16437,-1040.0,-48.0,-172.0
16453,-1040.0,-48.0,-172.0
16471,-1040.0,-48.0,-172.0
16487,-1040.0,-48.0,-172.0
16503,-1084.0,-16.0,-196.0
16520,-1084.0,-16.0,-196.0
16537,-1084.0,-16.0,-196.0
16553,-1084.0,-16.0,-196.0
16570,-1084.0,-16.0,-196.0
16586,-1084.0,-16.0,-196.0
16604,-1136.0,92.0,-144.0
16621,-1136.0,92.0,-144.0
16637,-1136.0,92.0,-144.0
16653,-1136.0,92.0,-144.0
16670,-1136.0,92.0,-144.0
16687,-1136.0,92.0,-144.0
16703,-984.0,152.0,-48.0
16721,-984.0,152.0,-48.0
16737,-984.0,152.0,-48.0
16754,-984.0,152.0,-48.0
16771,-984.0,152.0,-48.0
16787,-984.0,152.0,-48.0
16804,-984.0,152.0,-48.0
16821,-1076.0,164.0,-116.0
16838,-1076.0,164.0,-116.0
16854,-1076.0,164.0,-116.0
16871,-1076.0,164.0,-116.0
16888,-1076.0,164.0,-116.0
16904,-1076.0,164.0,-116.0
16921,-1052.0,224.0,-112.0
16937,-1052.0,224.0,-112.0
16954,-1052.0,224.0,-112.0
16970,-1052.0,224.0,-112.0
16987,-1052.0,224.0,-112.0
17003,-1052.0,224.0,-112.0
17021,-1020.0,200.0,-76.0
17038,-1020.0,200.0,-76.0
17054,-1020.0,200.0,-76.0
17070,-1020.0,200.0,-76.0
17087,-1020.0,200.0,-76.0
17104,-1020.0,200.0,-76.0
17121,-1032.0,196.0,-132.0
17137,-1032.0,196.0,-132.0
17154,-1032.0,196.0,-132.0
17170,-1032.0,196.0,-132.0
17187,-1032.0,196.0,-132.0
17204,-1032.0,196.0,-132.0
17221,-1008.0,176.0,-144.0
17238,-1008.0,176.0,-144.0
17254,-1008.0,176.0,-144.0
17271,-1008.0,176.0,-144.0
17287,-1008.0,176.0,-144.0
17304,-1008.0,176.0,-144.0
17320,-1008.0,176.0,-144.0
17337,-1044.0,164.0,-152.0
17354,-1044.0,164.0,-152.0
17370,-1044.0,164.0,-152.0
17387,-1044.0,164.0,-152.0
17404,-1044.0,164.0,-152.0
17420,-1044.0,164.0,-152.0
17437,-1040.0,160.0,-156.0
17454,-1040.0,160.0,-156.0
17471,-1040.0,160.0,-156.0
17487,-1040.0,160.0,-156.0
17504,-1040.0,160.0,-156.0
17521,-1040.0,160.0,-156.0
17537,-1056.0,124.0,-156.0
17554,-1056.0,124.0,-156.0
17571,-1056.0,124.0,-156.0
17588,-1056.0,124.0,-156.0
17604,-1056.0,124.0,-156.0
17621,-1056.0,124.0,-156.0
17638,-1076.0,88.0,-176.0
17654,-1076.0,88.0,-176.0
17671,-1076.0,88.0,-176.0
17688,-1076.0,88.0,-176.0
17705,-1076.0,88.0,-176.0
17721,-1076.0,88.0,-176.0
17738,-1076.0,88.0,-176.0
17754,-1088.0,116.0,-168.0
17771,-1088.0,116.0,-168.0
17788,-1088.0,116.0,-168.0
17804,-1088.0,116.0,-168.0
17821,-1088.0,116.0,-168.0
17837,-1088.0,116.0,-168.0
17854,-1076.0,92.0,-188.0
17871,-1076.0,92.0,-188.0
17888,-1076.0,92.0,-188.0
17904,-1076.0,92.0,-188.0
17921,-1076.0,92.0,-188.0
17937,-1076.0,92.0,-188.0
17955,-1056.0,88.0,-168.0
17971,-1056.0,88.0,-168.0
17988,-1056.0,88.0,-168.0
18005,-1056.0,88.0,-168.0
18021,-1056.0,88.0,-168.0
18038,-1056.0,88.0,-168.0
18054,-1032.0,80.0,-132.0
18071,-1032.0,80.0,-132.0
18088,-1032.0,80.0,-132.0
18104,-1032.0,80.0,-132.0
18121,-1032.0,80.0,-132.0
18137,-1032.0,80.0,-132.0
18155,-1044.0,76.0,-116.0
18171,-1044.0,76.0,-116.0
18188,-1044.0,76.0,-116.0
18204,-1044.0,76.0,-116.0
18221,-1044.0,76.0,-116.0
18238,-1044.0,76.0,-116.0
18254,-1044.0,76.0,-116.0
18271,-1048.0,84.0,-116.0
18287,-1048.0,84.0,-116.0
18304,-1048.0,84.0,-116.0
18321,-1048.0,84.0,-116.0
18337,-1048.0,84.0,-116.0
18355,-1048.0,84.0,-116.0
18371,-1068.0,80.0,-128.0
18387,-1068.0,80.0,-128.0
18404,-1068.0,80.0,-128.0
18420,-1068.0,80.0,-128.0
18437,-1068.0,80.0,-128.0
18455,-1068.0,80.0,-128.0
18471,-1020.0,112.0,-100.0
18487,-1020.0,112.0,-100.0
18504,-1020.0,112.0,-100.0
18521,-1020.0,112.0,-100.0
18538,-1020.0,112.0,-100.0
18554,-1020.0,112.0,-100.0
18571,-1028.0,128.0,-120.0
18588,-1028.0,128.0,-120.0
18604,-1028.0,128.0,-120.0
18622,-1028.0,128.0,-120.0
18637,-1028.0,128.0,-120.0
18654,-1028.0,128.0,-120.0
18671,-1028.0,128.0,-120.0
18688,-1044.0,148.0,-164.0
18704,-1044.0,148.0,-164.0
18721,-1044.0,148.0,-164.0
18738,-1044.0,148.0,-164.0
18755,-1044.0,148.0,-164.0
18771,-1044.0,148.0,-164.0
18787,-1028.0,192.0,-184.0
18804,-1028.0,192.0,-184.0
18820,-1028.0,192.0,-184.0
18838,-1028.0,192.0,-184.0
18854,-1028.0,192.0,-184.0
18872,-1028.0,192.0,-184.0
18888,-1028.0,104.0,-152.0
18904,-1028.0,104.0,-152.0
18922,-1028.0,104.0,-152.0
18937,-1028.0,104.0,-152.0
18955,-1028.0,104.0,-152.0
18970,-1028.0,104.0,-152.0
18988,-1036.0,84.0,-132.0
19004,-1036.0,84.0,-132.0
19021,-1036.0,84.0,-132.0
19039,-1036.0,84.0,-132.0
19055,-1036.0,84.0,-132.0
19071,-1036.0,84.0,-132.0
19088,-1140.0,64.0,-248.0
19104,-1140.0,64.0,-248.0
19120,-1140.0,64.0,-248.0
19137,-1140.0,64.0,-248.0
19154,-1140.0,64.0,-248.0
19171,-1140.0,64.0,-248.0
19188,-1140.0,64.0,-248.0
19204,-1024.0,240.0,-168.0
19221,-1024.0,240.0,-168.0
19238,-1024.0,240.0,-168.0
19255,-1024.0,240.0,-168.0
19272,-1024.0,240.0,-168.0
19287,-1024.0,240.0,-168.0
19305,-992.0,204.0,-144.0
19322,-992.0,204.0,-144.0
19338,-992.0,204.0,-144.0
19355,-992.0,204.0,-144.0
19372,-992.0,204.0,-144.0
19388,-992.0,204.0,-144.0
19405,-1048.0,152.0,-140.0
19421,-1048.0,152.0,-140.0
19438,-1048.0,152.0,-140.0
19455,-1048.0,152.0,-140.0
19471,-1048.0,152.0,-140.0
19488,-1048.0,152.0,-140.0
19505,-1024.0,96.0,-112.0
19522,-1024.0,96.0,-112.0
19537,-1024.0,96.0,-112.0
19555,-1024.0,96.0,-112.0
19571,-1024.0,96.0,-112.0
19588,-1024.0,96.0,-112.0
19605,-1100.0,180.0,-148.0
19621,-1100.0,180.0,-148.0
19637,-1100.0,180.0,-148.0
19655,-1100.0,180.0,-148.0
19672,-1100.0,180.0,-148.0
19689,-1100.0,180.0,-148.0
19704,-1100.0,180.0,-148.0
19721,-1128.0,72.0,-312.0
19738,-1128.0,72.0,-312.0
19754,-1128.0,72.0,-312.0
19772,-1128.0,72.0,-312.0
19791,-1128.0,72.0,-312.0
19809,-1128.0,72.0,-312.0
19828,-1136.0,80.0,-300.0
19845,-1136.0,80.0,-300.0
19862,-1136.0,80.0,-300.0
19879,-1136.0,80.0,-300.0
19895,-1136.0,80.0,-300.0
19912,-1136.0,80.0,-300.0
19929,-1032.0,4.0,-324.0
19945,-1032.0,4.0,-324.0
19962,-1032.0,4.0,-324.0
19979,-1032.0,4.0,-324.0
19994,-1032.0,4.0,-324.0
20012,-1032.0,4.0,-324.0
20028,-1028.0,148.0,-300.0
20045,-1028.0,148.0,-300.0
20062,-1028.0,148.0,-300.0
20078,-1028.0,148.0,-300.0
20096,-1028.0,148.0,-300.0
20111,-1028.0,148.0,-300.0
20128,-1032.0,80.0,-268.0
20145,-1032.0,80.0,-268.0
20161,-1032.0,80.0,-268.0
20178,-1032.0,80.0,-268.0
20195,-1032.0,80.0,-268.0
20211,-1032.0,80.0,-268.0
20228,-1028.0,4.0,-260.0
20245,-1028.0,4.0,-260.0
20262,-1028.0,4.0,-260.0
20278,-1028.0,4.0,-260.0
20295,-1028.0,4.0,-260.0
20312,-1028.0,4.0,-260.0
20328,-1028.0,4.0,-260.0
20345,-1024.0,0.0,-160.0
20362,-1024.0,0.0,-160.0
20378,-1024.0,0.0,-160.0
20395,-1024.0,0.0,-160.0
20411,-1024.0,0.0,-160.0
20428,-1024.0,0.0,-160.0
20444,-808.0,-20.0,64.0
20462,-808.0,-20.0,64.0
20479,-808.0,-20.0,64.0
20496,-808.0,-20.0,64.0
20512,-808.0,-20.0,64.0
20528,-808.0,-20.0,64.0
20545,-1048.0,12.0,-180.0
20562,-1048.0,12.0,-180.0
20578,-1048.0,12.0,-180.0
20595,-1048.0,12.0,-180.0
20612,-1048.0,12.0,-180.0
20629,-1048.0,12.0,-180.0
20646,-1020.0,-32.0,-280.0
20662,-1020.0,-32.0,-280.0
20679,-1020.0,-32.0,-280.0
20695,-1020.0,-32.0,-280.0
20712,-1020.0,-32.0,-280.0
20728,-1020.0,-32.0,-280.0
20746,-1048.0,-56.0,-316.0
20762,-1048.0,-56.0,-316.0
20778,-1048.0,-56.0,-316.0
20795,-1048.0,-56.0,-316.0
20812,-1048.0,-56.0,-316.0
20828,-1048.0,-56.0,-316.0
20845,-1048.0,-56.0,-316.0
20862,-1088.0,112.0,-308.0
20879,-1088.0,112.0,-308.0
20896,-1088.0,112.0,-308.0
20912,-1088.0,112.0,-308.0
20929,-1088.0,112.0,-308.0
20945,-1088.0,112.0,-308.0
20962,-1060.0,128.0,-236.0
20979,-1060.0,128.0,-236.0
20996,-1060.0,128.0,-236.0
21012,-1060.0,128.0,-236.0
21028,-1060.0,128.0,-236.0
21045,-1060.0,128.0,-236.0
21063,-1036.0,132.0,-212.0
21078,-1036.0,132.0,-212.0
21095,-1036.0,132.0,-212.0
21112,-1036.0,132.0,-212.0
21129,-1036.0,132.0,-212.0
21145,-1036.0,132.0,-212.0
21162,-1032.0,156.0,-248.0
21178,-1032.0,156.0,-248.0
21195,-1032.0,156.0,-248.0
21213,-1032.0,156.0,-248.0
21229,-1032.0,156.0,-248.0
21245,-1032.0,156.0,-248.0
21262,-1032.0,156.0,-248.0
21279,-1000.0,92.0,-236.0
21295,-1000.0,92.0,-236.0
21313,-1000.0,92.0,-236.0
21329,-1000.0,92.0,-236.0
21346,-1000.0,92.0,-236.0
21362,-1000.0,92.0,-236.0
21379,-1084.0,52.0,-252.0
21395,-1084.0,52.0,-252.0
21412,-1084.0,52.0,-252.0
21429,-1084.0,52.0,-252.0
21445,-1084.0,52.0,-252.0
21462,-1084.0,52.0,-252.0
21479,-1068.0,28.0,-352.0
21496,-1068.0,28.0,-352.0
21512,-1068.0,28.0,-352.0
21529,-1068.0,28.0,-352.0
21546,-1068.0,28.0,-352.0
21562,-1068.0,28.0,-352.0
21579,-1040.0,68.0,-352.0
21595,-1040.0,68.0,-352.0
21612,-1040.0,68.0,-352.0
21629,-1040.0,68.0,-352.0
21645,-1040.0,68.0,-352.0
21662,-1040.0,68.0,-352.0
21679,-908.0,68.0,24.0
21695,-908.0,68.0,24.0
21713,-908.0,68.0,24.0
21729,-908.0,68.0,24.0
21746,-908.0,68.0,24.0
21762,-908.0,68.0,24.0
21778,-908.0,68.0,24.0
21795,-1004.0,92.0,-360.0
21813,-1004.0,92.0,-360.0
21829,-1004.0,92.0,-360.0
21846,-1004.0,92.0,-360.0
21862,-1004.0,92.0,-360.0
21879,-1004.0,92.0,-360.0
21895,-1064.0,56.0,-324.0
21913,-1064.0,56.0,-324.0
21929,-1064.0,56.0,-324.0
21945,-1064.0,56.0,-324.0
21963,-1064.0,56.0,-324.0
21979,-1064.0,56.0,-324.0
21996,-1084.0,84.0,-320.0
22012,-1084.0,84.0,-320.0
22028,-1084.0,84.0,-320.0
22046,-1084.0,84.0,-320.0
22063,-1084.0,84.0,-320.0
22079,-1084.0,84.0,-320.0
22096,-1020.0,48.0,-132.0
22112,-1020.0,48.0,-132.0
22128,-1020.0,48.0,-132.0
22145,-1020.0,48.0,-132.0
22162,-1020.0,48.0,-132.0
22179,-1020.0,48.0,-132.0
22196,-1148.0,124.0,-112.0
22212,-1148.0,124.0,-112.0
22229,-1148.0,124.0,-112.0
22246,-1148.0,124.0,-112.0
22262,-1148.0,124.0,-112.0
22279,-1148.0,124.0,-112.0
22296,-1148.0,124.0,-112.0
22312,-988.0,92.0,-168.0
22329,-988.0,92.0,-168.0
22346,-988.0,92.0,-168.0
22362,-988.0,92.0,-168.0
22379,-988.0,92.0,-168.0
22396,-988.0,92.0,-168.0
22412,-1080.0,100.0,-304.0
22429,-1080.0,100.0,-304.0
22445,-1080.0,100.0,-304.0
22461,-1080.0,100.0,-304.0
22478,-1080.0,100.0,-304.0
22496,-1080.0,100.0,-304.0
22512,-992.0,4.0,-268.0
22528,-992.0,4.0,-268.0
22545,-992.0,4.0,-268.0
22562,-992.0,4.0,-268.0
22579,-992.0,4.0,-268.0
22596,-992.0,4.0,-268.0
22611,-1048.0,8.0,-276.0
22629,-1048.0,8.0,-276.0
22646,-1048.0,8.0,-276.0
22663,-1048.0,8.0,-276.0
22679,-1048.0,8.0,-276.0
22695,-1048.0,8.0,-276.0
22712,-1048.0,8.0,-276.0
22729,-1012.0,4.0,-316.0
22746,-1012.0,4.0,-316.0
22762,-1012.0,4.0,-316.0
22779,-1012.0,4.0,-316.0
22796,-1012.0,4.0,-316.0
22812,-1012.0,4.0,-316.0
22829,-976.0,-80.0,-392.0
22846,-976.0,-80.0,-392.0
22862,-976.0,-80.0,-392.0
22880,-976.0,-80.0,-392.0
22896,-976.0,-80.0,-392.0
22913,-976.0,-80.0,-392.0
22930,-1212.0,272.0,-376.0
22946,-1212.0,272.0,-376.0
22962,-1212.0,272.0,-376.0
22979,-1212.0,272.0,-376.0
22996,-1212.0,272.0,-376.0
23013,-1212.0,272.0,-376.0
23030,-1024.0,20.0,-316.0
23046,-1024.0,20.0,-316.0
23063,-1024.0,20.0,-316.0
23078,-1024.0,20.0,-316.0
23096,-1024.0,20.0,-316.0
23113,-1024.0,20.0,-316.0
23128,-1024.0,20.0,-316.0
23145,-1248.0,192.0,-284.0
23162,-1248.0,192.0,-284.0
23179,-1248.0,192.0,-284.0
23196,-1248.0,192.0,-284.0
23212,-1248.0,192.0,-284.0
23230,-1248.0,192.0,-284.0
23247,-976.0,-36.0,-220.0
23262,-976.0,-36.0,-220.0
23279,-976.0,-36.0,-220.0
23296,-976.0,-36.0,-220.0
23313,-976.0,-36.0,-220.0
23330,-976.0,-36.0,-220.0
23346,-1012.0,124.0,-252.0
23362,-1012.0,124.0,-252.0
23379,-1012.0,124.0,-252.0
23396,-1012.0,124.0,-252.0
23413,-1012.0,124.0,-252.0
23429,-1012.0,124.0,-252.0
23446,-1096.0,44.0,-244.0
23462,-1096.0,44.0,-244.0
23479,-1096.0,44.0,-244.0
23497,-1096.0,44.0,-244.0
23515,-1096.0,44.0,-244.0
23534,-1096.0,44.0,-244.0
23552,-1024.0,152.0,-280.0
23570,-1024.0,152.0,-280.0
23586,-1024.0,152.0,-280.0
23603,-1024.0,152.0,-280.0
23620,-1024.0,152.0,-280.0
