MILLIS,X,Y,Z
1351,-1068.0,-64.0,312.0
1467,-924.0,16.0,316.0
1486,-856.0,-112.0,468.0
1502,-856.0,-112.0,468.0
1520,-856.0,-112.0,468.0
1537,-856.0,-112.0,468.0
1555,-856.0,-112.0,468.0
1572,-856.0,-112.0,468.0
1588,-836.0,-304.0,528.0
1605,-836.0,-304.0,528.0
1622,-836.0,-304.0,528.0
1639,-836.0,-304.0,528.0
1656,-836.0,-304.0,528.0
1672,-836.0,-304.0,528.0
1688,-804.0,-312.0,540.0
1706,-804.0,-312.0,540.0
1722,-804.0,-312.0,540.0
1739,-804.0,-312.0,540.0
1755,-804.0,-312.0,540.0
1772,-804.0,-312.0,540.0
1789,-684.0,-372.0,576.0
1805,-684.0,-372.0,576.0
1821,-684.0,-372.0,576.0
1839,-684.0,-372.0,576.0
1855,-684.0,-372.0,576.0
1871,-684.0,-372.0,576.0
1888,-740.0,-372.0,620.0
1905,-740.0,-372.0,620.0
1921,-740.0,-372.0,620.0
1938,-740.0,-372.0,620.0
1955,-740.0,-372.0,620.0
1972,-740.0,-372.0,620.0
1988,-696.0,-372.0,632.0
2005,-696.0,-372.0,632.0
2021,-696.0,-372.0,632.0
2038,-696.0,-372.0,632.0
2055,-696.0,-372.0,632.0
2071,-696.0,-372.0,632.0
2088,-696.0,-372.0,632.0
2104,-736.0,-380.0,576.0
2121,-736.0,-380.0,576.0
2138,-736.0,-380.0,576.0
2155,-736.0,-380.0,576.0
2171,-736.0,-380.0,576.0
2189,-736.0,-380.0,576.0
2205,-788.0,-312.0,528.0
2222,-788.0,-312.0,528.0
2239,-788.0,-312.0,528.0
2255,-788.0,-312.0,528.0
2272,-788.0,-312.0,528.0
2288,-788.0,-312.0,528.0
2305,-892.0,-256.0,464.0
2321,-892.0,-256.0,464.0
2338,-892.0,-256.0,464.0
2355,-892.0,-256.0,464.0
2371,-892.0,-256.0,464.0
2389,-892.0,-256.0,464.0
2405,-976.0,-188.0,404.0
2421,-976.0,-188.0,404.0
2438,-976.0,-188.0,404.0
2455,-976.0,-188.0,404.0
2471,-976.0,-188.0,404.0
2489,-976.0,-188.0,404.0
2505,-976.0,-188.0,404.0
2522,-1044.0,-120.0,340.0
2538,-1044.0,-120.0,340.0
2554,-1044.0,-120.0,340.0
2572,-1044.0,-120.0,340.0
2588,-1044.0,-120.0,340.0
2605,-1044.0,-120.0,340.0
2622,-1028.0,-108.0,300.0
2639,-1028.0,-108.0,300.0
2656,-1028.0,-108.0,300.0
2672,-1028.0,-108.0,300.0
2688,-1028.0,-108.0,300.0
2705,-1028.0,-108.0,300.0
2722,-960.0,-4.0,332.0
2738,-960.0,-4.0,332.0
2756,-960.0,-4.0,332.0
2771,-960.0,-4.0,332.0
2789,-960.0,-4.0,332.0
2805,-960.0,-4.0,332.0
2822,-964.0,-12.0,376.0
2838,-964.0,-12.0,376.0
2855,-964.0,-12.0,376.0
2871,-964.0,-12.0,376.0
2889,-964.0,-12.0,376.0
2905,-964.0,-12.0,376.0
2922,-888.0,-4.0,424.0
2938,-888.0,-4.0,424.0
2955,-888.0,-4.0,424.0
2972,-888.0,-4.0,424.0
2989,-888.0,-4.0,424.0
3005,-888.0,-4.0,424.0
3022,-888.0,-4.0,424.0
3039,-880.0,-220.0,496.0
3055,-880.0,-220.0,496.0
3071,-880.0,-220.0,496.0
3089,-880.0,-220.0,496.0
3106,-880.0,-220.0,496.0
3122,-880.0,-220.0,496.0
3138,-796.0,-372.0,556.0
3155,-796.0,-372.0,556.0
3171,-796.0,-372.0,556.0
3188,-796.0,-372.0,556.0
3204,-796.0,-372.0,556.0
3221,-796.0,-372.0,556.0
3239,-752.0,-384.0,524.0
3255,-752.0,-384.0,524.0
3272,-752.0,-384.0,524.0
3288,-752.0,-384.0,524.0
3304,-752.0,-384.0,524.0
3321,-752.0,-384.0,524.0
3338,-756.0,-380.0,564.0
3355,-756.0,-380.0,564.0
3372,-756.0,-380.0,564.0
3388,-756.0,-380.0,564.0
3405,-756.0,-380.0,564.0
3421,-756.0,-380.0,564.0
3439,-752.0,-320.0,600.0
3455,-752.0,-320.0,600.0
3472,-752.0,-320.0,600.0
3489,-752.0,-320.0,600.0
3505,-752.0,-320.0,600.0
3521,-752.0,-320.0,600.0
3538,-752.0,-320.0,600.0
3555,-764.0,-344.0,568.0
3572,-764.0,-344.0,568.0
3588,-764.0,-344.0,568.0
3605,-764.0,-344.0,568.0
3622,-764.0,-344.0,568.0
3638,-764.0,-344.0,568.0
3655,-820.0,-292.0,496.0
3672,-820.0,-292.0,496.0
3688,-820.0,-292.0,496.0
3705,-820.0,-292.0,496.0
3721,-820.0,-292.0,496.0
3739,-820.0,-292.0,496.0
3755,-944.0,-240.0,432.0
3772,-944.0,-240.0,432.0
3789,-944.0,-240.0,432.0
3806,-944.0,-240.0,432.0
3822,-944.0,-240.0,432.0
3838,-944.0,-240.0,432.0
3855,-1032.0,-100.0,348.0
3872,-1032.0,-100.0,348.0
3889,-1032.0,-100.0,348.0
3906,-1032.0,-100.0,348.0
3921,-1032.0,-100.0,348.0
3939,-1032.0,-100.0,348.0
3955,-1032.0,-100.0,348.0
3972,-1008.0,-120.0,332.0
3989,-1008.0,-120.0,332.0
4006,-1008.0,-120.0,332.0
4021,-1008.0,-120.0,332.0
4039,-1008.0,-120.0,332.0
4055,-1008.0,-120.0,332.0
4071,-968.0,-96.0,328.0
4088,-968.0,-96.0,328.0
4105,-968.0,-96.0,328.0
4121,-968.0,-96.0,328.0
4138,-968.0,-96.0,328.0
4155,-968.0,-96.0,328.0
4172,-976.0,-68.0,360.0
4188,-976.0,-68.0,360.0
4206,-976.0,-68.0,360.0
4221,-976.0,-68.0,360.0
4238,-976.0,-68.0,360.0
4256,-976.0,-68.0,360.0
4272,-880.0,-92.0,372.0
4288,-880.0,-92.0,372.0
4305,-880.0,-92.0,372.0
4321,-880.0,-92.0,372.0
4339,-880.0,-92.0,372.0
4355,-880.0,-92.0,372.0
4372,-880.0,-276.0,492.0
4388,-880.0,-276.0,492.0
4404,-880.0,-276.0,492.0
4422,-880.0,-276.0,492.0
4438,-880.0,-276.0,492.0
4455,-880.0,-276.0,492.0
4472,-880.0,-276.0,492.0
4488,-844.0,-312.0,532.0
4505,-844.0,-312.0,532.0
4522,-844.0,-312.0,532.0
4539,-844.0,-312.0,532.0
4555,-844.0,-312.0,532.0
4572,-844.0,-312.0,532.0
4588,-768.0,-276.0,504.0
4606,-768.0,-276.0,504.0
4621,-768.0,-276.0,504.0
4638,-768.0,-276.0,504.0
4655,-768.0,-276.0,504.0
4672,-768.0,-276.0,504.0
4688,-832.0,-328.0,552.0
4705,-832.0,-328.0,552.0
4722,-832.0,-328.0,552.0
4738,-832.0,-328.0,552.0
4755,-832.0,-328.0,552.0
4772,-832.0,-328.0,552.0
4788,-740.0,-364.0,596.0
4806,-740.0,-364.0,596.0
4821,-740.0,-364.0,596.0
4838,-740.0,-364.0,596.0
4855,-740.0,-364.0,596.0
4872,-740.0,-364.0,596.0
4888,-740.0,-364.0,596.0
4905,-692.0,-376.0,668.0
4921,-692.0,-376.0,668.0
4938,-692.0,-376.0,668.0
4954,-692.0,-376.0,668.0
4972,-692.0,-376.0,668.0
4988,-692.0,-376.0,668.0
5005,-660.0,-344.0,656.0
5022,-660.0,-344.0,656.0
5038,-660.0,-344.0,656.0
5055,-660.0,-344.0,656.0
5071,-660.0,-344.0,656.0
5090,-660.0,-344.0,656.0
5108,-716.0,-324.0,628.0
5127,-716.0,-324.0,628.0
5145,-716.0,-324.0,628.0
5162,-716.0,-324.0,628.0
5179,-716.0,-324.0,628.0
5196,-716.0,-324.0,628.0
5213,-756.0,-312.0,556.0
5229,-756.0,-312.0,556.0
5245,-756.0,-312.0,556.0
5263,-756.0,-312.0,556.0
5279,-756.0,-312.0,556.0
5296,-756.0,-312.0,556.0
5313,-796.0,-280.0,508.0
5329,-796.0,-280.0,508.0
5346,-796.0,-280.0,508.0
5363,-796.0,-280.0,508.0
5379,-796.0,-280.0,508.0
5396,-796.0,-280.0,508.0
5413,-908.0,-260.0,452.0
5429,-908.0,-260.0,452.0
5446,-908.0,-260.0,452.0
5462,-908.0,-260.0,452.0
5479,-908.0,-260.0,452.0
5496,-908.0,-260.0,452.0
5513,-988.0,-180.0,424.0
5529,-988.0,-180.0,424.0
5546,-988.0,-180.0,424.0
5562,-988.0,-180.0,424.0
5579,-988.0,-180.0,424.0
5596,-988.0,-180.0,424.0
5612,-988.0,-180.0,424.0
5629,-1088.0,-148.0,416.0
5645,-1088.0,-148.0,416.0
5662,-1088.0,-148.0,416.0
5679,-1088.0,-148.0,416.0
5695,-1088.0,-148.0,416.0
5712,-1088.0,-148.0,416.0
5729,-980.0,-132.0,356.0
5745,-980.0,-132.0,356.0
5762,-980.0,-132.0,356.0
5778,-980.0,-132.0,356.0
5795,-980.0,-132.0,356.0
5812,-980.0,-132.0,356.0
5829,-952.0,-4.0,352.0
5846,-952.0,-4.0,352.0
5862,-952.0,-4.0,352.0
5879,-952.0,-4.0,352.0
5896,-952.0,-4.0,352.0
5912,-952.0,-4.0,352.0
5929,-916.0,-20.0,356.0
5946,-916.0,-20.0,356.0
5963,-916.0,-20.0,356.0
5979,-916.0,-20.0,356.0
5996,-916.0,-20.0,356.0
6013,-916.0,-20.0,356.0
6030,-892.0,-260.0,464.0
6046,-892.0,-260.0,464.0
6062,-892.0,-260.0,464.0
6079,-892.0,-260.0,464.0
6095,-892.0,-260.0,464.0
6112,-892.0,-260.0,464.0
6130,-892.0,-260.0,464.0
6145,-772.0,-392.0,524.0
6163,-772.0,-392.0,524.0
6179,-772.0,-392.0,524.0
6196,-772.0,-392.0,524.0
6212,-772.0,-392.0,524.0
6229,-772.0,-392.0,524.0
6245,-804.0,-324.0,512.0
6263,-804.0,-324.0,512.0
6279,-804.0,-324.0,512.0
6296,-804.0,-324.0,512.0
6313,-804.0,-324.0,512.0
6329,-804.0,-324.0,512.0
6346,-796.0,-352.0,544.0
6363,-796.0,-352.0,544.0
6379,-796.0,-352.0,544.0
6396,-796.0,-352.0,544.0
6413,-796.0,-352.0,544.0
6429,-796.0,-352.0,544.0
6446,-692.0,-432.0,608.0
6462,-692.0,-432.0,608.0
6479,-692.0,-432.0,608.0
6496,-692.0,-432.0,608.0
6513,-692.0,-432.0,608.0
6529,-692.0,-432.0,608.0
6546,-692.0,-432.0,608.0
6562,-728.0,-376.0,600.0
6579,-728.0,-376.0,600.0
6596,-728.0,-376.0,600.0
6612,-728.0,-376.0,600.0
6629,-728.0,-376.0,600.0
6647,-728.0,-376.0,600.0
6662,-720.0,-380.0,564.0
6680,-720.0,-380.0,564.0
6697,-720.0,-380.0,564.0
6713,-720.0,-380.0,564.0
6730,-720.0,-380.0,564.0
6746,-720.0,-380.0,564.0
6763,-796.0,-348.0,528.0
6780,-796.0,-348.0,528.0
6796,-796.0,-348.0,528.0
6813,-796.0,-348.0,528.0
6829,-796.0,-348.0,528.0
6846,-796.0,-348.0,528.0
6863,-828.0,-224.0,496.0
6879,-828.0,-224.0,496.0
6896,-828.0,-224.0,496.0
6913,-828.0,-224.0,496.0
6929,-828.0,-224.0,496.0
6945,-828.0,-224.0,496.0
6963,-936.0,-220.0,452.0
6979,-936.0,-220.0,452.0
6997,-936.0,-220.0,452.0
7012,-936.0,-220.0,452.0
7030,-936.0,-220.0,452.0
7046,-936.0,-220.0,452.0
7063,-936.0,-220.0,452.0
7079,-1012.0,-80.0,420.0
7096,-1012.0,-80.0,420.0
7113,-1012.0,-80.0,420.0
7130,-1012.0,-80.0,420.0
7146,-1012.0,-80.0,420.0
7163,-1012.0,-80.0,420.0
7179,-1036.0,-80.0,420.0
7196,-1036.0,-80.0,420.0
7213,-1036.0,-80.0,420.0
7230,-1036.0,-80.0,420.0
7246,-1036.0,-80.0,420.0
7262,-1036.0,-80.0,420.0
7279,-924.0,-84.0,408.0
7296,-924.0,-84.0,408.0
7313,-924.0,-84.0,408.0
7330,-924.0,-84.0,408.0
7346,-924.0,-84.0,408.0
7363,-924.0,-84.0,408.0
7380,-904.0,-56.0,388.0
7396,-904.0,-56.0,388.0
7413,-904.0,-56.0,388.0
7430,-904.0,-56.0,388.0
7445,-904.0,-56.0,388.0
7463,-904.0,-56.0,388.0
7479,-904.0,-56.0,388.0
7497,-896.0,84.0,436.0
7513,-896.0,84.0,436.0
7530,-896.0,84.0,436.0
7546,-896.0,84.0,436.0
7563,-896.0,84.0,436.0
7580,-896.0,84.0,436.0
7596,-904.0,32.0,436.0
7613,-904.0,32.0,436.0
7630,-904.0,32.0,436.0
7646,-904.0,32.0,436.0
7663,-904.0,32.0,436.0
7679,-904.0,32.0,436.0
7696,-904.0,-156.0,532.0
7712,-904.0,-156.0,532.0
7730,-904.0,-156.0,532.0
7746,-904.0,-156.0,532.0
7762,-904.0,-156.0,532.0
7779,-904.0,-156.0,532.0
7796,-960.0,-344.0,492.0
7813,-960.0,-344.0,492.0
7830,-960.0,-344.0,492.0
7847,-960.0,-344.0,492.0
7863,-960.0,-344.0,492.0
7878,-960.0,-344.0,492.0
7897,-832.0,-372.0,440.0
7913,-832.0,-372.0,440.0
7929,-832.0,-372.0,440.0
7946,-832.0,-372.0,440.0
7962,-832.0,-372.0,440.0
7980,-832.0,-372.0,440.0
7997,-792.0,-388.0,448.0
8013,-792.0,-388.0,448.0
8030,-792.0,-388.0,448.0
8047,-792.0,-388.0,448.0
8063,-792.0,-388.0,448.0
8079,-792.0,-388.0,448.0
8096,-792.0,-388.0,448.0
8113,-828.0,-384.0,468.0
8129,-828.0,-384.0,468.0
8147,-828.0,-384.0,468.0
8162,-828.0,-384.0,468.0
8179,-828.0,-384.0,468.0
8197,-828.0,-384.0,468.0
8214,-788.0,-368.0,564.0
8229,-788.0,-368.0,564.0
8246,-788.0,-368.0,564.0
8264,-788.0,-368.0,564.0
8280,-788.0,-368.0,564.0
8296,-788.0,-368.0,564.0
8313,-728.0,-536.0,508.0
8329,-728.0,-536.0,508.0
8347,-728.0,-536.0,508.0
8363,-728.0,-536.0,508.0
8379,-728.0,-536.0,508.0
8397,-728.0,-536.0,508.0
8413,-828.0,-364.0,500.0
8430,-828.0,-364.0,500.0
8447,-828.0,-364.0,500.0
8462,-828.0,-364.0,500.0
8480,-828.0,-364.0,500.0
8497,-828.0,-364.0,500.0
8513,-828.0,-364.0,500.0
8529,-836.0,-232.0,500.0
8546,-836.0,-232.0,500.0
8563,-836.0,-232.0,500.0
8580,-836.0,-232.0,500.0
8597,-836.0,-232.0,500.0
8613,-836.0,-232.0,500.0
8629,-984.0,-196.0,456.0
8646,-984.0,-196.0,456.0
8663,-984.0,-196.0,456.0
8680,-984.0,-196.0,456.0
8696,-984.0,-196.0,456.0
8713,-984.0,-196.0,456.0
8730,-1036.0,-128.0,512.0
8747,-1036.0,-128.0,512.0
8764,-1036.0,-128.0,512.0
8783,-1036.0,-128.0,512.0
8801,-1036.0,-128.0,512.0
8820,-1036.0,-128.0,512.0
8837,-904.0,-56.0,440.0
8854,-904.0,-56.0,440.0
8871,-904.0,-56.0,440.0
8887,-904.0,-56.0,440.0
8904,-904.0,-56.0,440.0
8921,-904.0,-56.0,440.0
8937,-884.0,-76.0,440.0
8954,-884.0,-76.0,440.0
8970,-884.0,-76.0,440.0
8987,-884.0,-76.0,440.0
9003,-884.0,-76.0,440.0
9021,-884.0,-76.0,440.0
9037,-932.0,-16.0,460.0
9054,-932.0,-16.0,460.0
9070,-932.0,-16.0,460.0
9087,-932.0,-16.0,460.0
9103,-932.0,-16.0,460.0
9120,-932.0,-16.0,460.0
9137,-932.0,-16.0,460.0
9153,-904.0,-36.0,468.0
9170,-904.0,-36.0,468.0
9186,-904.0,-36.0,468.0
9204,-904.0,-36.0,468.0
9220,-904.0,-36.0,468.0
9237,-904.0,-36.0,468.0
9253,-896.0,-80.0,500.0
9270,-896.0,-80.0,500.0
9286,-896.0,-80.0,500.0
9303,-896.0,-80.0,500.0
9321,-896.0,-80.0,500.0
9337,-896.0,-80.0,500.0
9353,-832.0,-252.0,508.0
9370,-832.0,-252.0,508.0
9387,-832.0,-252.0,508.0
9403,-832.0,-252.0,508.0
9421,-832.0,-252.0,508.0
9438,-832.0,-252.0,508.0
9454,-808.0,-320.0,540.0
9471,-808.0,-320.0,540.0
9487,-808.0,-320.0,540.0
9504,-808.0,-320.0,540.0
9520,-808.0,-320.0,540.0
9538,-808.0,-320.0,540.0
9554,-728.0,-324.0,556.0
9571,-728.0,-324.0,556.0
9587,-728.0,-324.0,556.0
9604,-728.0,-324.0,556.0
9621,-728.0,-324.0,556.0
9637,-728.0,-324.0,556.0
9654,-728.0,-324.0,556.0
9670,-800.0,-316.0,524.0
9688,-800.0,-316.0,524.0
9704,-800.0,-316.0,524.0
9721,-800.0,-316.0,524.0
9737,-800.0,-316.0,524.0
9754,-800.0,-316.0,524.0
9770,-772.0,-304.0,628.0
9787,-772.0,-304.0,628.0
9804,-772.0,-304.0,628.0
9821,-772.0,-304.0,628.0
9837,-772.0,-304.0,628.0
9854,-772.0,-304.0,628.0
9870,-664.0,-356.0,692.0
9887,-664.0,-356.0,692.0
9904,-664.0,-356.0,692.0
9920,-664.0,-356.0,692.0
9937,-664.0,-356.0,692.0
9953,-664.0,-356.0,692.0
9971,-656.0,-308.0,696.0
9987,-656.0,-308.0,696.0
10004,-656.0,-308.0,696.0
10020,-656.0,-308.0,696.0
10037,-656.0,-308.0,696.0
10054,-656.0,-308.0,696.0
10071,-660.0,-292.0,620.0
10087,-660.0,-292.0,620.0
10104,-660.0,-292.0,620.0
10120,-660.0,-292.0,620.0
10137,-660.0,-292.0,620.0
10154,-660.0,-292.0,620.0
10171,-660.0,-292.0,620.0
10187,-764.0,-300.0,528.0
10204,-764.0,-300.0,528.0
10220,-764.0,-300.0,528.0
10237,-764.0,-300.0,528.0
10254,-764.0,-300.0,528.0
10270,-764.0,-300.0,528.0
10287,-804.0,-272.0,468.0
10304,-804.0,-272.0,468.0
10321,-804.0,-272.0,468.0
10338,-804.0,-272.0,468.0
10354,-804.0,-272.0,468.0
10370,-804.0,-272.0,468.0
10387,-984.0,-296.0,404.0
10404,-984.0,-296.0,404.0
10420,-984.0,-296.0,404.0
10437,-984.0,-296.0,404.0
10455,-984.0,-296.0,404.0
10470,-984.0,-296.0,404.0
10488,-1108.0,-128.0,436.0
10504,-1108.0,-128.0,436.0
10521,-1108.0,-128.0,436.0
10537,-1108.0,-128.0,436.0
10554,-1108.0,-128.0,436.0
10571,-1108.0,-128.0,436.0
10587,-1108.0,-128.0,436.0
10604,-996.0,-52.0,392.0
10621,-996.0,-52.0,392.0
10637,-996.0,-52.0,392.0
10654,-996.0,-52.0,392.0
10671,-996.0,-52.0,392.0
10686,-996.0,-52.0,392.0
10704,-916.0,4.0,408.0
10720,-916.0,4.0,408.0
10738,-916.0,4.0,408.0
10754,-916.0,4.0,408.0
10771,-916.0,4.0,408.0
10788,-916.0,4.0,408.0
10804,-808.0,-84.0,500.0
10821,-808.0,-84.0,500.0
10838,-808.0,-84.0,500.0
10854,-808.0,-84.0,500.0
10870,-808.0,-84.0,500.0
10888,-808.0,-84.0,500.0
10905,-860.0,-332.0,500.0
10921,-860.0,-332.0,500.0
10937,-860.0,-332.0,500.0
10954,-860.0,-332.0,500.0
10971,-860.0,-332.0,500.0
10988,-860.0,-332.0,500.0
11004,-824.0,-384.0,500.0
11021,-824.0,-384.0,500.0
11038,-824.0,-384.0,500.0
11054,-824.0,-384.0,500.0
11071,-824.0,-384.0,500.0
11087,-824.0,-384.0,500.0
11104,-824.0,-384.0,500.0
11120,-852.0,-336.0,544.0
11138,-852.0,-336.0,544.0
11155,-852.0,-336.0,544.0
11170,-852.0,-336.0,544.0
11188,-852.0,-336.0,544.0
11204,-852.0,-336.0,544.0
11220,-780.0,-428.0,608.0
11237,-780.0,-428.0,608.0
11254,-780.0,-428.0,608.0
11271,-780.0,-428.0,608.0
11287,-780.0,-428.0,608.0
11304,-780.0,-428.0,608.0
11321,-628.0,-416.0,592.0
11337,-628.0,-416.0,592.0
11354,-628.0,-416.0,592.0
11371,-628.0,-416.0,592.0
11387,-628.0,-416.0,592.0
11403,-628.0,-416.0,592.0
11422,-696.0,-424.0,608.0
11437,-696.0,-424.0,608.0
11454,-696.0,-424.0,608.0
11471,-696.0,-424.0,608.0
11487,-696.0,-424.0,608.0
11504,-696.0,-424.0,608.0
11521,-680.0,-360.0,532.0
11538,-680.0,-360.0,532.0
11554,-680.0,-360.0,532.0
11570,-680.0,-360.0,532.0
11587,-680.0,-360.0,532.0
11604,-680.0,-360.0,532.0
11621,-680.0,-360.0,532.0
11637,-840.0,-276.0,516.0
11654,-840.0,-276.0,516.0
11671,-840.0,-276.0,516.0
11688,-840.0,-276.0,516.0
11704,-840.0,-276.0,516.0
11721,-840.0,-276.0,516.0
11737,-920.0,-252.0,452.0
11754,-920.0,-252.0,452.0
11770,-920.0,-252.0,452.0
11787,-920.0,-252.0,452.0
11805,-920.0,-252.0,452.0
11820,-920.0,-252.0,452.0
11837,-1024.0,-100.0,416.0
11854,-1024.0,-100.0,416.0
11871,-1024.0,-100.0,416.0
11887,-1024.0,-100.0,416.0
11904,-1024.0,-100.0,416.0
11920,-1024.0,-100.0,416.0
11938,-1040.0,-96.0,420.0
11954,-1040.0,-96.0,420.0
11971,-1040.0,-96.0,420.0
11988,-1040.0,-96.0,420.0
12004,-1040.0,-96.0,420.0
12021,-1040.0,-96.0,420.0
12037,-1040.0,-96.0,420.0
12055,-928.0,-68.0,404.0
12071,-928.0,-68.0,404.0
12087,-928.0,-68.0,404.0
12104,-928.0,-68.0,404.0
12121,-928.0,-68.0,404.0
12138,-928.0,-68.0,404.0
12155,-916.0,8.0,452.0
12170,-916.0,8.0,452.0
12188,-916.0,8.0,452.0
12205,-916.0,8.0,452.0
12221,-916.0,8.0,452.0
12237,-916.0,8.0,452.0
12254,-936.0,-64.0,472.0
12270,-936.0,-64.0,472.0
12287,-936.0,-64.0,472.0
12304,-936.0,-64.0,472.0
12321,-936.0,-64.0,472.0
12337,-936.0,-64.0,472.0
12355,-888.0,-136.0,488.0
12373,-888.0,-136.0,488.0
12392,-888.0,-136.0,488.0
12410,-888.0,-136.0,488.0
12428,-888.0,-136.0,488.0
12445,-888.0,-136.0,488.0
12462,-820.0,-328.0,528.0
12479,-820.0,-328.0,528.0
12496,-820.0,-328.0,528.0
12512,-820.0,-328.0,528.0
12529,-820.0,-328.0,528.0
12546,-820.0,-328.0,528.0
12562,-776.0,-392.0,532.0
12579,-776.0,-392.0,532.0
12595,-776.0,-392.0,532.0
12612,-776.0,-392.0,532.0
12629,-776.0,-392.0,532.0
12645,-776.0,-392.0,532.0
12662,-832.0,-268.0,500.0
12679,-832.0,-268.0,500.0
12695,-832.0,-268.0,500.0
12712,-832.0,-268.0,500.0
12729,-832.0,-268.0,500.0
12745,-832.0,-268.0,500.0
12761,-832.0,-268.0,500.0
12778,-764.0,-352.0,612.0
12795,-764.0,-352.0,612.0
12812,-764.0,-352.0,612.0
12828,-764.0,-352.0,612.0
12845,-764.0,-352.0,612.0
12861,-764.0,-352.0,612.0
12879,-748.0,-444.0,680.0
12894,-748.0,-444.0,680.0
12911,-748.0,-444.0,680.0
12928,-748.0,-444.0,680.0
12945,-748.0,-444.0,680.0
12961,-748.0,-444.0,680.0
12978,-672.0,-408.0,640.0
12994,-672.0,-408.0,640.0
13011,-672.0,-408.0,640.0
13029,-672.0,-408.0,640.0
13045,-672.0,-408.0,640.0
13061,-672.0,-408.0,640.0
13079,-676.0,-388.0,620.0
13095,-676.0,-388.0,620.0
13112,-676.0,-388.0,620.0
13128,-676.0,-388.0,620.0
13144,-676.0,-388.0,620.0
13162,-676.0,-388.0,620.0
13179,-840.0,-276.0,476.0
13195,-840.0,-276.0,476.0
13212,-840.0,-276.0,476.0
13228,-840.0,-276.0,476.0
13245,-840.0,-276.0,476.0
13262,-840.0,-276.0,476.0
13278,-840.0,-276.0,476.0
13295,-904.0,-204.0,436.0
13311,-904.0,-204.0,436.0
13329,-904.0,-204.0,436.0
13345,-904.0,-204.0,436.0
13362,-904.0,-204.0,436.0
13378,-904.0,-204.0,436.0
13395,-1000.0,-168.0,396.0
13412,-1000.0,-168.0,396.0
13428,-1000.0,-168.0,396.0
13446,-1000.0,-168.0,396.0
13461,-1000.0,-168.0,396.0
13479,-1000.0,-168.0,396.0
13496,-1080.0,-148.0,416.0
13512,-1080.0,-148.0,416.0
13529,-1080.0,-148.0,416.0
13545,-1080.0,-148.0,416.0
13562,-1080.0,-148.0,416.0
13578,-1080.0,-148.0,416.0
13595,-972.0,-72.0,360.0
13612,-972.0,-72.0,360.0
13629,-972.0,-72.0,360.0
13646,-972.0,-72.0,360.0
13662,-972.0,-72.0,360.0
13679,-972.0,-72.0,360.0
13695,-972.0,-72.0,360.0
13712,-928.0,-76.0,388.0
13728,-928.0,-76.0,388.0
13745,-928.0,-76.0,388.0
13762,-928.0,-76.0,388.0
13778,-928.0,-76.0,388.0
13795,-928.0,-76.0,388.0
13812,-940.0,-72.0,400.0
13828,-940.0,-72.0,400.0
13845,-940.0,-72.0,400.0
13862,-940.0,-72.0,400.0
13878,-940.0,-72.0,400.0
13896,-940.0,-72.0,400.0
13912,-916.0,-172.0,436.0
13929,-916.0,-172.0,436.0
13945,-916.0,-172.0,436.0
13962,-916.0,-172.0,436.0
13979,-916.0,-172.0,436.0
13996,-916.0,-172.0,436.0
14013,-868.0,-188.0,464.0
14029,-868.0,-188.0,464.0
14046,-868.0,-188.0,464.0
14062,-868.0,-188.0,464.0
14078,-868.0,-188.0,464.0
14095,-868.0,-188.0,464.0
14112,-868.0,-244.0,504.0
14128,-868.0,-244.0,504.0
14145,-868.0,-244.0,504.0
14162,-868.0,-244.0,504.0
14178,-868.0,-244.0,504.0
14195,-868.0,-244.0,504.0
14211,-868.0,-244.0,504.0
14229,-772.0,-328.0,512.0
14245,-772.0,-328.0,512.0
14262,-772.0,-328.0,512.0
14279,-772.0,-328.0,512.0
14296,-772.0,-328.0,512.0
14312,-772.0,-328.0,512.0
14329,-772.0,-284.0,588.0
14345,-772.0,-284.0,588.0
14362,-772.0,-284.0,588.0
14379,-772.0,-284.0,588.0
14395,-772.0,-284.0,588.0
14413,-772.0,-284.0,588.0
14428,-656.0,-280.0,708.0
14446,-656.0,-280.0,708.0
14462,-656.0,-280.0,708.0
14479,-656.0,-280.0,708.0
14496,-656.0,-280.0,708.0
14512,-656.0,-280.0,708.0
14529,-592.0,-416.0,768.0
14545,-592.0,-416.0,768.0
14562,-592.0,-416.0,768.0
14578,-592.0,-416.0,768.0
14595,-592.0,-416.0,768.0
14612,-592.0,-416.0,768.0
14629,-516.0,-412.0,764.0
14645,-516.0,-412.0,764.0
14663,-516.0,-412.0,764.0
14680,-516.0,-412.0,764.0
14696,-516.0,-412.0,764.0
14713,-516.0,-412.0,764.0
14729,-516.0,-412.0,764.0
14746,-608.0,-420.0,768.0
14762,-608.0,-420.0,768.0
14780,-608.0,-420.0,768.0
14796,-608.0,-420.0,768.0
14812,-608.0,-420.0,768.0
14829,-608.0,-420.0,768.0
14846,-712.0,-300.0,672.0
14863,-712.0,-300.0,672.0
14879,-712.0,-300.0,672.0
14895,-712.0,-300.0,672.0
14912,-712.0,-300.0,672.0
14929,-712.0,-300.0,672.0
14946,-720.0,-320.0,576.0
14962,-720.0,-320.0,576.0
14979,-720.0,-320.0,576.0
14996,-720.0,-320.0,576.0
15012,-720.0,-320.0,576.0
15028,-720.0,-320.0,576.0
15045,-820.0,-220.0,504.0
15062,-820.0,-220.0,504.0
15078,-820.0,-220.0,504.0
15095,-820.0,-220.0,504.0
15112,-820.0,-220.0,504.0
15130,-820.0,-220.0,504.0
15146,-820.0,-220.0,504.0
15162,-928.0,-168.0,472.0
15179,-928.0,-168.0,472.0
15196,-928.0,-168.0,472.0
15212,-928.0,-168.0,472.0
15228,-928.0,-168.0,472.0
15246,-928.0,-168.0,472.0
15263,-992.0,-144.0,464.0
15280,-992.0,-144.0,464.0
15296,-992.0,-144.0,464.0
15312,-992.0,-144.0,464.0
15329,-992.0,-144.0,464.0
15345,-992.0,-144.0,464.0
15362,-944.0,-124.0,452.0
15379,-944.0,-124.0,452.0
15396,-944.0,-124.0,452.0
15412,-944.0,-124.0,452.0
15429,-944.0,-124.0,452.0
15446,-944.0,-124.0,452.0
15462,-932.0,-104.0,404.0
15480,-932.0,-104.0,404.0
15496,-932.0,-104.0,404.0
15513,-932.0,-104.0,404.0
15530,-932.0,-104.0,404.0
15546,-932.0,-104.0,404.0
15562,-960.0,-108.0,432.0
15580,-960.0,-108.0,432.0
15596,-960.0,-108.0,432.0
15612,-960.0,-108.0,432.0
15630,-960.0,-108.0,432.0
15646,-960.0,-108.0,432.0
15663,-960.0,-108.0,432.0
15679,-864.0,-212.0,468.0
15696,-864.0,-212.0,468.0
15713,-864.0,-212.0,468.0
15729,-864.0,-212.0,468.0
15746,-864.0,-212.0,468.0
15763,-864.0,-212.0,468.0
15779,-792.0,-344.0,496.0
15795,-792.0,-344.0,496.0
15812,-792.0,-344.0,496.0
15829,-792.0,-344.0,496.0
15846,-792.0,-344.0,496.0
15862,-792.0,-344.0,496.0
15879,-760.0,-364.0,532.0
15895,-760.0,-364.0,532.0
15913,-760.0,-364.0,532.0
15930,-760.0,-364.0,532.0
15945,-760.0,-364.0,532.0
15963,-760.0,-364.0,532.0
15978,-700.0,-332.0,548.0
15996,-700.0,-332.0,548.0
16012,-700.0,-332.0,548.0
16029,-700.0,-332.0,548.0
16045,-700.0,-332.0,548.0
16062,-700.0,-332.0,548.0
16079,-700.0,-332.0,548.0
16096,-784.0,-476.0,640.0
16113,-784.0,-476.0,640.0
16132,-784.0,-476.0,640.0
16150,-784.0,-476.0,640.0
16169,-784.0,-476.0,640.0
16186,-648.0,-368.0,644.0
16202,-648.0,-368.0,644.0
16219,-648.0,-368.0,644.0
16236,-648.0,-368.0,644.0
16253,-648.0,-368.0,644.0
16270,-648.0,-368.0,644.0
16287,-648.0,-368.0,644.0
16303,-692.0,-360.0,644.0
16320,-692.0,-360.0,644.0
16336,-692.0,-360.0,644.0
16353,-692.0,-360.0,644.0
16370,-692.0,-360.0,644.0
16387,-692.0,-360.0,644.0
16403,-724.0,-316.0,556.0
16420,-724.0,-316.0,556.0
16436,-724.0,-316.0,556.0
16453,-724.0,-316.0,556.0
16469,-724.0,-316.0,556.0
16486,-724.0,-316.0,556.0
16503,-828.0,-348.0,484.0
16519,-828.0,-348.0,484.0
16536,-828.0,-348.0,484.0
16553,-828.0,-348.0,484.0
16569,-828.0,-348.0,484.0
16586,-828.0,-348.0,484.0
16602,-972.0,-296.0,428.0
16619,-972.0,-296.0,428.0
16636,-972.0,-296.0,428.0
16652,-972.0,-296.0,428.0
16669,-972.0,-296.0,428.0
16685,-972.0,-296.0,428.0
16703,-992.0,-148.0,388.0
16719,-992.0,-148.0,388.0
16736,-992.0,-148.0,388.0
16753,-992.0,-148.0,388.0
16769,-992.0,-148.0,388.0
16785,-992.0,-148.0,388.0
16803,-992.0,-148.0,388.0
16819,-1008.0,-80.0,396.0
16836,-1008.0,-80.0,396.0
16853,-1008.0,-80.0,396.0
16869,-1008.0,-80.0,396.0
16887,-1008.0,-80.0,396.0
16903,-1008.0,-80.0,396.0
16920,-972.0,-28.0,356.0
16936,-972.0,-28.0,356.0
16953,-972.0,-28.0,356.0
16969,-972.0,-28.0,356.0
16986,-972.0,-28.0,356.0
17003,-972.0,-28.0,356.0
17019,-952.0,0.0,364.0
17036,-952.0,0.0,364.0
17053,-952.0,0.0,364.0
17070,-952.0,0.0,364.0
17086,-952.0,0.0,364.0
17103,-952.0,0.0,364.0
17120,-960.0,-168.0,404.0
17136,-960.0,-168.0,404.0
17153,-960.0,-168.0,404.0
17170,-960.0,-168.0,404.0
17187,-960.0,-168.0,404.0
17204,-960.0,-168.0,404.0
17220,-960.0,-168.0,404.0
17237,-896.0,-124.0,440.0
17253,-896.0,-124.0,440.0
17270,-896.0,-124.0,440.0
17286,-896.0,-124.0,440.0
17303,-896.0,-124.0,440.0
17320,-896.0,-124.0,440.0
17337,-836.0,-352.0,492.0
17353,-836.0,-352.0,492.0
17370,-836.0,-352.0,492.0
17386,-836.0,-352.0,492.0
17403,-836.0,-352.0,492.0
17419,-836.0,-352.0,492.0
17437,-780.0,-388.0,548.0
17453,-780.0,-388.0,548.0
17470,-780.0,-388.0,548.0
17487,-780.0,-388.0,548.0
17503,-780.0,-388.0,548.0
17519,-780.0,-388.0,548.0
17536,-728.0,-300.0,584.0
17553,-728.0,-300.0,584.0
17569,-728.0,-300.0,584.0
17586,-728.0,-300.0,584.0
17603,-728.0,-300.0,584.0
17619,-728.0,-300.0,584.0
17637,-660.0,-468.0,696.0
17653,-660.0,-468.0,696.0
17670,-660.0,-468.0,696.0
17686,-660.0,-468.0,696.0
17703,-660.0,-468.0,696.0
17719,-660.0,-468.0,696.0
17737,-660.0,-468.0,696.0
17753,-632.0,-328.0,664.0
17769,-632.0,-328.0,664.0
17787,-632.0,-328.0,664.0
17804,-632.0,-328.0,664.0
17820,-632.0,-328.0,664.0
17837,-632.0,-328.0,664.0
17853,-732.0,-352.0,600.0
17869,-732.0,-352.0,600.0
17886,-732.0,-352.0,600.0
17902,-732.0,-352.0,600.0
17920,-732.0,-352.0,600.0
17937,-732.0,-352.0,600.0
17953,-804.0,-272.0,504.0
17970,-804.0,-272.0,504.0
17986,-804.0,-272.0,504.0
18002,-804.0,-272.0,504.0
18019,-804.0,-272.0,504.0
18036,-804.0,-272.0,504.0
18053,-916.0,-228.0,456.0
18070,-916.0,-228.0,456.0
18087,-916.0,-228.0,456.0
18103,-916.0,-228.0,456.0
18120,-916.0,-228.0,456.0
18136,-916.0,-228.0,456.0
18153,-988.0,-168.0,396.0
18170,-988.0,-168.0,396.0
18186,-988.0,-168.0,396.0
18204,-988.0,-168.0,396.0
18220,-988.0,-168.0,396.0
18237,-988.0,-168.0,396.0
18254,-988.0,-168.0,396.0
18270,-1040.0,-128.0,368.0
18287,-1040.0,-128.0,368.0
18303,-1040.0,-128.0,368.0
18320,-1040.0,-128.0,368.0
18336,-1040.0,-128.0,368.0
18353,-1040.0,-128.0,368.0
18370,-948.0,-64.0,372.0
18387,-948.0,-64.0,372.0
18403,-948.0,-64.0,372.0
18419,-948.0,-64.0,372.0
18437,-948.0,-64.0,372.0
18453,-948.0,-64.0,372.0
18470,-944.0,-108.0,396.0
18487,-944.0,-108.0,396.0
18503,-944.0,-108.0,396.0
18520,-944.0,-108.0,396.0
18537,-944.0,-108.0,396.0
18554,-944.0,-108.0,396.0
18570,-936.0,-96.0,404.0
18587,-936.0,-96.0,404.0
18603,-936.0,-96.0,404.0
18620,-936.0,-96.0,404.0
18636,-936.0,-96.0,404.0
18653,-936.0,-96.0,404.0
18670,-936.0,-96.0,404.0
18687,-968.0,-128.0,428.0
18703,-968.0,-128.0,428.0
18720,-968.0,-128.0,428.0
18736,-968.0,-128.0,428.0
18753,-968.0,-128.0,428.0
18770,-968.0,-128.0,428.0
18786,-856.0,-236.0,480.0
18803,-856.0,-236.0,480.0
18819,-856.0,-236.0,480.0
18837,-856.0,-236.0,480.0
18853,-856.0,-236.0,480.0
18870,-856.0,-236.0,480.0
18887,-864.0,-336.0,512.0
18904,-864.0,-336.0,512.0
18921,-864.0,-336.0,512.0
18937,-864.0,-336.0,512.0
18953,-864.0,-336.0,512.0
18970,-864.0,-336.0,512.0
18986,-888.0,-276.0,456.0
19003,-888.0,-276.0,456.0
19020,-888.0,-276.0,456.0
19037,-888.0,-276.0,456.0
19053,-888.0,-276.0,456.0
19070,-888.0,-276.0,456.0
19086,-820.0,-428.0,496.0
19103,-820.0,-428.0,496.0
19121,-820.0,-428.0,496.0
19137,-820.0,-428.0,496.0
19153,-820.0,-428.0,496.0
19170,-820.0,-428.0,496.0
19187,-820.0,-428.0,496.0
19204,-844.0,-324.0,484.0
19220,-844.0,-324.0,484.0
19237,-844.0,-324.0,484.0
19253,-844.0,-324.0,484.0
19271,-844.0,-324.0,484.0
19287,-844.0,-324.0,484.0
19304,-840.0,-280.0,488.0
19321,-840.0,-280.0,488.0
19337,-840.0,-280.0,488.0
19354,-840.0,-280.0,488.0
19370,-840.0,-280.0,488.0
19387,-840.0,-280.0,488.0
19403,-864.0,-220.0,468.0
19420,-864.0,-220.0,468.0
19436,-864.0,-220.0,468.0
19454,-864.0,-220.0,468.0
19470,-864.0,-220.0,468.0
19487,-864.0,-220.0,468.0
19504,-912.0,-196.0,456.0
19520,-912.0,-196.0,456.0
19536,-912.0,-196.0,456.0
19554,-912.0,-196.0,456.0
19570,-912.0,-196.0,456.0
19587,-912.0,-196.0,456.0
19604,-912.0,-196.0,456.0
19619,-932.0,-80.0,408.0
19637,-932.0,-80.0,408.0
19654,-932.0,-80.0,408.0
19670,-932.0,-80.0,408.0
19686,-932.0,-80.0,408.0
19703,-932.0,-80.0,408.0
19720,-960.0,-92.0,412.0
19736,-960.0,-92.0,412.0
19754,-960.0,-92.0,412.0
19771,-960.0,-92.0,412.0
19787,-960.0,-92.0,412.0
19802,-960.0,-92.0,412.0
19820,-980.0,-92.0,408.0
19837,-980.0,-92.0,408.0
19853,-980.0,-92.0,408.0
19870,-980.0,-92.0,408.0
19886,-980.0,-92.0,408.0
19903,-980.0,-92.0,408.0
19919,-996.0,-84.0,392.0
19936,-996.0,-84.0,392.0
19953,-996.0,-84.0,392.0
19970,-996.0,-84.0,392.0
19987,-996.0,-84.0,392.0
20003,-996.0,-84.0,392.0
20020,-1000.0,-12.0,392.0
20037,-1000.0,-12.0,392.0
20054,-1000.0,-12.0,392.0
20072,-1000.0,-12.0,392.0
20091,-1000.0,-12.0,392.0
20109,-1000.0,-12.0,392.0
20126,-920.0,-44.0,412.0
20144,-920.0,-44.0,412.0
20160,-920.0,-44.0,412.0
20177,-920.0,-44.0,412.0
20194,-920.0,-44.0,412.0
20210,-920.0,-44.0,412.0
20227,-868.0,-384.0,488.0
20243,-868.0,-384.0,488.0
20260,-868.0,-384.0,488.0
20277,-868.0,-384.0,488.0
20294,-868.0,-384.0,488.0
20310,-868.0,-384.0,488.0
20327,-868.0,-384.0,488.0
20344,-796.0,-388.0,532.0
20359,-796.0,-388.0,532.0
20377,-796.0,-388.0,532.0
20393,-796.0,-388.0,532.0
20410,-796.0,-388.0,532.0
20426,-796.0,-388.0,532.0
20443,-784.0,-428.0,544.0
20460,-784.0,-428.0,544.0
20477,-784.0,-428.0,544.0
20493,-784.0,-428.0,544.0
20510,-784.0,-428.0,544.0
20526,-784.0,-428.0,544.0
20543,-736.0,-452.0,556.0
20560,-736.0,-452.0,556.0
20576,-736.0,-452.0,556.0
20593,-736.0,-452.0,556.0
20610,-736.0,-452.0,556.0
20627,-736.0,-452.0,556.0
20643,-764.0,-312.0,532.0
20660,-764.0,-312.0,532.0
20677,-764.0,-312.0,532.0
20694,-764.0,-312.0,532.0
20710,-764.0,-312.0,532.0
20727,-764.0,-312.0,532.0
20744,-768.0,-352.0,504.0
20761,-768.0,-352.0,504.0
20777,-768.0,-352.0,504.0
20793,-768.0,-352.0,504.0
20810,-768.0,-352.0,504.0
20827,-768.0,-352.0,504.0
20844,-768.0,-352.0,504.0
20860,-848.0,-300.0,468.0
20877,-848.0,-300.0,468.0
20894,-848.0,-300.0,468.0
20910,-848.0,-300.0,468.0
20927,-848.0,-300.0,468.0
20943,-848.0,-300.0,468.0
20960,-932.0,-212.0,416.0
20977,-932.0,-212.0,416.0
20993,-932.0,-212.0,416.0
21011,-932.0,-212.0,416.0
21026,-932.0,-212.0,416.0
21044,-932.0,-212.0,416.0
21060,-972.0,-68.0,392.0
21077,-972.0,-68.0,392.0
21093,-972.0,-68.0,392.0
21110,-972.0,-68.0,392.0
21127,-972.0,-68.0,392.0
21143,-972.0,-68.0,392.0
21160,-1024.0,-88.0,360.0
21177,-1024.0,-88.0,360.0
21194,-1024.0,-88.0,360.0
21210,-1024.0,-88.0,360.0
21227,-1024.0,-88.0,360.0
21244,-1024.0,-88.0,360.0
21260,-1024.0,-88.0,360.0
21277,-1000.0,-52.0,348.0
21294,-1000.0,-52.0,348.0
21310,-1000.0,-52.0,348.0
21327,-1000.0,-52.0,348.0
21344,-1000.0,-52.0,348.0
21360,-1000.0,-52.0,348.0
21377,-984.0,-60.0,312.0
21393,-984.0,-60.0,312.0
21410,-984.0,-60.0,312.0
21426,-984.0,-60.0,312.0
21444,-984.0,-60.0,312.0
21460,-984.0,-60.0,312.0
21477,-1012.0,-56.0,292.0
21493,-1012.0,-56.0,292.0
21511,-1012.0,-56.0,292.0
21527,-1012.0,-56.0,292.0
21543,-1012.0,-56.0,292.0
21561,-1012.0,-56.0,292.0
21577,-964.0,-148.0,284.0
21594,-964.0,-148.0,284.0
21610,-964.0,-148.0,284.0
21628,-964.0,-148.0,284.0
21644,-964.0,-148.0,284.0
21660,-964.0,-148.0,284.0
21677,-940.0,-180.0,320.0
21694,-940.0,-180.0,320.0
21711,-940.0,-180.0,320.0
21727,-940.0,-180.0,320.0
21744,-940.0,-180.0,320.0
21760,-940.0,-180.0,320.0
21777,-940.0,-180.0,320.0
21794,-1020.0,-220.0,288.0
21811,-1020.0,-220.0,288.0
21827,-1020.0,-220.0,288.0
21844,-1020.0,-220.0,288.0
21860,-1020.0,-220.0,288.0
21877,-1020.0,-220.0,288.0
21894,-992.0,-248.0,292.0
21911,-992.0,-248.0,292.0
21927,-992.0,-248.0,292.0
21944,-992.0,-248.0,292.0
21961,-992.0,-248.0,292.0
21978,-992.0,-248.0,292.0
21994,-988.0,-204.0,296.0
22011,-988.0,-204.0,296.0
22027,-988.0,-204.0,296.0
22044,-988.0,-204.0,296.0
22061,-988.0,-204.0,296.0
22077,-988.0,-204.0,296.0
22094,-984.0,-180.0,264.0
22110,-984.0,-180.0,264.0
22127,-984.0,-180.0,264.0
22145,-984.0,-180.0,264.0
22161,-984.0,-180.0,264.0
22178,-984.0,-180.0,264.0
22193,-984.0,-180.0,264.0
22211,-940.0,-184.0,284.0
22228,-940.0,-184.0,284.0
22244,-940.0,-184.0,284.0
22260,-940.0,-184.0,284.0
22277,-940.0,-184.0,284.0
22294,-940.0,-184.0,284.0
22310,-1012.0,-244.0,260.0
22327,-1012.0,-244.0,260.0
22344,-1012.0,-244.0,260.0
22360,-1012.0,-244.0,260.0
22378,-1012.0,-244.0,260.0
22394,-1012.0,-244.0,260.0
22411,-1052.0,-96.0,168.0
22427,-1052.0,-96.0,168.0
22444,-1052.0,-96.0,168.0
22461,-1052.0,-96.0,168.0
22478,-1052.0,-96.0,168.0
22494,-1052.0,-96.0,168.0
22511,-1020.0,-148.0,108.0
22527,-1020.0,-148.0,108.0
22544,-1020.0,-148.0,108.0
22561,-1020.0,-148.0,108.0
22577,-1020.0,-148.0,108.0
22593,-1020.0,-148.0,108.0
22610,-1040.0,-84.0,-20.0
22627,-1040.0,-84.0,-20.0
22644,-1040.0,-84.0,-20.0
22661,-1040.0,-84.0,-20.0
22677,-1040.0,-84.0,-20.0
22694,-1040.0,-84.0,-20.0
22711,-1040.0,-84.0,-20.0
22727,-1064.0,-4.0,-8.0
22744,-1064.0,-4.0,-8.0
22760,-1064.0,-4.0,-8.0
22777,-1064.0,-4.0,-8.0
22794,-1064.0,-4.0,-8.0
22811,-1064.0,-4.0,-8.0
22827,-1076.0,12.0,-44.0
22845,-1076.0,12.0,-44.0
22861,-1076.0,12.0,-44.0
22878,-1076.0,12.0,-44.0
22894,-1076.0,12.0,-44.0
22911,-1076.0,12.0,-44.0
22927,-1108.0,16.0,-144.0
22944,-1108.0,16.0,-144.0
22961,-1108.0,16.0,-144.0
22978,-1108.0,16.0,-144.0
22994,-1108.0,16.0,-144.0
23011,-1108.0,16.0,-144.0
23027,-1112.0,44.0,-176.0
23044,-1112.0,44.0,-176.0
23062,-1112.0,44.0,-176.0
23077,-1112.0,44.0,-176.0
23094,-1112.0,44.0,-176.0
23110,-1112.0,44.0,-176.0
23127,-1056.0,72.0,-136.0
23145,-1056.0,72.0,-136.0
23162,-1056.0,72.0,-136.0
23178,-1056.0,72.0,-136.0
23194,-1056.0,72.0,-136.0
23211,-1056.0,72.0,-136.0
23228,-1056.0,72.0,-136.0
23245,-1080.0,80.0,-120.0
23261,-1080.0,80.0,-120.0
23276,-1080.0,80.0,-120.0
23294,-1080.0,80.0,-120.0
23311,-1080.0,80.0,-120.0
23328,-1080.0,80.0,-120.0
23344,-1060.0,84.0,-164.0
23361,-1060.0,84.0,-164.0
23378,-1060.0,84.0,-164.0
23394,-1060.0,84.0,-164.0
23411,-1060.0,84.0,-164.0
23427,-1060.0,84.0,-164.0
23444,-1064.0,60.0,-160.0
23460,-1064.0,60.0,-160.0
23477,-1064.0,60.0,-160.0
23493,-1064.0,60.0,-160.0
23511,-1064.0,60.0,-160.0
23529,-1064.0,60.0,-160.0
23548,-1048.0,76.0,-176.0
23566,-1048.0,76.0,-176.0
23585,-1048.0,76.0,-176.0
23602,-1048.0,76.0,-176.0
23619,-1048.0,76.0,-176.0
23635,-1048.0,76.0,-176.0
23652,-1068.0,88.0,-176.0
23668,-1068.0,88.0,-176.0
23685,-1068.0,88.0,-176.0
23701,-1068.0,88.0,-176.0
23718,-1068.0,88.0,-176.0
23736,-1068.0,88.0,-176.0
23752,-1072.0,76.0,-164.0
23769,-1072.0,76.0,-164.0
23785,-1072.0,76.0,-164.0
23802,-1072.0,76.0,-164.0
23818,-1072.0,76.0,-164.0
23835,-1072.0,76.0,-164.0
23851,-1072.0,76.0,-164.0
23868,-1068.0,40.0,-172.0
23885,-1068.0,40.0,-172.0
23901,-1068.0,40.0,-172.0
23918,-1068.0,40.0,-172.0
23935,-1068.0,40.0,-172.0
23952,-1068.0,40.0,-172.0
23969,-1056.0,52.0,-148.0
23985,-1056.0,52.0,-148.0
24002,-1056.0,52.0,-148.0
24018,-1056.0,52.0,-148.0
24035,-1056.0,52.0,-148.0
24051,-1056.0,52.0,-148.0
24068,-1048.0,60.0,-160.0
24085,-1048.0,60.0,-160.0
24102,-1048.0,60.0,-160.0
24118,-1048.0,60.0,-160.0
24134,-1048.0,60.0,-160.0
24152,-1048.0,60.0,-160.0
24168,-1064.0,40.0,-168.0
24185,-1064.0,40.0,-168.0
24202,-1064.0,40.0,-168.0
24218,-1064.0,40.0,-168.0
24235,-1064.0,40.0,-168.0
24252,-1064.0,40.0,-168.0
24269,-1052.0,40.0,-164.0
24285,-1052.0,40.0,-164.0
24302,-1052.0,40.0,-164.0
24318,-1052.0,40.0,-164.0
24335,-1052.0,40.0,-164.0
24351,-1052.0,40.0,-164.0
24369,-1052.0,40.0,-164.0
24385,-1056.0,32.0,-172.0
24402,-1056.0,32.0,-172.0
24419,-1056.0,32.0,-172.0
24435,-1056.0,32.0,-172.0
24452,-1056.0,32.0,-172.0
24468,-1056.0,32.0,-172.0
24486,-1060.0,36.0,-200.0
24502,-1060.0,36.0,-200.0
24519,-1060.0,36.0,-200.0
24535,-1060.0,36.0,-200.0
24552,-1060.0,36.0,-200.0
24569,-1060.0,36.0,-200.0
24585,-1068.0,52.0,-196.0
24601,-1068.0,52.0,-196.0
24619,-1068.0,52.0,-196.0
24635,-1068.0,52.0,-196.0
24652,-1068.0,52.0,-196.0
24668,-1068.0,52.0,-196.0
24685,-1056.0,40.0,-200.0
24701,-1056.0,40.0,-200.0
24718,-1056.0,40.0,-200.0
24735,-1056.0,40.0,-200.0
24752,-1056.0,40.0,-200.0
24769,-1056.0,40.0,-200.0
24785,-1048.0,32.0,-192.0
24802,-1048.0,32.0,-192.0
24818,-1048.0,32.0,-192.0
24836,-1048.0,32.0,-192.0
24852,-1048.0,32.0,-192.0
24868,-1048.0,32.0,-192.0
24885,-1048.0,32.0,-192.0
24902,-1072.0,20.0,-208.0
24919,-1072.0,20.0,-208.0
24936,-1072.0,20.0,-208.0
24952,-1072.0,20.0,-208.0
24968,-1072.0,20.0,-208.0
24985,-1072.0,20.0,-208.0
25002,-1048.0,32.0,-196.0
25018,-1048.0,32.0,-196.0
25035,-1048.0,32.0,-196.0
25051,-1048.0,32.0,-196.0
25069,-1048.0,32.0,-196.0
25086,-1048.0,32.0,-196.0
25102,-1056.0,32.0,-200.0
25119,-1056.0,32.0,-200.0
25135,-1056.0,32.0,-200.0
25152,-1056.0,32.0,-200.0
25169,-1056.0,32.0,-200.0
25185,-1056.0,32.0,-200.0
25202,-1056.0,32.0,-204.0
25218,-1056.0,32.0,-204.0
25234,-1056.0,32.0,-204.0
25252,-1056.0,32.0,-204.0
