MILLIS,X,Y,Z
1338,-820.0,-220.0,420.0
1454,-860.0,-252.0,484.0
1470,-860.0,-252.0,484.0
1486,-860.0,-252.0,484.0
1505,-860.0,-252.0,484.0
1523,-860.0,-252.0,484.0
1542,-860.0,-252.0,484.0
1560,-864.0,-332.0,536.0
1577,-864.0,-332.0,536.0
1593,-864.0,-332.0,536.0
1610,-864.0,-332.0,536.0
1626,-864.0,-332.0,536.0
1643,-864.0,-332.0,536.0
1661,-772.0,-316.0,564.0
1677,-772.0,-316.0,564.0
1694,-772.0,-316.0,564.0
1710,-772.0,-316.0,564.0
1726,-772.0,-316.0,564.0
1743,-772.0,-316.0,564.0
1760,-772.0,-316.0,564.0
1777,-776.0,-296.0,588.0
1793,-776.0,-296.0,588.0
1809,-776.0,-296.0,588.0
1826,-776.0,-296.0,588.0
1843,-776.0,-296.0,588.0
1860,-776.0,-296.0,588.0
1876,-788.0,-300.0,504.0
1893,-788.0,-300.0,504.0
1909,-788.0,-300.0,504.0
1927,-788.0,-300.0,504.0
1943,-788.0,-300.0,504.0
1959,-788.0,-300.0,504.0
1976,-848.0,-316.0,472.0
1992,-848.0,-316.0,472.0
2010,-848.0,-316.0,472.0
2026,-848.0,-316.0,472.0
2043,-848.0,-316.0,472.0
2059,-848.0,-316.0,472.0
2076,-968.0,-204.0,372.0
2094,-968.0,-204.0,372.0
2109,-968.0,-204.0,372.0
2126,-968.0,-204.0,372.0
2142,-968.0,-204.0,372.0
2159,-968.0,-204.0,372.0
2176,-968.0,-204.0,372.0
2192,-1096.0,-116.0,316.0
2209,-1096.0,-116.0,316.0
2226,-1096.0,-116.0,316.0
2242,-1096.0,-116.0,316.0
2260,-1096.0,-116.0,316.0
2276,-1096.0,-116.0,316.0
2293,-1052.0,-96.0,292.0
2309,-1052.0,-96.0,292.0
2327,-1052.0,-96.0,292.0
2343,-1052.0,-96.0,292.0
2359,-1052.0,-96.0,292.0
2376,-1052.0,-96.0,292.0
2393,-912.0,-88.0,304.0
2409,-912.0,-88.0,304.0
2427,-912.0,-88.0,304.0
2442,-912.0,-88.0,304.0
2459,-912.0,-88.0,304.0
2477,-912.0,-88.0,304.0
2493,-876.0,96.0,304.0
2509,-876.0,96.0,304.0
2527,-876.0,96.0,304.0
2543,-876.0,96.0,304.0
2559,-876.0,96.0,304.0
2577,-876.0,96.0,304.0
2593,-916.0,-308.0,456.0
2610,-916.0,-308.0,456.0
2626,-916.0,-308.0,456.0
2643,-916.0,-308.0,456.0
2659,-916.0,-308.0,456.0
2677,-916.0,-308.0,456.0
2694,-916.0,-308.0,456.0
2710,-820.0,-336.0,492.0
2727,-820.0,-336.0,492.0
2743,-820.0,-336.0,492.0
2760,-820.0,-336.0,492.0
2777,-820.0,-336.0,492.0
2793,-820.0,-336.0,492.0
2810,-788.0,-308.0,556.0
2826,-788.0,-308.0,556.0
2843,-788.0,-308.0,556.0
2860,-788.0,-308.0,556.0
2876,-788.0,-308.0,556.0
2893,-788.0,-308.0,556.0
2909,-844.0,-280.0,544.0
2926,-844.0,-280.0,544.0
2943,-844.0,-280.0,544.0
2959,-844.0,-280.0,544.0
2976,-844.0,-280.0,544.0
2993,-844.0,-280.0,544.0
3009,-744.0,-312.0,628.0
3026,-744.0,-312.0,628.0
3042,-744.0,-312.0,628.0
3060,-744.0,-312.0,628.0
3077,-744.0,-312.0,628.0
3093,-744.0,-312.0,628.0
3109,-744.0,-312.0,628.0
3126,-772.0,-276.0,652.0
3143,-772.0,-276.0,652.0
3160,-772.0,-276.0,652.0
3176,-772.0,-276.0,652.0
3193,-772.0,-276.0,652.0
3210,-772.0,-276.0,652.0
3227,-772.0,-236.0,572.0
3243,-772.0,-236.0,572.0
3259,-772.0,-236.0,572.0
3276,-772.0,-236.0,572.0
3292,-772.0,-236.0,572.0
3309,-772.0,-236.0,572.0
3327,-824.0,-180.0,484.0
3343,-824.0,-180.0,484.0
3360,-824.0,-180.0,484.0
3376,-824.0,-180.0,484.0
3392,-824.0,-180.0,484.0
3409,-824.0,-180.0,484.0
3425,-964.0,-136.0,424.0
3442,-964.0,-136.0,424.0
3460,-964.0,-136.0,424.0
3476,-964.0,-136.0,424.0
3493,-964.0,-136.0,424.0
3509,-964.0,-136.0,424.0
3525,-1040.0,-48.0,348.0
3543,-1040.0,-48.0,348.0
3560,-1040.0,-48.0,348.0
3577,-1040.0,-48.0,348.0
3593,-1040.0,-48.0,348.0
3609,-1040.0,-48.0,348.0
3626,-1040.0,-48.0,348.0
3642,-1076.0,-36.0,320.0
3660,-1076.0,-36.0,320.0
3677,-1076.0,-36.0,320.0
3693,-1076.0,-36.0,320.0
3710,-1076.0,-36.0,320.0
3726,-1076.0,-36.0,320.0
3743,-960.0,-32.0,300.0
3759,-960.0,-32.0,300.0
3777,-960.0,-32.0,300.0
3793,-960.0,-32.0,300.0
3810,-960.0,-32.0,300.0
3826,-960.0,-32.0,300.0
3843,-1032.0,-80.0,308.0
3859,-1032.0,-80.0,308.0
3876,-1032.0,-80.0,308.0
3893,-1032.0,-80.0,308.0
3910,-1032.0,-80.0,308.0
3926,-1032.0,-80.0,308.0
3943,-1020.0,44.0,288.0
3959,-1020.0,44.0,288.0
3977,-1020.0,44.0,288.0
3994,-1020.0,44.0,288.0
4010,-1020.0,44.0,288.0
4026,-1020.0,44.0,288.0
4043,-924.0,20.0,308.0
4060,-924.0,20.0,308.0
4077,-924.0,20.0,308.0
4093,-924.0,20.0,308.0
4109,-924.0,20.0,308.0
4126,-924.0,20.0,308.0
4142,-924.0,20.0,308.0
4160,-904.0,-144.0,372.0
4176,-904.0,-144.0,372.0
4192,-904.0,-144.0,372.0
4209,-904.0,-144.0,372.0
4226,-904.0,-144.0,372.0
4243,-904.0,-144.0,372.0
4260,-784.0,-444.0,492.0
4276,-784.0,-444.0,492.0
4293,-784.0,-444.0,492.0
4310,-784.0,-444.0,492.0
4326,-784.0,-444.0,492.0
4343,-784.0,-444.0,492.0
4359,-800.0,-292.0,532.0
4376,-800.0,-292.0,532.0
4393,-800.0,-292.0,532.0
4410,-800.0,-292.0,532.0
4427,-800.0,-292.0,532.0
4443,-800.0,-292.0,532.0
4460,-748.0,-176.0,604.0
4476,-748.0,-176.0,604.0
4494,-748.0,-176.0,604.0
4510,-748.0,-176.0,604.0
4526,-748.0,-176.0,604.0
4543,-748.0,-176.0,604.0
4559,-748.0,-176.0,604.0
4577,-740.0,-388.0,668.0
4593,-740.0,-388.0,668.0
4609,-740.0,-388.0,668.0
4626,-740.0,-388.0,668.0
4643,-740.0,-388.0,668.0
4660,-740.0,-388.0,668.0
4677,-720.0,-392.0,712.0
4694,-720.0,-392.0,712.0
4709,-720.0,-392.0,712.0
4727,-720.0,-392.0,712.0
4742,-720.0,-392.0,712.0
4760,-720.0,-392.0,712.0
4776,-656.0,-376.0,628.0
4794,-656.0,-376.0,628.0
4809,-656.0,-376.0,628.0
4826,-656.0,-376.0,628.0
4843,-656.0,-376.0,628.0
4859,-656.0,-376.0,628.0
4877,-772.0,-284.0,488.0
4901,-772.0,-284.0,488.0
4918,-772.0,-284.0,488.0
4935,-772.0,-284.0,488.0
4952,-772.0,-284.0,488.0
4968,-772.0,-284.0,488.0
4985,-944.0,-228.0,380.0
5002,-944.0,-228.0,380.0
5018,-944.0,-228.0,380.0
5035,-944.0,-228.0,380.0
5052,-944.0,-228.0,380.0
5067,-944.0,-228.0,380.0
5085,-1056.0,-196.0,276.0
5101,-1056.0,-196.0,276.0
5118,-1056.0,-196.0,276.0
5135,-1056.0,-196.0,276.0
5151,-1056.0,-196.0,276.0
5168,-1056.0,-196.0,276.0
5185,-1036.0,-28.0,292.0
5201,-1036.0,-28.0,292.0
5218,-1036.0,-28.0,292.0
5234,-1036.0,-28.0,292.0
5251,-1036.0,-28.0,292.0
5268,-1036.0,-28.0,292.0
5285,-1036.0,-28.0,292.0
5301,-1036.0,16.0,236.0
5318,-1036.0,16.0,236.0
5334,-1036.0,16.0,236.0
5351,-1036.0,16.0,236.0
5367,-1036.0,16.0,236.0
5384,-1036.0,16.0,236.0
5401,-976.0,-16.0,276.0
5417,-976.0,-16.0,276.0
5435,-976.0,-16.0,276.0
5451,-976.0,-16.0,276.0
5467,-976.0,-16.0,276.0
5485,-976.0,-16.0,276.0
5501,-964.0,-12.0,300.0
5518,-964.0,-12.0,300.0
5534,-964.0,-12.0,300.0
5551,-964.0,-12.0,300.0
5567,-964.0,-12.0,300.0
5585,-964.0,-12.0,300.0
5601,-992.0,72.0,292.0
5618,-992.0,72.0,292.0
5634,-992.0,72.0,292.0
5652,-992.0,72.0,292.0
5668,-992.0,72.0,292.0
5685,-992.0,72.0,292.0
5701,-976.0,-4.0,344.0
5718,-976.0,-4.0,344.0
5735,-976.0,-4.0,344.0
5751,-976.0,-4.0,344.0
5768,-976.0,-4.0,344.0
5784,-976.0,-4.0,344.0
5802,-976.0,-4.0,344.0
5818,-848.0,-192.0,428.0
5834,-848.0,-192.0,428.0
5851,-848.0,-192.0,428.0
5867,-848.0,-192.0,428.0
5885,-848.0,-192.0,428.0
5902,-848.0,-192.0,428.0
5918,-892.0,-348.0,488.0
5935,-892.0,-348.0,488.0
5952,-892.0,-348.0,488.0
5968,-892.0,-348.0,488.0
5985,-892.0,-348.0,488.0
6002,-892.0,-348.0,488.0
6018,-836.0,-288.0,464.0
6035,-836.0,-288.0,464.0
6052,-836.0,-288.0,464.0
6068,-836.0,-288.0,464.0
6084,-836.0,-288.0,464.0
6102,-836.0,-288.0,464.0
6118,-724.0,-452.0,564.0
6135,-724.0,-452.0,564.0
6151,-724.0,-452.0,564.0
6168,-724.0,-452.0,564.0
6184,-724.0,-452.0,564.0
6201,-724.0,-452.0,564.0
6218,-724.0,-452.0,564.0
6235,-656.0,-404.0,656.0
6251,-656.0,-404.0,656.0
6268,-656.0,-404.0,656.0
6284,-656.0,-404.0,656.0
6301,-656.0,-404.0,656.0
6318,-656.0,-404.0,656.0
6335,-708.0,-332.0,656.0
6352,-708.0,-332.0,656.0
6369,-708.0,-332.0,656.0
6385,-708.0,-332.0,656.0
6402,-708.0,-332.0,656.0
6418,-708.0,-332.0,656.0
6435,-744.0,-316.0,584.0
6452,-744.0,-316.0,584.0
6468,-744.0,-316.0,584.0
6484,-744.0,-316.0,584.0
6501,-744.0,-316.0,584.0
6518,-744.0,-316.0,584.0
6535,-820.0,-300.0,508.0
6551,-820.0,-300.0,508.0
6568,-820.0,-300.0,508.0
6584,-820.0,-300.0,508.0
6601,-820.0,-300.0,508.0
6618,-820.0,-300.0,508.0
6635,-884.0,-260.0,420.0
6652,-884.0,-260.0,420.0
6669,-884.0,-260.0,420.0
6685,-884.0,-260.0,420.0
6701,-884.0,-260.0,420.0
6718,-884.0,-260.0,420.0
6734,-884.0,-260.0,420.0
6751,-1064.0,-140.0,320.0
6768,-1064.0,-140.0,320.0
6784,-1064.0,-140.0,320.0
6802,-1064.0,-140.0,320.0
6818,-1064.0,-140.0,320.0
6835,-1064.0,-140.0,320.0
6851,-1096.0,-20.0,320.0
6868,-1096.0,-20.0,320.0
6885,-1096.0,-20.0,320.0
6902,-1096.0,-20.0,320.0
6918,-1096.0,-20.0,320.0
6934,-1096.0,-20.0,320.0
6951,-1036.0,56.0,280.0
6968,-1036.0,56.0,280.0
6985,-1036.0,56.0,280.0
7001,-1036.0,56.0,280.0
7019,-1036.0,56.0,280.0
7035,-1036.0,56.0,280.0
7052,-960.0,80.0,276.0
7068,-960.0,80.0,276.0
7085,-960.0,80.0,276.0
7102,-960.0,80.0,276.0
7118,-960.0,80.0,276.0
7135,-960.0,80.0,276.0
7152,-984.0,40.0,316.0
7168,-984.0,40.0,316.0
7184,-984.0,40.0,316.0
7202,-984.0,40.0,316.0
7219,-984.0,40.0,316.0
7235,-984.0,40.0,316.0
7252,-984.0,40.0,316.0
7269,-956.0,-4.0,364.0
7285,-956.0,-4.0,364.0
7302,-956.0,-4.0,364.0
7319,-956.0,-4.0,364.0
7335,-956.0,-4.0,364.0
7351,-956.0,-4.0,364.0
7368,-832.0,-132.0,416.0
7385,-832.0,-132.0,416.0
7402,-832.0,-132.0,416.0
7418,-832.0,-132.0,416.0
7435,-832.0,-132.0,416.0
7452,-832.0,-132.0,416.0
7469,-940.0,-192.0,488.0
7485,-940.0,-192.0,488.0
7501,-940.0,-192.0,488.0
7517,-940.0,-192.0,488.0
7534,-940.0,-192.0,488.0
7552,-940.0,-192.0,488.0
7569,-752.0,-292.0,464.0
7585,-752.0,-292.0,464.0
7602,-752.0,-292.0,464.0
7618,-752.0,-292.0,464.0
7635,-752.0,-292.0,464.0
7651,-752.0,-292.0,464.0
7668,-752.0,-292.0,464.0
7685,-756.0,-340.0,628.0
7701,-756.0,-340.0,628.0
7718,-756.0,-340.0,628.0
7735,-756.0,-340.0,628.0
7752,-756.0,-340.0,628.0
7768,-756.0,-340.0,628.0
7785,-688.0,-332.0,684.0
7801,-688.0,-332.0,684.0
7818,-688.0,-332.0,684.0
7836,-688.0,-332.0,684.0
7851,-688.0,-332.0,684.0
7868,-688.0,-332.0,684.0
7885,-668.0,-356.0,708.0
7901,-668.0,-356.0,708.0
7918,-668.0,-356.0,708.0
7934,-668.0,-356.0,708.0
7952,-668.0,-356.0,708.0
7968,-668.0,-356.0,708.0
7984,-692.0,-360.0,600.0
8002,-692.0,-360.0,600.0
8019,-692.0,-360.0,600.0
8035,-692.0,-360.0,600.0
8051,-692.0,-360.0,600.0
8069,-692.0,-360.0,600.0
8085,-756.0,-384.0,576.0
8102,-756.0,-384.0,576.0
8118,-756.0,-384.0,576.0
8134,-756.0,-384.0,576.0
8151,-756.0,-384.0,576.0
8169,-756.0,-384.0,576.0
8185,-756.0,-384.0,576.0
8201,-740.0,-376.0,548.0
8218,-740.0,-376.0,548.0
8234,-740.0,-376.0,548.0
8251,-740.0,-376.0,548.0
8269,-740.0,-376.0,548.0
8285,-740.0,-376.0,548.0
8302,-836.0,-228.0,480.0
8319,-836.0,-228.0,480.0
8335,-836.0,-228.0,480.0
8351,-836.0,-228.0,480.0
8368,-836.0,-228.0,480.0
8387,-836.0,-228.0,480.0
8405,-984.0,-124.0,444.0
8423,-984.0,-124.0,444.0
8442,-984.0,-124.0,444.0
8459,-984.0,-124.0,444.0
8476,-984.0,-124.0,444.0
8493,-984.0,-124.0,444.0
8509,-1028.0,-28.0,396.0
8526,-1028.0,-28.0,396.0
8543,-1028.0,-28.0,396.0
8560,-1028.0,-28.0,396.0
8576,-1028.0,-28.0,396.0
8593,-1028.0,-28.0,396.0
8609,-988.0,80.0,400.0
8626,-988.0,80.0,400.0
8642,-988.0,80.0,400.0
8659,-988.0,80.0,400.0
8676,-988.0,80.0,400.0
8692,-988.0,80.0,400.0
8709,-964.0,68.0,328.0
8725,-964.0,68.0,328.0
8743,-964.0,68.0,328.0
8759,-964.0,68.0,328.0
8776,-964.0,68.0,328.0
8792,-964.0,68.0,328.0
8809,-1004.0,96.0,336.0
8825,-1004.0,96.0,336.0
8842,-1004.0,96.0,336.0
8859,-1004.0,96.0,336.0
8876,-1004.0,96.0,336.0
8893,-1004.0,96.0,336.0
8909,-1004.0,96.0,336.0
8926,-1000.0,28.0,404.0
8942,-1000.0,28.0,404.0
8959,-1000.0,28.0,404.0
8975,-1000.0,28.0,404.0
8992,-1000.0,28.0,404.0
9009,-1000.0,28.0,404.0
9026,-952.0,-76.0,388.0
9042,-952.0,-76.0,388.0
9059,-952.0,-76.0,388.0
9075,-952.0,-76.0,388.0
9092,-952.0,-76.0,388.0
9110,-952.0,-76.0,388.0
9126,-904.0,-160.0,412.0
9143,-904.0,-160.0,412.0
9160,-904.0,-160.0,412.0
9176,-904.0,-160.0,412.0
9193,-904.0,-160.0,412.0
9209,-904.0,-160.0,412.0
9226,-800.0,-308.0,488.0
9243,-800.0,-308.0,488.0
9260,-800.0,-308.0,488.0
9276,-800.0,-308.0,488.0
9293,-800.0,-308.0,488.0
9309,-800.0,-308.0,488.0
9326,-800.0,-308.0,488.0
9343,-804.0,-252.0,556.0
9359,-804.0,-252.0,556.0
9375,-804.0,-252.0,556.0
9392,-804.0,-252.0,556.0
9410,-804.0,-252.0,556.0
9426,-804.0,-252.0,556.0
9442,-752.0,-336.0,600.0
9459,-752.0,-336.0,600.0
9476,-752.0,-336.0,600.0
9492,-752.0,-336.0,600.0
9509,-752.0,-336.0,600.0
9527,-752.0,-336.0,600.0
9542,-616.0,-340.0,700.0
9560,-616.0,-340.0,700.0
9576,-616.0,-340.0,700.0
9593,-616.0,-340.0,700.0
9610,-616.0,-340.0,700.0
9626,-616.0,-340.0,700.0
9643,-596.0,-344.0,712.0
9660,-596.0,-344.0,712.0
9676,-596.0,-344.0,712.0
9693,-596.0,-344.0,712.0
9709,-596.0,-344.0,712.0
9726,-596.0,-344.0,712.0
9743,-676.0,-264.0,680.0
9760,-676.0,-264.0,680.0
9776,-676.0,-264.0,680.0
9793,-676.0,-264.0,680.0
9809,-676.0,-264.0,680.0
9826,-676.0,-264.0,680.0
9842,-676.0,-264.0,680.0
9859,-760.0,-252.0,564.0
9876,-760.0,-252.0,564.0
9893,-760.0,-252.0,564.0
9910,-760.0,-252.0,564.0
9926,-760.0,-252.0,564.0
9942,-760.0,-252.0,564.0
9960,-872.0,-220.0,508.0
9976,-872.0,-220.0,508.0
9992,-872.0,-220.0,508.0
10010,-872.0,-220.0,508.0
10027,-872.0,-220.0,508.0
10043,-872.0,-220.0,508.0
10059,-972.0,-180.0,456.0
10076,-972.0,-180.0,456.0
10093,-972.0,-180.0,456.0
10109,-972.0,-180.0,456.0
10126,-972.0,-180.0,456.0
10143,-972.0,-180.0,456.0
10160,-1020.0,-128.0,400.0
10176,-1020.0,-128.0,400.0
10193,-1020.0,-128.0,400.0
10209,-1020.0,-128.0,400.0
10226,-1020.0,-128.0,400.0
10242,-1020.0,-128.0,400.0
10259,-996.0,-56.0,372.0
10276,-996.0,-56.0,372.0
10293,-996.0,-56.0,372.0
10310,-996.0,-56.0,372.0
10326,-996.0,-56.0,372.0
10343,-996.0,-56.0,372.0
10360,-996.0,-56.0,372.0
10376,-948.0,64.0,316.0
10393,-948.0,64.0,316.0
10409,-948.0,64.0,316.0
10426,-948.0,64.0,316.0
10443,-948.0,64.0,316.0
10460,-948.0,64.0,316.0
10476,-1000.0,76.0,320.0
10493,-1000.0,76.0,320.0
10510,-1000.0,76.0,320.0
10526,-1000.0,76.0,320.0
10542,-1000.0,76.0,320.0
10560,-1000.0,76.0,320.0
10576,-1016.0,-8.0,276.0
10593,-1016.0,-8.0,276.0
10609,-1016.0,-8.0,276.0
10626,-1016.0,-8.0,276.0
10643,-1016.0,-8.0,276.0
10659,-1016.0,-8.0,276.0
10676,-968.0,-84.0,332.0
10693,-968.0,-84.0,332.0
10709,-968.0,-84.0,332.0
10726,-968.0,-84.0,332.0
10743,-968.0,-84.0,332.0
10760,-968.0,-84.0,332.0
10776,-968.0,-84.0,332.0
10793,-868.0,-100.0,300.0
10809,-868.0,-100.0,300.0
10826,-868.0,-100.0,300.0
10843,-868.0,-100.0,300.0
10859,-868.0,-100.0,300.0
10877,-868.0,-100.0,300.0
10893,-876.0,-388.0,452.0
10909,-876.0,-388.0,452.0
10926,-876.0,-388.0,452.0
10944,-876.0,-388.0,452.0
10960,-876.0,-388.0,452.0
10976,-876.0,-388.0,452.0
10992,-812.0,-240.0,456.0
11009,-812.0,-240.0,456.0
11026,-812.0,-240.0,456.0
11043,-812.0,-240.0,456.0
11060,-812.0,-240.0,456.0
11076,-812.0,-240.0,456.0
11093,-752.0,-364.0,548.0
11109,-752.0,-364.0,548.0
11126,-752.0,-364.0,548.0
11143,-752.0,-364.0,548.0
11159,-752.0,-364.0,548.0
11176,-752.0,-364.0,548.0
11193,-736.0,-356.0,648.0
11210,-736.0,-356.0,648.0
11226,-736.0,-356.0,648.0
11243,-736.0,-356.0,648.0
11260,-736.0,-356.0,648.0
11277,-736.0,-356.0,648.0
11293,-736.0,-356.0,648.0
11310,-668.0,-384.0,660.0
11326,-668.0,-384.0,660.0
11343,-668.0,-384.0,660.0
11360,-668.0,-384.0,660.0
11376,-668.0,-384.0,660.0
11394,-668.0,-384.0,660.0
11410,-736.0,-336.0,644.0
11426,-736.0,-336.0,644.0
11443,-736.0,-336.0,644.0
11460,-736.0,-336.0,644.0
11477,-736.0,-336.0,644.0
11493,-736.0,-336.0,644.0
11510,-772.0,-284.0,560.0
11526,-772.0,-284.0,560.0
11543,-772.0,-284.0,560.0
11559,-772.0,-284.0,560.0
11576,-772.0,-284.0,560.0
11593,-772.0,-284.0,560.0
11609,-864.0,-232.0,472.0
11627,-864.0,-232.0,472.0
11644,-864.0,-232.0,472.0
11659,-864.0,-232.0,472.0
11677,-864.0,-232.0,472.0
11693,-864.0,-232.0,472.0
11710,-864.0,-232.0,472.0
11726,-888.0,-200.0,396.0
11743,-888.0,-200.0,396.0
11760,-888.0,-200.0,396.0
11777,-888.0,-200.0,396.0
11793,-888.0,-200.0,396.0
11810,-888.0,-200.0,396.0
11827,-1016.0,-88.0,352.0
11843,-1016.0,-88.0,352.0
11859,-1016.0,-88.0,352.0
11877,-1016.0,-88.0,352.0
11893,-1016.0,-88.0,352.0
11910,-1016.0,-88.0,352.0
11927,-1036.0,4.0,328.0
11943,-1036.0,4.0,328.0
11960,-1036.0,4.0,328.0
11976,-1036.0,4.0,328.0
11993,-1036.0,4.0,328.0
12010,-1036.0,4.0,328.0
12026,-1004.0,80.0,328.0
12043,-1004.0,80.0,328.0
12060,-1004.0,80.0,328.0
12076,-1004.0,80.0,328.0
12093,-1004.0,80.0,328.0
12109,-1004.0,80.0,328.0
12126,-1000.0,44.0,336.0
12143,-1000.0,44.0,336.0
12160,-1000.0,44.0,336.0
12178,-1000.0,44.0,336.0
12197,-1000.0,44.0,336.0
12215,-1000.0,44.0,336.0
12233,-960.0,20.0,348.0
12251,-960.0,20.0,348.0
12267,-960.0,20.0,348.0
12284,-960.0,20.0,348.0
12301,-960.0,20.0,348.0
12317,-960.0,20.0,348.0
12334,-964.0,-16.0,404.0
12351,-964.0,-16.0,404.0
12367,-964.0,-16.0,404.0
12383,-964.0,-16.0,404.0
12400,-964.0,-16.0,404.0
12417,-964.0,-16.0,404.0
12433,-964.0,-16.0,404.0
12449,-808.0,-272.0,456.0
12467,-808.0,-272.0,456.0
12484,-808.0,-272.0,456.0
12500,-808.0,-272.0,456.0
12517,-808.0,-272.0,456.0
12533,-808.0,-272.0,456.0
12550,-816.0,-224.0,484.0
12567,-816.0,-224.0,484.0
12583,-816.0,-224.0,484.0
12599,-816.0,-224.0,484.0
12617,-816.0,-224.0,484.0
12633,-816.0,-224.0,484.0
12650,-720.0,-324.0,564.0
12667,-720.0,-324.0,564.0
12683,-720.0,-324.0,564.0
12700,-720.0,-324.0,564.0
12716,-720.0,-324.0,564.0
12734,-720.0,-324.0,564.0
12750,-780.0,-284.0,636.0
12767,-780.0,-284.0,636.0
12783,-780.0,-284.0,636.0
12801,-780.0,-284.0,636.0
12816,-780.0,-284.0,636.0
12834,-780.0,-284.0,636.0
12850,-780.0,-284.0,636.0
12867,-724.0,-436.0,640.0
12884,-724.0,-436.0,640.0
12900,-724.0,-436.0,640.0
12917,-724.0,-436.0,640.0
12933,-724.0,-436.0,640.0
12950,-724.0,-436.0,640.0
12967,-684.0,-356.0,656.0
12984,-684.0,-356.0,656.0
13000,-684.0,-356.0,656.0
13017,-684.0,-356.0,656.0
13034,-684.0,-356.0,656.0
13050,-684.0,-356.0,656.0
13067,-704.0,-276.0,636.0
13083,-704.0,-276.0,636.0
13100,-704.0,-276.0,636.0
13117,-704.0,-276.0,636.0
13133,-704.0,-276.0,636.0
13150,-704.0,-276.0,636.0
13167,-756.0,-284.0,588.0
13183,-756.0,-284.0,588.0
13200,-756.0,-284.0,588.0
13216,-756.0,-284.0,588.0
13233,-756.0,-284.0,588.0
13250,-756.0,-284.0,588.0
13267,-808.0,-252.0,500.0
13284,-808.0,-252.0,500.0
13300,-808.0,-252.0,500.0
13317,-808.0,-252.0,500.0
13334,-808.0,-252.0,500.0
13350,-808.0,-252.0,500.0
13367,-808.0,-252.0,500.0
13383,-852.0,-200.0,468.0
13400,-852.0,-200.0,468.0
13417,-852.0,-200.0,468.0
13434,-852.0,-200.0,468.0
13451,-852.0,-200.0,468.0
13467,-852.0,-200.0,468.0
13483,-996.0,-44.0,444.0
13500,-996.0,-44.0,444.0
13517,-996.0,-44.0,444.0
13533,-996.0,-44.0,444.0
13551,-996.0,-44.0,444.0
13567,-996.0,-44.0,444.0
13583,-1060.0,20.0,452.0
13600,-1060.0,20.0,452.0
13617,-1060.0,20.0,452.0
13634,-1060.0,20.0,452.0
13650,-1060.0,20.0,452.0
13667,-1060.0,20.0,452.0
13684,-972.0,124.0,368.0
13700,-972.0,124.0,368.0
13717,-972.0,124.0,368.0
13734,-972.0,124.0,368.0
13750,-972.0,124.0,368.0
13767,-972.0,124.0,368.0
13784,-956.0,112.0,352.0
13801,-956.0,112.0,352.0
13817,-956.0,112.0,352.0
13833,-956.0,112.0,352.0
13850,-956.0,112.0,352.0
13867,-956.0,112.0,352.0
13883,-956.0,112.0,352.0
13901,-936.0,108.0,348.0
13917,-936.0,108.0,348.0
13934,-936.0,108.0,348.0
13950,-936.0,108.0,348.0
13967,-936.0,108.0,348.0
13983,-936.0,108.0,348.0
14001,-936.0,56.0,412.0
14017,-936.0,56.0,412.0
14034,-936.0,56.0,412.0
14051,-936.0,56.0,412.0
14067,-936.0,56.0,412.0
14084,-936.0,56.0,412.0
14101,-904.0,-120.0,412.0
14117,-904.0,-120.0,412.0
14134,-904.0,-120.0,412.0
14151,-904.0,-120.0,412.0
14167,-904.0,-120.0,412.0
14184,-904.0,-120.0,412.0
14200,-876.0,-264.0,484.0
14217,-876.0,-264.0,484.0
14234,-876.0,-264.0,484.0
14251,-876.0,-264.0,484.0
14267,-876.0,-264.0,484.0
14284,-876.0,-264.0,484.0
14300,-820.0,-284.0,540.0
14317,-820.0,-284.0,540.0
14334,-820.0,-284.0,540.0
14351,-820.0,-284.0,540.0
14367,-820.0,-284.0,540.0
14384,-820.0,-284.0,540.0
14401,-820.0,-284.0,540.0
14417,-764.0,-304.0,616.0
14434,-764.0,-304.0,616.0
14450,-764.0,-304.0,616.0
14467,-764.0,-304.0,616.0
14485,-764.0,-304.0,616.0
14500,-764.0,-304.0,616.0
14518,-708.0,-336.0,644.0
14534,-708.0,-336.0,644.0
14551,-708.0,-336.0,644.0
14567,-708.0,-336.0,644.0
14584,-708.0,-336.0,644.0
14600,-708.0,-336.0,644.0
14617,-780.0,-260.0,608.0
14634,-780.0,-260.0,608.0
14651,-780.0,-260.0,608.0
14668,-780.0,-260.0,608.0
14684,-780.0,-260.0,608.0
14700,-780.0,-260.0,608.0
14717,-840.0,-236.0,532.0
14734,-840.0,-236.0,532.0
14750,-840.0,-236.0,532.0
14767,-840.0,-236.0,532.0
14783,-840.0,-236.0,532.0
14800,-840.0,-236.0,532.0
14817,-840.0,-236.0,532.0
14835,-892.0,-172.0,460.0
14851,-892.0,-172.0,460.0
14867,-892.0,-172.0,460.0
14884,-892.0,-172.0,460.0
14900,-892.0,-172.0,460.0
14917,-892.0,-172.0,460.0
14934,-956.0,-128.0,404.0
14952,-956.0,-128.0,404.0
14967,-956.0,-128.0,404.0
14984,-956.0,-128.0,404.0
15001,-956.0,-128.0,404.0
15017,-956.0,-128.0,404.0
15034,-980.0,-104.0,384.0
15050,-980.0,-104.0,384.0
15068,-980.0,-104.0,384.0
15084,-980.0,-104.0,384.0
15101,-980.0,-104.0,384.0
15117,-980.0,-104.0,384.0
15134,-1020.0,-52.0,360.0
15150,-1020.0,-52.0,360.0
15168,-1020.0,-52.0,360.0
15184,-1020.0,-52.0,360.0
15200,-1020.0,-52.0,360.0
15217,-1020.0,-52.0,360.0
15234,-1024.0,-32.0,372.0
15251,-1024.0,-32.0,372.0
15267,-1024.0,-32.0,372.0
15284,-1024.0,-32.0,372.0
15301,-1024.0,-32.0,372.0
15318,-1024.0,-32.0,372.0
15334,-1024.0,-32.0,372.0
15351,-1024.0,64.0,352.0
15368,-1024.0,64.0,352.0
15384,-1024.0,64.0,352.0
15401,-1024.0,64.0,352.0
15417,-1024.0,64.0,352.0
15434,-1024.0,64.0,352.0
15450,-1012.0,120.0,312.0
15467,-1012.0,120.0,312.0
15484,-1012.0,120.0,312.0
15500,-1012.0,120.0,312.0
15518,-1012.0,120.0,312.0
15534,-1012.0,120.0,312.0
15551,-1012.0,140.0,280.0
15567,-1012.0,140.0,280.0
15584,-1012.0,140.0,280.0
15600,-1012.0,140.0,280.0
15618,-1012.0,140.0,280.0
15634,-1012.0,140.0,280.0
15650,-1060.0,-36.0,388.0
15668,-1060.0,-36.0,388.0
15685,-1060.0,-36.0,388.0
15701,-1060.0,-36.0,388.0
15718,-1060.0,-36.0,388.0
15734,-1060.0,-36.0,388.0
15751,-972.0,-104.0,356.0
15767,-972.0,-104.0,356.0
15784,-972.0,-104.0,356.0
15800,-972.0,-104.0,356.0
15818,-972.0,-104.0,356.0
15834,-972.0,-104.0,356.0
15851,-972.0,-104.0,356.0
15867,-896.0,-356.0,448.0
15884,-896.0,-356.0,448.0
15902,-896.0,-356.0,448.0
15920,-896.0,-356.0,448.0
15938,-896.0,-356.0,448.0
15957,-896.0,-356.0,448.0
15974,-832.0,-232.0,472.0
15991,-832.0,-232.0,472.0
16008,-832.0,-232.0,472.0
16025,-832.0,-232.0,472.0
16042,-832.0,-232.0,472.0
16058,-832.0,-232.0,472.0
16075,-812.0,-268.0,516.0
16092,-812.0,-268.0,516.0
16108,-812.0,-268.0,516.0
16125,-812.0,-268.0,516.0
16141,-812.0,-268.0,516.0
16157,-812.0,-268.0,516.0
16175,-724.0,-352.0,576.0
16191,-724.0,-352.0,576.0
16208,-724.0,-352.0,576.0
16225,-724.0,-352.0,576.0
16241,-724.0,-352.0,576.0
16258,-724.0,-352.0,576.0
16274,-728.0,-428.0,620.0
16291,-728.0,-428.0,620.0
16307,-728.0,-428.0,620.0
16324,-728.0,-428.0,620.0
16341,-728.0,-428.0,620.0
16358,-728.0,-428.0,620.0
16374,-688.0,-372.0,620.0
16391,-688.0,-372.0,620.0
16408,-688.0,-372.0,620.0
16424,-688.0,-372.0,620.0
16441,-688.0,-372.0,620.0
16458,-688.0,-372.0,620.0
16474,-688.0,-372.0,620.0
16491,-792.0,-316.0,572.0
16507,-792.0,-316.0,572.0
16524,-792.0,-316.0,572.0
16541,-792.0,-316.0,572.0
16557,-792.0,-316.0,572.0
16575,-792.0,-316.0,572.0
16591,-916.0,-176.0,408.0
16608,-916.0,-176.0,408.0
16624,-916.0,-176.0,408.0
16641,-916.0,-176.0,408.0
16657,-916.0,-176.0,408.0
16675,-916.0,-176.0,408.0
16691,-956.0,-152.0,368.0
16708,-956.0,-152.0,368.0
16725,-956.0,-152.0,368.0
16742,-956.0,-152.0,368.0
16758,-956.0,-152.0,368.0
16775,-956.0,-152.0,368.0
16791,-1028.0,-28.0,284.0
16808,-1028.0,-28.0,284.0
16824,-1028.0,-28.0,284.0
16841,-1028.0,-28.0,284.0
16858,-1028.0,-28.0,284.0
16875,-1028.0,-28.0,284.0
16891,-1028.0,-28.0,284.0
16908,-1076.0,-76.0,328.0
16925,-1076.0,-76.0,328.0
16941,-1076.0,-76.0,328.0
16958,-1076.0,-76.0,328.0
16974,-1076.0,-76.0,328.0
16991,-1076.0,-76.0,328.0
17009,-1040.0,-32.0,340.0
17025,-1040.0,-32.0,340.0
17042,-1040.0,-32.0,340.0
17058,-1040.0,-32.0,340.0
17075,-1040.0,-32.0,340.0
17091,-1040.0,-32.0,340.0
17108,-1000.0,44.0,344.0
17125,-1000.0,44.0,344.0
17142,-1000.0,44.0,344.0
17158,-1000.0,44.0,344.0
17175,-1000.0,44.0,344.0
17191,-1000.0,44.0,344.0
17208,-1004.0,52.0,300.0
17225,-1004.0,52.0,300.0
17241,-1004.0,52.0,300.0
17259,-1004.0,52.0,300.0
17275,-1004.0,52.0,300.0
17292,-1004.0,52.0,300.0
17308,-992.0,84.0,328.0
17325,-992.0,84.0,328.0
17341,-992.0,84.0,328.0
17358,-992.0,84.0,328.0
17374,-992.0,84.0,328.0
17392,-992.0,84.0,328.0
17408,-992.0,84.0,328.0
17425,-924.0,-16.0,312.0
17441,-924.0,-16.0,312.0
17458,-924.0,-16.0,312.0
17475,-924.0,-16.0,312.0
17491,-924.0,-16.0,312.0
17508,-924.0,-16.0,312.0
17524,-972.0,-296.0,404.0
17542,-972.0,-296.0,404.0
17558,-972.0,-296.0,404.0
17575,-972.0,-296.0,404.0
17591,-972.0,-296.0,404.0
17608,-972.0,-296.0,404.0
17624,-920.0,-284.0,424.0
17641,-920.0,-284.0,424.0
17659,-920.0,-284.0,424.0
17675,-920.0,-284.0,424.0
17691,-920.0,-284.0,424.0
17709,-920.0,-284.0,424.0
17724,-844.0,-296.0,468.0
17741,-844.0,-296.0,468.0
17757,-844.0,-296.0,468.0
17775,-844.0,-296.0,468.0
17791,-844.0,-296.0,468.0
17809,-844.0,-296.0,468.0
17825,-840.0,-332.0,516.0
17842,-840.0,-332.0,516.0
17858,-840.0,-332.0,516.0
17875,-840.0,-332.0,516.0
17891,-840.0,-332.0,516.0
17908,-840.0,-332.0,516.0
17925,-840.0,-332.0,516.0
17941,-812.0,-308.0,516.0
17959,-812.0,-308.0,516.0
17975,-812.0,-308.0,516.0
17992,-812.0,-308.0,516.0
18008,-812.0,-308.0,516.0
18025,-812.0,-308.0,516.0
18042,-824.0,-228.0,528.0
18059,-824.0,-228.0,528.0
18075,-824.0,-228.0,528.0
18091,-824.0,-228.0,528.0
18108,-824.0,-228.0,528.0
18126,-824.0,-228.0,528.0
18141,-852.0,-288.0,492.0
18159,-852.0,-288.0,492.0
18175,-852.0,-288.0,492.0
18192,-852.0,-288.0,492.0
18209,-852.0,-288.0,492.0
18225,-852.0,-288.0,492.0
18242,-916.0,-192.0,444.0
18258,-916.0,-192.0,444.0
18275,-916.0,-192.0,444.0
18292,-916.0,-192.0,444.0
18309,-916.0,-192.0,444.0
18325,-916.0,-192.0,444.0
18342,-948.0,-140.0,388.0
18358,-948.0,-140.0,388.0
18375,-948.0,-140.0,388.0
18392,-948.0,-140.0,388.0
18409,-948.0,-140.0,388.0
18425,-948.0,-140.0,388.0
18442,-948.0,-140.0,388.0
18458,-960.0,-28.0,336.0
18475,-960.0,-28.0,336.0
18491,-960.0,-28.0,336.0
18508,-960.0,-28.0,336.0
18524,-960.0,-28.0,336.0
18542,-960.0,-28.0,336.0
18558,-996.0,-92.0,360.0
18575,-996.0,-92.0,360.0
18592,-996.0,-92.0,360.0
18609,-996.0,-92.0,360.0
18626,-996.0,-92.0,360.0
18642,-996.0,-92.0,360.0
18658,-1024.0,-20.0,320.0
18675,-1024.0,-20.0,320.0
18691,-1024.0,-20.0,320.0
18708,-1024.0,-20.0,320.0
18724,-1024.0,-20.0,320.0
18742,-1024.0,-20.0,320.0
18758,-1040.0,60.0,324.0
18775,-1040.0,60.0,324.0
18792,-1040.0,60.0,324.0
18809,-1040.0,60.0,324.0
18825,-1040.0,60.0,324.0
18842,-1040.0,60.0,324.0
18858,-1040.0,60.0,324.0
18875,-1012.0,8.0,300.0
18891,-1012.0,8.0,300.0
18908,-1012.0,8.0,300.0
18925,-1012.0,8.0,300.0
18941,-1012.0,8.0,300.0
18958,-1012.0,8.0,300.0
18974,-980.0,132.0,264.0
18991,-980.0,132.0,264.0
19009,-980.0,132.0,264.0
19025,-980.0,132.0,264.0
19042,-980.0,132.0,264.0
19059,-980.0,132.0,264.0
19076,-980.0,-64.0,324.0
19092,-980.0,-64.0,324.0
19109,-980.0,-64.0,324.0
19124,-980.0,-64.0,324.0
19143,-980.0,-64.0,324.0
19166,-980.0,-64.0,324.0
19183,-924.0,-236.0,400.0
19200,-924.0,-236.0,400.0
19216,-924.0,-236.0,400.0
19234,-924.0,-236.0,400.0
19251,-924.0,-236.0,400.0
19268,-924.0,-236.0,400.0
19284,-936.0,-276.0,372.0
19301,-936.0,-276.0,372.0
19317,-936.0,-276.0,372.0
19334,-936.0,-276.0,372.0
19351,-936.0,-276.0,372.0
19367,-936.0,-276.0,372.0
19383,-936.0,-192.0,360.0
19401,-936.0,-192.0,360.0
19417,-936.0,-192.0,360.0
19434,-936.0,-192.0,360.0
19449,-936.0,-192.0,360.0
19467,-936.0,-192.0,360.0
19483,-912.0,-272.0,408.0
19500,-912.0,-272.0,408.0
19517,-912.0,-272.0,408.0
19534,-912.0,-272.0,408.0
19550,-912.0,-272.0,408.0
19566,-912.0,-272.0,408.0
19583,-912.0,-272.0,408.0
19600,-868.0,-272.0,456.0
19617,-868.0,-272.0,456.0
19633,-868.0,-272.0,456.0
19650,-868.0,-272.0,456.0
19666,-868.0,-272.0,456.0
19684,-868.0,-272.0,456.0
19700,-928.0,-252.0,380.0
19716,-928.0,-252.0,380.0
19733,-928.0,-252.0,380.0
19750,-928.0,-252.0,380.0
19767,-928.0,-252.0,380.0
19783,-928.0,-252.0,380.0
19800,-972.0,-100.0,340.0
19816,-972.0,-100.0,340.0
19834,-972.0,-100.0,340.0
19850,-972.0,-100.0,340.0
19867,-972.0,-100.0,340.0
19884,-972.0,-100.0,340.0
19901,-984.0,-84.0,300.0
19917,-984.0,-84.0,300.0
19934,-984.0,-84.0,300.0
19950,-984.0,-84.0,300.0
19967,-984.0,-84.0,300.0
19983,-984.0,-84.0,300.0
20000,-992.0,-108.0,288.0
20017,-992.0,-108.0,288.0
20033,-992.0,-108.0,288.0
20051,-992.0,-108.0,288.0
20067,-992.0,-108.0,288.0
20083,-992.0,-108.0,288.0
20100,-992.0,-108.0,288.0
20117,-1024.0,-104.0,272.0
20133,-1024.0,-104.0,272.0
20150,-1024.0,-104.0,272.0
20167,-1024.0,-104.0,272.0
20183,-1024.0,-104.0,272.0
20200,-1024.0,-104.0,272.0
20216,-1028.0,-72.0,272.0
20233,-1028.0,-72.0,272.0
20250,-1028.0,-72.0,272.0
20267,-1028.0,-72.0,272.0
20283,-1028.0,-72.0,272.0
20300,-1028.0,-72.0,272.0
20318,-1044.0,-16.0,256.0
20334,-1044.0,-16.0,256.0
20351,-1044.0,-16.0,256.0
20367,-1044.0,-16.0,256.0
20383,-1044.0,-16.0,256.0
20400,-1044.0,-16.0,256.0
20417,-1068.0,8.0,260.0
20434,-1068.0,8.0,260.0
20450,-1068.0,8.0,260.0
20467,-1068.0,8.0,260.0
20483,-1068.0,8.0,260.0
20500,-1068.0,8.0,260.0
20517,-1068.0,8.0,260.0
20534,-1028.0,72.0,224.0
20551,-1028.0,72.0,224.0
20567,-1028.0,72.0,224.0
20583,-1028.0,72.0,224.0
20600,-1028.0,72.0,224.0
20617,-1028.0,72.0,224.0
20633,-988.0,-56.0,308.0
20651,-988.0,-56.0,308.0
20668,-988.0,-56.0,308.0
20684,-988.0,-56.0,308.0
20701,-988.0,-56.0,308.0
20717,-988.0,-56.0,308.0
20734,-912.0,-360.0,360.0
20750,-912.0,-360.0,360.0
20767,-912.0,-360.0,360.0
20783,-912.0,-360.0,360.0
20801,-912.0,-360.0,360.0
20818,-912.0,-360.0,360.0
20834,-888.0,-264.0,348.0
20850,-888.0,-264.0,348.0
20868,-888.0,-264.0,348.0
20884,-888.0,-264.0,348.0
20900,-888.0,-264.0,348.0
20917,-888.0,-264.0,348.0
20933,-940.0,-308.0,392.0
20950,-940.0,-308.0,392.0
20967,-940.0,-308.0,392.0
20984,-940.0,-308.0,392.0
21001,-940.0,-308.0,392.0
21017,-940.0,-308.0,392.0
21034,-940.0,-308.0,392.0
21050,-884.0,-212.0,388.0
21067,-884.0,-212.0,388.0
21084,-884.0,-212.0,388.0
21100,-884.0,-212.0,388.0
21118,-884.0,-212.0,388.0
21134,-884.0,-212.0,388.0
21151,-932.0,-384.0,392.0
21167,-932.0,-384.0,392.0
21184,-932.0,-384.0,392.0
21201,-932.0,-384.0,392.0
21217,-932.0,-384.0,392.0
21234,-932.0,-384.0,392.0
21250,-952.0,-196.0,340.0
21268,-952.0,-196.0,340.0
21284,-952.0,-196.0,340.0
21300,-952.0,-196.0,340.0
21317,-952.0,-196.0,340.0
21334,-952.0,-196.0,340.0
21350,-968.0,-196.0,332.0
21367,-968.0,-196.0,332.0
21384,-968.0,-196.0,332.0
21400,-968.0,-196.0,332.0
21417,-968.0,-196.0,332.0
21434,-968.0,-196.0,332.0
21450,-968.0,-196.0,332.0
21468,-1004.0,-172.0,292.0
21484,-1004.0,-172.0,292.0
21501,-1004.0,-172.0,292.0
21517,-1004.0,-172.0,292.0
21534,-1004.0,-172.0,292.0
21551,-1004.0,-172.0,292.0
21568,-1032.0,-160.0,272.0
21584,-1032.0,-160.0,272.0
21601,-1032.0,-160.0,272.0
21618,-1032.0,-160.0,272.0
21634,-1032.0,-160.0,272.0
21651,-1032.0,-160.0,272.0
21667,-1020.0,-80.0,260.0
21684,-1020.0,-80.0,260.0
21701,-1020.0,-80.0,260.0
21718,-1020.0,-80.0,260.0
21734,-1020.0,-80.0,260.0
21751,-1020.0,-80.0,260.0
21767,-1020.0,-64.0,236.0
21784,-1020.0,-64.0,236.0
21801,-1020.0,-64.0,236.0
21817,-1020.0,-64.0,236.0
21834,-1020.0,-64.0,236.0
21851,-1020.0,-64.0,236.0
21867,-1040.0,-52.0,228.0
21884,-1040.0,-52.0,228.0
21901,-1040.0,-52.0,228.0
21917,-1040.0,-52.0,228.0
21933,-1040.0,-52.0,228.0
21950,-1040.0,-52.0,228.0
21968,-1040.0,-52.0,228.0
21984,-1048.0,-76.0,192.0
22001,-1048.0,-76.0,192.0
22017,-1048.0,-76.0,192.0
22034,-1048.0,-76.0,192.0
22050,-1048.0,-76.0,192.0
22068,-1048.0,-76.0,192.0
22083,-1032.0,-32.0,144.0
22101,-1032.0,-32.0,144.0
22117,-1032.0,-32.0,144.0
22134,-1032.0,-32.0,144.0
22151,-1032.0,-32.0,144.0
22168,-1032.0,-32.0,144.0
22184,-1052.0,-40.0,24.0
22200,-1052.0,-40.0,24.0
22217,-1052.0,-40.0,24.0
22234,-1052.0,-40.0,24.0
22251,-1052.0,-40.0,24.0
22268,-1052.0,-40.0,24.0
22285,-1020.0,-28.0,4.0
22300,-1020.0,-28.0,4.0
22317,-1020.0,-28.0,4.0
22334,-1020.0,-28.0,4.0
22352,-1020.0,-28.0,4.0
22368,-1020.0,-28.0,4.0
22384,-1036.0,64.0,-24.0
22401,-1036.0,64.0,-24.0
22418,-1036.0,64.0,-24.0
22434,-1036.0,64.0,-24.0
22451,-1036.0,64.0,-24.0
22468,-1036.0,64.0,-24.0
22484,-1036.0,64.0,-24.0
22501,-1036.0,-56.0,-8.0
22517,-1036.0,-56.0,-8.0
22534,-1036.0,-56.0,-8.0
22550,-1036.0,-56.0,-8.0
22567,-1036.0,-56.0,-8.0
22585,-1036.0,-56.0,-8.0
22601,-1108.0,-108.0,-116.0
22617,-1108.0,-108.0,-116.0
22634,-1108.0,-108.0,-116.0
22651,-1108.0,-108.0,-116.0
22667,-1108.0,-108.0,-116.0
22684,-1108.0,-108.0,-116.0
22702,-1044.0,-32.0,-148.0
22718,-1044.0,-32.0,-148.0
22734,-1044.0,-32.0,-148.0
22751,-1044.0,-32.0,-148.0
22767,-1044.0,-32.0,-148.0
22784,-1044.0,-32.0,-148.0
22802,-1124.0,-52.0,-184.0
22820,-1124.0,-52.0,-184.0
22839,-1124.0,-52.0,-184.0
22857,-1124.0,-52.0,-184.0
22874,-1124.0,-52.0,-184.0
22891,-1124.0,-52.0,-184.0
22908,-884.0,-24.0,-84.0
22925,-884.0,-24.0,-84.0
22942,-884.0,-24.0,-84.0
22959,-884.0,-24.0,-84.0
22975,-884.0,-24.0,-84.0
22992,-884.0,-24.0,-84.0
23008,-980.0,-32.0,-196.0
23025,-980.0,-32.0,-196.0
23042,-980.0,-32.0,-196.0
23058,-980.0,-32.0,-196.0
23074,-980.0,-32.0,-196.0
23091,-980.0,-32.0,-196.0
23107,-980.0,-32.0,-196.0
23125,-1028.0,-8.0,-208.0
23141,-1028.0,-8.0,-208.0
23158,-1028.0,-8.0,-208.0
23174,-1028.0,-8.0,-208.0
23191,-1028.0,-8.0,-208.0
23208,-1028.0,-8.0,-208.0
23225,-1052.0,20.0,-88.0
23242,-1052.0,20.0,-88.0
23258,-1052.0,20.0,-88.0
23274,-1052.0,20.0,-88.0
23291,-1052.0,20.0,-88.0
23308,-1052.0,20.0,-88.0
23324,-1076.0,168.0,-108.0
23341,-1076.0,168.0,-108.0
23358,-1076.0,168.0,-108.0
23374,-1076.0,168.0,-108.0
23392,-1076.0,168.0,-108.0
23408,-1076.0,168.0,-108.0
23425,-1036.0,108.0,-220.0
23442,-1036.0,108.0,-220.0
23458,-1036.0,108.0,-220.0
23475,-1036.0,108.0,-220.0
23491,-1036.0,108.0,-220.0
23508,-1036.0,108.0,-220.0
23525,-952.0,224.0,-132.0
23542,-952.0,224.0,-132.0
