MILLIS,X,Y,Z
1389,-928.0,456.0,152.0
1501,-996.0,424.0,88.0
1517,-996.0,424.0,88.0
1532,-996.0,424.0,88.0
1549,-996.0,424.0,88.0
1566,-996.0,424.0,88.0
1583,-996.0,424.0,88.0
1601,-972.0,316.0,108.0
1616,-972.0,316.0,108.0
1633,-972.0,316.0,108.0
1650,-972.0,316.0,108.0
1666,-972.0,316.0,108.0
1683,-972.0,316.0,108.0
1700,-972.0,316.0,108.0
1716,-972.0,340.0,80.0
1734,-972.0,340.0,80.0
1750,-972.0,340.0,80.0
1767,-972.0,340.0,80.0
1783,-972.0,340.0,80.0
1800,-972.0,340.0,80.0
1816,-980.0,428.0,80.0
1833,-980.0,428.0,80.0
1850,-980.0,428.0,80.0
1866,-980.0,428.0,80.0
1883,-980.0,428.0,80.0
1899,-980.0,428.0,80.0
1916,-940.0,376.0,100.0
1933,-940.0,376.0,100.0
1949,-940.0,376.0,100.0
1966,-940.0,376.0,100.0
1982,-940.0,376.0,100.0
1999,-940.0,376.0,100.0
2016,-1008.0,420.0,144.0
2033,-1008.0,420.0,144.0
2049,-1008.0,420.0,144.0
2066,-1008.0,420.0,144.0
2083,-1008.0,420.0,144.0
2099,-1008.0,420.0,144.0
2116,-972.0,556.0,132.0
2132,-972.0,556.0,132.0
2149,-972.0,556.0,132.0
2165,-972.0,556.0,132.0
2183,-972.0,556.0,132.0
2199,-972.0,556.0,132.0
2215,-972.0,556.0,132.0
2232,-896.0,504.0,180.0
2248,-896.0,504.0,180.0
2266,-896.0,504.0,180.0
2283,-896.0,504.0,180.0
2299,-896.0,504.0,180.0
2316,-896.0,504.0,180.0
2332,-944.0,440.0,184.0
2350,-944.0,440.0,184.0
2366,-944.0,440.0,184.0
2383,-944.0,440.0,184.0
2399,-944.0,440.0,184.0
2416,-944.0,440.0,184.0
2433,-964.0,396.0,172.0
2449,-964.0,396.0,172.0
2466,-964.0,396.0,172.0
2482,-964.0,396.0,172.0
2499,-964.0,396.0,172.0
2516,-964.0,396.0,172.0
2532,-920.0,420.0,160.0
2549,-920.0,420.0,160.0
2567,-920.0,420.0,160.0
2583,-920.0,420.0,160.0
2600,-920.0,420.0,160.0
2616,-920.0,420.0,160.0
2633,-920.0,420.0,136.0
2649,-960.0,392.0,136.0
2666,-960.0,392.0,136.0
2683,-960.0,392.0,136.0
2699,-960.0,392.0,136.0
2716,-960.0,392.0,136.0
2732,-960.0,392.0,136.0
2749,-1028.0,408.0,156.0
2766,-1028.0,408.0,156.0
2783,-1028.0,408.0,156.0
2800,-1028.0,408.0,156.0
2816,-1028.0,408.0,156.0
2833,-1028.0,408.0,156.0
2849,-1020.0,284.0,120.0
2867,-1020.0,284.0,120.0
2883,-1020.0,284.0,120.0
2900,-1020.0,284.0,120.0
2916,-1020.0,284.0,120.0
2932,-1020.0,284.0,120.0
2949,-1036.0,148.0,140.0
2966,-1036.0,148.0,140.0
2983,-1036.0,148.0,140.0
2999,-1036.0,148.0,140.0
3017,-1036.0,148.0,140.0
3033,-1036.0,148.0,140.0
3050,-1044.0,200.0,144.0
3066,-1044.0,200.0,144.0
3083,-1044.0,200.0,144.0
3100,-1044.0,200.0,144.0
3116,-1044.0,200.0,144.0
3132,-1044.0,200.0,144.0
3149,-1044.0,200.0,144.0
3166,-1020.0,256.0,156.0
3183,-1020.0,256.0,156.0
3199,-1020.0,256.0,156.0
3216,-1020.0,256.0,156.0
3232,-1020.0,256.0,156.0
3249,-1020.0,256.0,156.0
3266,-1024.0,400.0,104.0
3283,-1024.0,400.0,104.0
3300,-1024.0,400.0,104.0
3316,-1024.0,400.0,104.0
3333,-1024.0,400.0,104.0
3349,-1024.0,400.0,104.0
3366,-1008.0,496.0,132.0
3382,-1008.0,496.0,132.0
3399,-1008.0,496.0,132.0
3416,-1008.0,496.0,132.0
3433,-1008.0,496.0,132.0
3450,-1008.0,496.0,132.0
3466,-952.0,396.0,196.0
3483,-952.0,396.0,196.0
3500,-952.0,396.0,196.0
3516,-952.0,396.0,196.0
3533,-952.0,396.0,196.0
3549,-952.0,396.0,196.0
3566,-952.0,396.0,196.0
3583,-956.0,444.0,156.0
3599,-956.0,444.0,156.0
3616,-956.0,444.0,156.0
3633,-956.0,444.0,156.0
3649,-956.0,444.0,156.0
3666,-956.0,444.0,156.0
3683,-952.0,420.0,140.0
3699,-952.0,420.0,140.0
3716,-952.0,420.0,140.0
3733,-952.0,420.0,140.0
3750,-952.0,420.0,140.0
3766,-952.0,420.0,140.0
3783,-984.0,408.0,120.0
3799,-984.0,408.0,120.0
3816,-984.0,408.0,120.0
3833,-984.0,408.0,120.0
3850,-984.0,408.0,120.0
3866,-984.0,408.0,120.0
3882,-972.0,388.0,112.0
3899,-972.0,388.0,112.0
3916,-972.0,388.0,112.0
3933,-972.0,388.0,112.0
3949,-972.0,388.0,112.0
3966,-972.0,388.0,112.0
3982,-984.0,380.0,52.0
4000,-984.0,380.0,52.0
4016,-984.0,380.0,52.0
4033,-984.0,380.0,52.0
4049,-984.0,380.0,52.0
4066,-984.0,380.0,52.0
4082,-984.0,380.0,52.0
4099,-1004.0,324.0,96.0
4116,-1004.0,324.0,96.0
4133,-1004.0,324.0,96.0
4150,-1004.0,324.0,96.0
4166,-1004.0,324.0,96.0
4183,-1004.0,324.0,96.0
4199,-988.0,356.0,92.0
4216,-988.0,356.0,92.0
4232,-988.0,356.0,92.0
4249,-988.0,356.0,92.0
4265,-988.0,356.0,92.0
4283,-988.0,356.0,92.0
4300,-1032.0,400.0,84.0
4316,-1032.0,400.0,84.0
4333,-1032.0,400.0,84.0
4350,-1032.0,400.0,84.0
4366,-1032.0,400.0,84.0
4383,-1032.0,400.0,84.0
4399,-976.0,272.0,84.0
4415,-976.0,272.0,84.0
4433,-976.0,272.0,84.0
4450,-976.0,272.0,84.0
4466,-976.0,272.0,84.0
4482,-976.0,272.0,84.0
4499,-976.0,272.0,84.0
4516,-1024.0,216.0,192.0
4533,-1024.0,216.0,192.0
4549,-1024.0,216.0,192.0
4566,-1024.0,216.0,192.0
4582,-1024.0,216.0,192.0
4599,-1024.0,216.0,192.0
4617,-992.0,292.0,224.0
4633,-992.0,292.0,224.0
4649,-992.0,292.0,224.0
4666,-992.0,292.0,224.0
4683,-992.0,292.0,224.0
4699,-992.0,292.0,224.0
4716,-964.0,224.0,288.0
4732,-964.0,224.0,288.0
4749,-964.0,224.0,288.0
4766,-964.0,224.0,288.0
4783,-964.0,224.0,288.0
4800,-964.0,224.0,288.0
4816,-992.0,184.0,284.0
4833,-992.0,184.0,284.0
4849,-992.0,184.0,284.0
4865,-992.0,184.0,284.0
4883,-992.0,184.0,284.0
4900,-992.0,184.0,284.0
4915,-1012.0,212.0,316.0
4933,-1012.0,212.0,316.0
4949,-1012.0,212.0,316.0
4966,-1012.0,212.0,316.0
4985,-1012.0,212.0,316.0
5004,-1012.0,212.0,316.0
5022,-972.0,224.0,244.0
5040,-972.0,224.0,244.0
5057,-972.0,224.0,244.0
5074,-972.0,224.0,244.0
5090,-972.0,224.0,244.0
5108,-972.0,224.0,244.0
5124,-972.0,300.0,184.0
5141,-972.0,300.0,184.0
5157,-972.0,300.0,184.0
5174,-972.0,300.0,184.0
5190,-972.0,300.0,184.0
5208,-972.0,300.0,184.0
5224,-972.0,300.0,184.0
5241,-1020.0,372.0,124.0
5257,-1020.0,372.0,124.0
5274,-1020.0,372.0,124.0
5291,-1020.0,372.0,124.0
5307,-1020.0,372.0,124.0
5324,-1020.0,372.0,124.0
5340,-972.0,372.0,72.0
5357,-972.0,372.0,72.0
5373,-972.0,372.0,72.0
5391,-972.0,372.0,72.0
5407,-972.0,372.0,72.0
5424,-972.0,372.0,72.0
5440,-1004.0,304.0,120.0
5457,-1004.0,304.0,120.0
5474,-1004.0,304.0,120.0
5490,-1004.0,304.0,120.0
5507,-1004.0,304.0,120.0
5524,-1004.0,304.0,120.0
5540,-1044.0,304.0,40.0
5557,-1044.0,304.0,40.0
5573,-1044.0,304.0,40.0
5591,-1044.0,304.0,40.0
5607,-1044.0,304.0,40.0
5623,-1044.0,304.0,40.0
5640,-1012.0,312.0,72.0
5656,-1012.0,312.0,72.0
5673,-1012.0,312.0,72.0
5690,-1012.0,312.0,72.0
5708,-1012.0,312.0,72.0
5724,-1012.0,312.0,72.0
5741,-1012.0,312.0,72.0
5758,-1024.0,284.0,36.0
5774,-1024.0,284.0,36.0
5790,-1024.0,284.0,36.0
5807,-1024.0,284.0,36.0
5824,-1024.0,284.0,36.0
5841,-1024.0,284.0,36.0
5857,-1036.0,280.0,64.0
5874,-1036.0,280.0,64.0
5891,-1036.0,280.0,64.0
5907,-1036.0,280.0,64.0
5924,-1036.0,280.0,64.0
5940,-1036.0,280.0,64.0
5957,-1072.0,96.0,140.0
5974,-1072.0,96.0,140.0
5991,-1072.0,96.0,140.0
6008,-1072.0,96.0,140.0
6024,-1072.0,96.0,140.0
6040,-1072.0,96.0,140.0
6058,-1068.0,64.0,128.0
6074,-1068.0,64.0,128.0
6090,-1068.0,64.0,128.0
6108,-1068.0,64.0,128.0
6124,-1068.0,64.0,128.0
6141,-1068.0,64.0,128.0
6157,-1012.0,44.0,200.0
6175,-1012.0,44.0,200.0
6191,-1012.0,44.0,200.0
6208,-1012.0,44.0,200.0
6224,-1012.0,44.0,200.0
6241,-1012.0,44.0,200.0
6257,-1012.0,44.0,200.0
6275,-1012.0,-32.0,200.0
6291,-1012.0,-32.0,200.0
6308,-1012.0,-32.0,200.0
6324,-1012.0,-32.0,200.0
6340,-1012.0,-32.0,200.0
6357,-1012.0,-32.0,200.0
6374,-1056.0,-24.0,196.0
6391,-1056.0,-24.0,196.0
6408,-1056.0,-24.0,196.0
6424,-1056.0,-24.0,196.0
6441,-1056.0,-24.0,196.0
6457,-1056.0,-24.0,196.0
6474,-1056.0,248.0,120.0
6491,-1056.0,248.0,120.0
6507,-1056.0,248.0,120.0
6524,-1056.0,248.0,120.0
6541,-1056.0,248.0,120.0
6557,-1056.0,248.0,120.0
6574,-1072.0,312.0,80.0
6591,-1072.0,312.0,80.0
6607,-1072.0,312.0,80.0
6624,-1072.0,312.0,80.0
6641,-1072.0,312.0,80.0
6658,-1072.0,312.0,80.0
6674,-1072.0,312.0,80.0
6691,-996.0,296.0,48.0
6707,-996.0,296.0,48.0
6724,-996.0,296.0,48.0
6741,-996.0,296.0,48.0
6757,-996.0,296.0,48.0
6774,-996.0,296.0,48.0
6790,-1032.0,268.0,68.0
6807,-1032.0,268.0,68.0
6825,-1032.0,268.0,68.0
6841,-1032.0,268.0,68.0
6858,-1032.0,268.0,68.0
6874,-1032.0,268.0,68.0
6891,-1048.0,248.0,56.0
6907,-1048.0,248.0,56.0
6925,-1048.0,248.0,56.0
6941,-1048.0,248.0,56.0
6957,-1048.0,248.0,56.0
6974,-1048.0,248.0,56.0
6991,-1048.0,240.0,4.0
7008,-1048.0,240.0,4.0
7024,-1048.0,240.0,4.0
7041,-1048.0,240.0,4.0
7058,-1048.0,240.0,4.0
7074,-1048.0,240.0,4.0
7091,-1036.0,224.0,-4.0
7108,-1036.0,224.0,-4.0
7124,-1036.0,224.0,-4.0
7141,-1036.0,224.0,-4.0
7157,-1036.0,224.0,-4.0
7174,-1036.0,224.0,-4.0
7191,-1036.0,224.0,-4.0
7207,-1072.0,240.0,-60.0
7224,-1072.0,240.0,-60.0
7241,-1072.0,240.0,-60.0
7257,-1072.0,240.0,-60.0
7275,-1072.0,240.0,-60.0
7292,-1072.0,240.0,-60.0
7307,-1024.0,224.0,-68.0
7325,-1024.0,224.0,-68.0
7341,-1024.0,224.0,-68.0
7358,-1024.0,224.0,-68.0
7374,-1024.0,224.0,-68.0
7391,-1024.0,224.0,-68.0
7407,-1200.0,116.0,-12.0
7425,-1200.0,116.0,-12.0
7441,-1200.0,116.0,-12.0
7457,-1200.0,116.0,-12.0
7474,-1200.0,116.0,-12.0
7491,-1200.0,116.0,-12.0
7507,-1044.0,176.0,100.0
7524,-1044.0,176.0,100.0
7540,-1044.0,176.0,100.0
7557,-1044.0,176.0,100.0
7574,-1044.0,176.0,100.0
7591,-1044.0,176.0,100.0
7607,-1044.0,176.0,100.0
7624,-1072.0,172.0,188.0
7640,-1072.0,172.0,188.0
7657,-1072.0,172.0,188.0
7674,-1072.0,172.0,188.0
7692,-1072.0,172.0,188.0
7707,-1072.0,172.0,188.0
7725,-1028.0,180.0,256.0
7742,-1028.0,180.0,256.0
7757,-1028.0,180.0,256.0
7774,-1028.0,180.0,256.0
7791,-1028.0,180.0,256.0
7808,-1028.0,180.0,256.0
7825,-1000.0,168.0,216.0
7840,-1000.0,168.0,216.0
7858,-1000.0,168.0,216.0
7874,-1000.0,168.0,216.0
7891,-1000.0,168.0,216.0
7908,-1000.0,168.0,216.0
7924,-1016.0,136.0,200.0
7942,-1016.0,136.0,200.0
7957,-1016.0,136.0,200.0
7974,-1016.0,136.0,200.0
7991,-1016.0,136.0,200.0
8007,-1016.0,136.0,200.0
8025,-1032.0,100.0,188.0
8041,-1032.0,100.0,188.0
8058,-1032.0,100.0,188.0
8075,-1032.0,100.0,188.0
8091,-1032.0,100.0,188.0
8107,-1032.0,100.0,188.0
8124,-1032.0,100.0,188.0
8141,-1060.0,104.0,176.0
8157,-1060.0,104.0,176.0
8175,-1060.0,104.0,176.0
8192,-1060.0,104.0,176.0
8207,-1060.0,104.0,176.0
8225,-1060.0,104.0,176.0
8242,-1072.0,156.0,128.0
8257,-1072.0,156.0,128.0
8275,-1072.0,156.0,128.0
8292,-1072.0,156.0,128.0
8307,-1072.0,156.0,128.0
8324,-1072.0,156.0,128.0
8341,-1024.0,212.0,116.0
8358,-1024.0,212.0,116.0
8374,-1024.0,212.0,116.0
8390,-1024.0,212.0,116.0
8407,-1024.0,212.0,116.0
8424,-1024.0,212.0,116.0
8441,-1020.0,228.0,108.0
8457,-1020.0,228.0,108.0
8474,-1020.0,228.0,108.0
8491,-1020.0,228.0,108.0
8508,-1020.0,228.0,108.0
8531,-1020.0,228.0,108.0
8549,-1036.0,212.0,96.0
8565,-1036.0,212.0,96.0
8581,-1036.0,212.0,96.0
8599,-1036.0,212.0,96.0
8616,-1036.0,212.0,96.0
8632,-1036.0,212.0,96.0
8649,-1028.0,224.0,84.0
8665,-1028.0,224.0,84.0
8682,-1028.0,224.0,84.0
8698,-1028.0,224.0,84.0
8716,-1028.0,224.0,84.0
8731,-1028.0,224.0,84.0
8749,-1040.0,184.0,76.0
8765,-1040.0,184.0,76.0
8782,-1040.0,184.0,76.0
8798,-1040.0,184.0,76.0
8815,-1040.0,184.0,76.0
8832,-1040.0,184.0,76.0
8849,-1040.0,184.0,76.0
8865,-1044.0,176.0,36.0
8881,-1044.0,176.0,36.0
8899,-1044.0,176.0,36.0
8915,-1044.0,176.0,36.0
8932,-1044.0,176.0,36.0
8949,-1044.0,176.0,36.0
8965,-1028.0,172.0,24.0
8982,-1028.0,172.0,24.0
8998,-1028.0,172.0,24.0
9015,-1028.0,172.0,24.0
9032,-1028.0,172.0,24.0
9048,-1028.0,172.0,24.0
9065,-1024.0,188.0,32.0
9082,-1024.0,188.0,32.0
9098,-1024.0,188.0,32.0
9115,-1024.0,188.0,32.0
9132,-1024.0,188.0,32.0
9148,-1024.0,188.0,32.0
9165,-1112.0,160.0,-52.0
9181,-1112.0,160.0,-52.0
9198,-1112.0,160.0,-52.0
9215,-1112.0,160.0,-52.0
9232,-1112.0,160.0,-52.0
9249,-1112.0,160.0,-52.0
9266,-1112.0,160.0,-52.0
9282,-1056.0,192.0,-36.0
9298,-1056.0,192.0,-36.0
9315,-1056.0,192.0,-36.0
9332,-1056.0,192.0,-36.0
9349,-1056.0,192.0,-36.0
9366,-1056.0,192.0,-36.0
9382,-1080.0,180.0,-48.0
9399,-1080.0,180.0,-48.0
9415,-1080.0,180.0,-48.0
9432,-1080.0,180.0,-48.0
9448,-1080.0,180.0,-48.0
9466,-1080.0,180.0,-48.0
9482,-1092.0,160.0,-68.0
9499,-1092.0,160.0,-68.0
9515,-1092.0,160.0,-68.0
9532,-1092.0,160.0,-68.0
9549,-1092.0,160.0,-68.0
9566,-1092.0,160.0,-68.0
9582,-1048.0,168.0,-60.0
9599,-1048.0,168.0,-60.0
9615,-1048.0,168.0,-60.0
9632,-1048.0,168.0,-60.0
9649,-1048.0,168.0,-60.0
9665,-1048.0,168.0,-60.0
9683,-1044.0,140.0,24.0
9699,-1044.0,140.0,24.0
9715,-1044.0,140.0,24.0
9733,-1044.0,140.0,24.0
9749,-1044.0,140.0,24.0
9766,-1044.0,140.0,24.0
9782,-1044.0,140.0,24.0
9799,-1024.0,120.0,136.0
9815,-1024.0,120.0,136.0
9832,-1024.0,120.0,136.0
9849,-1024.0,120.0,136.0
9866,-1024.0,120.0,136.0
9882,-1024.0,120.0,136.0
9899,-1080.0,156.0,128.0
9916,-1080.0,156.0,128.0
9932,-1080.0,156.0,128.0
9949,-1080.0,156.0,128.0
9966,-1080.0,156.0,128.0
9982,-1080.0,156.0,128.0
9999,-1044.0,120.0,168.0
10015,-1044.0,120.0,168.0
10032,-1044.0,120.0,168.0
10049,-1044.0,120.0,168.0
10066,-1044.0,120.0,168.0
10083,-1044.0,120.0,168.0
10099,-996.0,88.0,216.0
10116,-996.0,88.0,216.0
10132,-996.0,88.0,216.0
10149,-996.0,88.0,216.0
10165,-996.0,88.0,216.0
10182,-996.0,88.0,216.0
10199,-1012.0,128.0,180.0
10215,-1012.0,128.0,180.0
10232,-1012.0,128.0,180.0
10249,-1012.0,128.0,180.0
10266,-1012.0,128.0,180.0
10282,-1012.0,128.0,180.0
10299,-1012.0,128.0,180.0
10315,-1056.0,200.0,136.0
10332,-1056.0,200.0,136.0
10349,-1056.0,200.0,136.0
10366,-1056.0,200.0,136.0
10382,-1056.0,200.0,136.0
10399,-1056.0,200.0,136.0
10415,-1044.0,208.0,116.0
10432,-1044.0,208.0,116.0
10448,-1044.0,208.0,116.0
10465,-1044.0,208.0,116.0
10482,-1044.0,208.0,116.0
10498,-1044.0,208.0,116.0
10516,-1012.0,208.0,76.0
10533,-1012.0,208.0,76.0
10549,-1012.0,208.0,76.0
10566,-1012.0,208.0,76.0
10582,-1012.0,208.0,76.0
10599,-1012.0,208.0,76.0
10616,-1072.0,184.0,96.0
10632,-1072.0,184.0,96.0
10649,-1072.0,184.0,96.0
10665,-1072.0,184.0,96.0
10683,-1072.0,184.0,96.0
10699,-1072.0,184.0,96.0
10716,-1072.0,184.0,96.0
10732,-1020.0,196.0,56.0
10749,-1020.0,196.0,56.0
10765,-1020.0,196.0,56.0
10782,-1020.0,196.0,56.0
10799,-1020.0,196.0,56.0
10815,-1020.0,196.0,56.0
10832,-1032.0,220.0,68.0
10850,-1032.0,220.0,68.0
10865,-1032.0,220.0,68.0
10883,-1032.0,220.0,68.0
10899,-1032.0,220.0,68.0
10916,-1032.0,220.0,68.0
10933,-1064.0,284.0,68.0
10949,-1064.0,284.0,68.0
10966,-1064.0,284.0,68.0
10982,-1064.0,284.0,68.0
10999,-1064.0,284.0,68.0
11016,-1064.0,284.0,68.0
11032,-1056.0,240.0,36.0
11049,-1056.0,240.0,36.0
11066,-1056.0,240.0,36.0
11082,-1056.0,240.0,36.0
11099,-1056.0,240.0,36.0
11116,-1056.0,240.0,36.0
11132,-1020.0,196.0,72.0
11149,-1020.0,196.0,72.0
11166,-1020.0,196.0,72.0
11183,-1020.0,196.0,72.0
11199,-1020.0,196.0,72.0
11216,-1020.0,196.0,72.0
11232,-1020.0,196.0,72.0
11249,-1008.0,176.0,88.0
11266,-1008.0,176.0,88.0
11282,-1008.0,176.0,88.0
11299,-1008.0,176.0,88.0
11315,-1008.0,176.0,88.0
11333,-1008.0,176.0,88.0
11350,-1008.0,204.0,100.0
11365,-1008.0,204.0,100.0
11383,-1008.0,204.0,100.0
11399,-1008.0,204.0,100.0
11416,-1008.0,204.0,100.0
11432,-1008.0,204.0,100.0
11449,-1048.0,188.0,88.0
11465,-1048.0,188.0,88.0
11482,-1048.0,188.0,88.0
11499,-1048.0,188.0,88.0
11516,-1048.0,188.0,88.0
11532,-1048.0,188.0,88.0
11550,-1048.0,156.0,44.0
11566,-1048.0,156.0,44.0
11582,-1048.0,156.0,44.0
11598,-1048.0,156.0,44.0
11615,-1048.0,156.0,44.0
11633,-1048.0,156.0,44.0
11648,-1048.0,156.0,44.0
11666,-1024.0,128.0,52.0
11683,-1024.0,128.0,52.0
11699,-1024.0,128.0,52.0
11716,-1024.0,128.0,52.0
11732,-1024.0,128.0,52.0
11749,-1024.0,128.0,52.0
11765,-1028.0,172.0,-16.0
11782,-1028.0,172.0,-16.0
11800,-1028.0,172.0,-16.0
11816,-1028.0,172.0,-16.0
11832,-1028.0,172.0,-16.0
11849,-1028.0,172.0,-16.0
11866,-1044.0,220.0,36.0
11883,-1044.0,220.0,36.0
11899,-1044.0,220.0,36.0
11917,-1044.0,220.0,36.0
11932,-1044.0,220.0,36.0
11949,-1044.0,220.0,36.0
11966,-1060.0,172.0,28.0
11982,-1060.0,172.0,28.0
12000,-1060.0,172.0,28.0
12017,-1060.0,172.0,28.0
12032,-1060.0,172.0,28.0
12049,-1060.0,172.0,28.0
12067,-1024.0,104.0,80.0
12089,-1024.0,104.0,80.0
12107,-1024.0,104.0,80.0
12124,-1024.0,104.0,80.0
12141,-1024.0,104.0,80.0
12157,-1024.0,104.0,80.0
12174,-1056.0,80.0,104.0
12190,-1056.0,80.0,104.0
12207,-1056.0,80.0,104.0
12224,-1056.0,80.0,104.0
12241,-1056.0,80.0,104.0
12257,-1056.0,80.0,104.0
12274,-1028.0,120.0,104.0
12291,-1028.0,120.0,104.0
12306,-1028.0,120.0,104.0
12324,-1028.0,120.0,104.0
12340,-1028.0,120.0,104.0
12357,-1028.0,120.0,104.0
12374,-1028.0,120.0,104.0
12391,-1084.0,56.0,148.0
12407,-1084.0,56.0,148.0
12423,-1084.0,56.0,148.0
12440,-1084.0,56.0,148.0
12457,-1084.0,56.0,148.0
12473,-1084.0,56.0,148.0
12491,-1016.0,-16.0,88.0
12507,-1016.0,-16.0,88.0
12524,-1016.0,-16.0,88.0
12540,-1016.0,-16.0,88.0
12557,-1016.0,-16.0,88.0
12573,-1016.0,-16.0,88.0
12591,-1036.0,-44.0,184.0
12607,-1036.0,-44.0,184.0
12623,-1036.0,-44.0,184.0
12640,-1036.0,-44.0,184.0
12657,-1036.0,-44.0,184.0
12673,-1036.0,-44.0,184.0
12690,-1004.0,32.0,148.0
12707,-1004.0,32.0,148.0
12723,-1004.0,32.0,148.0
12741,-1004.0,32.0,148.0
12756,-1004.0,32.0,148.0
12773,-1004.0,32.0,148.0
12791,-1032.0,168.0,132.0
12807,-1032.0,168.0,132.0
12824,-1032.0,168.0,132.0
12841,-1032.0,168.0,132.0
12857,-1032.0,168.0,132.0
12874,-1032.0,168.0,132.0
12891,-1032.0,168.0,132.0
12907,-1036.0,116.0,144.0
12924,-1036.0,116.0,144.0
12940,-1036.0,116.0,144.0
12957,-1036.0,116.0,144.0
12974,-1036.0,116.0,144.0
12991,-1036.0,116.0,144.0
13007,-1040.0,92.0,192.0
13023,-1040.0,92.0,192.0
13040,-1040.0,92.0,192.0
13057,-1040.0,92.0,192.0
13074,-1040.0,92.0,192.0
13090,-1040.0,92.0,192.0
13106,-1040.0,168.0,184.0
13124,-1040.0,168.0,184.0
13140,-1040.0,168.0,184.0
13158,-1040.0,168.0,184.0
13174,-1040.0,168.0,184.0
13191,-1040.0,168.0,184.0
13207,-1012.0,164.0,276.0
13223,-1012.0,164.0,276.0
13241,-1012.0,164.0,276.0
13257,-1012.0,164.0,276.0
13274,-1012.0,164.0,276.0
13291,-1012.0,164.0,276.0
13307,-1012.0,164.0,276.0
13324,-980.0,64.0,288.0
13340,-980.0,64.0,288.0
13357,-980.0,64.0,288.0
13373,-980.0,64.0,288.0
13390,-980.0,64.0,288.0
13407,-980.0,64.0,288.0
13424,-980.0,-12.0,300.0
13440,-980.0,-12.0,300.0
13457,-980.0,-12.0,300.0
13474,-980.0,-12.0,300.0
13491,-980.0,-12.0,300.0
13507,-980.0,-12.0,300.0
13523,-1100.0,152.0,252.0
13541,-1100.0,152.0,252.0
13557,-1100.0,152.0,252.0
13574,-1100.0,152.0,252.0
13590,-1100.0,152.0,252.0
13608,-1100.0,152.0,252.0
13624,-1028.0,196.0,172.0
13641,-1028.0,196.0,172.0
13658,-1028.0,196.0,172.0
13673,-1028.0,196.0,172.0
13691,-1028.0,196.0,172.0
13708,-1028.0,196.0,172.0
13724,-1004.0,316.0,64.0
13741,-1004.0,316.0,64.0
13758,-1004.0,316.0,64.0
13774,-1004.0,316.0,64.0
13790,-1004.0,316.0,64.0
13807,-1004.0,316.0,64.0
13823,-1004.0,316.0,64.0
13841,-1028.0,236.0,80.0
13857,-1028.0,236.0,80.0
13874,-1028.0,236.0,80.0
13890,-1028.0,236.0,80.0
13908,-1028.0,236.0,80.0
13923,-1028.0,236.0,80.0
13940,-1024.0,260.0,48.0
13958,-1024.0,260.0,48.0
13974,-1024.0,260.0,48.0
13991,-1024.0,260.0,48.0
14008,-1024.0,260.0,48.0
14024,-1024.0,260.0,48.0
14040,-1052.0,196.0,72.0
14057,-1052.0,196.0,72.0
14074,-1052.0,196.0,72.0
14091,-1052.0,196.0,72.0
14108,-1052.0,196.0,72.0
14125,-1052.0,196.0,72.0
14140,-1024.0,160.0,80.0
14157,-1024.0,160.0,80.0
14173,-1024.0,160.0,80.0
14191,-1024.0,160.0,80.0
14207,-1024.0,160.0,80.0
14223,-1024.0,160.0,80.0
14241,-1064.0,180.0,48.0
14257,-1064.0,180.0,48.0
14273,-1064.0,180.0,48.0
14290,-1064.0,180.0,48.0
14307,-1064.0,180.0,48.0
14324,-1064.0,180.0,48.0
14340,-1064.0,180.0,48.0
14358,-1044.0,260.0,12.0
14375,-1044.0,260.0,12.0
14391,-1044.0,260.0,12.0
14408,-1044.0,260.0,12.0
14424,-1044.0,260.0,12.0
14441,-1044.0,260.0,12.0
14457,-1028.0,224.0,-16.0
14474,-1028.0,224.0,-16.0
14491,-1028.0,224.0,-16.0
14507,-1028.0,224.0,-16.0
14524,-1028.0,224.0,-16.0
14540,-1028.0,224.0,-16.0
14557,-1208.0,-48.0,192.0
14574,-1208.0,-48.0,192.0
14591,-1208.0,-48.0,192.0
14608,-1208.0,-48.0,192.0
14624,-1208.0,-48.0,192.0
14641,-1208.0,-48.0,192.0
14658,-1040.0,52.0,80.0
14674,-1040.0,52.0,80.0
14691,-1040.0,52.0,80.0
14707,-1040.0,52.0,80.0
14725,-1040.0,52.0,80.0
14741,-1040.0,52.0,80.0
14757,-1040.0,52.0,80.0
14774,-1028.0,28.0,168.0
14791,-1028.0,28.0,168.0
14808,-1028.0,28.0,168.0
14824,-1028.0,28.0,168.0
14840,-1028.0,28.0,168.0
14857,-1028.0,28.0,168.0
14873,-1064.0,36.0,192.0
14891,-1064.0,36.0,192.0
14908,-1064.0,36.0,192.0
14925,-1064.0,36.0,192.0
14940,-1064.0,36.0,192.0
14957,-1064.0,36.0,192.0
14975,-1028.0,64.0,200.0
14991,-1028.0,64.0,200.0
15007,-1028.0,64.0,200.0
15024,-1028.0,64.0,200.0
15041,-1028.0,64.0,200.0
15058,-1028.0,64.0,200.0
15074,-1028.0,48.0,196.0
15091,-1028.0,48.0,196.0
15108,-1028.0,48.0,196.0
15123,-1028.0,48.0,196.0
15141,-1028.0,48.0,196.0
15158,-1028.0,48.0,196.0
15175,-1044.0,64.0,192.0
15191,-1044.0,64.0,192.0
15207,-1044.0,64.0,192.0
15224,-1044.0,64.0,192.0
15240,-1044.0,64.0,192.0
15257,-1044.0,64.0,192.0
15274,-1044.0,64.0,192.0
15291,-1036.0,56.0,176.0
15308,-1036.0,56.0,176.0
15324,-1036.0,56.0,176.0
15340,-1036.0,56.0,176.0
15357,-1036.0,56.0,176.0
15374,-1036.0,56.0,176.0
15391,-1032.0,44.0,168.0
15407,-1032.0,44.0,168.0
15423,-1032.0,44.0,168.0
15441,-1032.0,44.0,168.0
15458,-1032.0,44.0,168.0
15473,-1032.0,44.0,168.0
15491,-1028.0,36.0,156.0
15508,-1028.0,36.0,156.0
15524,-1028.0,36.0,156.0
15540,-1028.0,36.0,156.0
15558,-1028.0,36.0,156.0
15574,-1028.0,36.0,156.0
15591,-1036.0,-8.0,152.0
15607,-1036.0,-8.0,152.0
15624,-1036.0,-8.0,152.0
15641,-1036.0,-8.0,152.0
15657,-1036.0,-8.0,152.0
15674,-1036.0,-8.0,152.0
15691,-1048.0,4.0,160.0
15708,-1048.0,4.0,160.0
15724,-1048.0,4.0,160.0
15741,-1048.0,4.0,160.0
15759,-1048.0,4.0,160.0
15778,-1048.0,4.0,160.0
15796,-1052.0,20.0,160.0
15814,-1052.0,20.0,160.0
15831,-1052.0,20.0,160.0
15849,-1052.0,20.0,160.0
15865,-1052.0,20.0,160.0
15882,-1052.0,20.0,160.0
15899,-1004.0,-16.0,168.0
15915,-1004.0,-16.0,168.0
15932,-1004.0,-16.0,168.0
15948,-1004.0,-16.0,168.0
15964,-1004.0,-16.0,168.0
15982,-1004.0,-16.0,168.0
15997,-1004.0,-16.0,168.0
16015,-1068.0,-68.0,216.0
16031,-1068.0,-68.0,216.0
16048,-1068.0,-68.0,216.0
16065,-1068.0,-68.0,216.0
16081,-1068.0,-68.0,216.0
16098,-1068.0,-68.0,216.0
16115,-1036.0,-40.0,200.0
16131,-1036.0,-40.0,200.0
16148,-1036.0,-40.0,200.0
16164,-1036.0,-40.0,200.0
16181,-1036.0,-40.0,200.0
16198,-1036.0,-40.0,200.0
16214,-1024.0,-8.0,168.0
16231,-1024.0,-8.0,168.0
16248,-1024.0,-8.0,168.0
16265,-1024.0,-8.0,168.0
16281,-1024.0,-8.0,168.0
16298,-1024.0,-8.0,168.0
16314,-1052.0,-56.0,192.0
16331,-1052.0,-56.0,192.0
16348,-1052.0,-56.0,192.0
16364,-1052.0,-56.0,192.0
16381,-1052.0,-56.0,192.0
16398,-1052.0,-56.0,192.0
16414,-1052.0,-56.0,192.0
16431,-1100.0,128.0,116.0
16448,-1100.0,128.0,116.0
16465,-1100.0,128.0,116.0
16481,-1100.0,128.0,116.0
16497,-1100.0,128.0,116.0
16515,-1100.0,128.0,116.0
16531,-1044.0,208.0,80.0
16547,-1044.0,208.0,80.0
16565,-1044.0,208.0,80.0
16581,-1044.0,208.0,80.0
16598,-1044.0,208.0,80.0
16615,-1044.0,208.0,80.0
16631,-1080.0,260.0,60.0
16648,-1080.0,260.0,60.0
16664,-1080.0,260.0,60.0
16681,-1080.0,260.0,60.0
16698,-1080.0,260.0,60.0
16714,-1080.0,260.0,60.0
16731,-1000.0,280.0,28.0
16748,-1000.0,280.0,28.0
16765,-1000.0,280.0,28.0
16781,-1000.0,280.0,28.0
16797,-1000.0,280.0,28.0
16814,-1000.0,280.0,28.0
16831,-1000.0,280.0,28.0
16848,-1052.0,172.0,84.0
16864,-1052.0,172.0,84.0
16882,-1052.0,172.0,84.0
16898,-1052.0,172.0,84.0
16915,-1052.0,172.0,84.0
16931,-1052.0,172.0,84.0
16948,-1024.0,204.0,100.0
16965,-1024.0,204.0,100.0
16981,-1024.0,204.0,100.0
16998,-1024.0,204.0,100.0
17015,-1024.0,204.0,100.0
17031,-1024.0,204.0,100.0
17048,-1016.0,212.0,48.0
17065,-1016.0,212.0,48.0
17081,-1016.0,212.0,48.0
17098,-1016.0,212.0,48.0
17115,-1016.0,212.0,48.0
17132,-1016.0,212.0,48.0
17148,-1068.0,204.0,68.0
17164,-1068.0,204.0,68.0
17182,-1068.0,204.0,68.0
17198,-1068.0,204.0,68.0
17214,-1068.0,204.0,68.0
17231,-1068.0,204.0,68.0
17249,-1024.0,172.0,44.0
17265,-1024.0,172.0,44.0
17281,-1024.0,172.0,44.0
17298,-1024.0,172.0,44.0
17315,-1024.0,172.0,44.0
17331,-1024.0,172.0,44.0
17348,-1060.0,160.0,60.0
17365,-1060.0,160.0,60.0
17382,-1060.0,160.0,60.0
17398,-1060.0,160.0,60.0
17415,-1060.0,160.0,60.0
17431,-1060.0,160.0,60.0
17448,-1060.0,160.0,60.0
17465,-1068.0,160.0,60.0
17482,-1068.0,160.0,60.0
17498,-1068.0,160.0,60.0
17515,-1068.0,160.0,60.0
17531,-1068.0,160.0,60.0
17548,-1068.0,160.0,60.0
17564,-1036.0,168.0,72.0
17582,-1036.0,168.0,72.0
17598,-1036.0,168.0,72.0
17615,-1036.0,168.0,72.0
17631,-1036.0,168.0,72.0
17649,-1036.0,168.0,72.0
17665,-1024.0,148.0,100.0
17681,-1024.0,148.0,100.0
17698,-1024.0,148.0,100.0
17715,-1024.0,148.0,100.0
17732,-1024.0,148.0,100.0
17749,-1024.0,148.0,100.0
17765,-1056.0,168.0,40.0
17782,-1056.0,168.0,40.0
17798,-1056.0,168.0,40.0
17815,-1056.0,168.0,40.0
17832,-1056.0,168.0,40.0
17848,-1056.0,168.0,40.0
17865,-1056.0,168.0,40.0
17882,-1060.0,152.0,0.0
17898,-1060.0,152.0,0.0
17915,-1060.0,152.0,0.0
17931,-1060.0,152.0,0.0
17948,-1060.0,152.0,0.0
17965,-1060.0,152.0,0.0
17982,-1064.0,116.0,16.0
17998,-1064.0,116.0,16.0
18015,-1064.0,116.0,16.0
18031,-1064.0,116.0,16.0
18048,-1064.0,116.0,16.0
18065,-1064.0,116.0,16.0
18082,-1040.0,112.0,8.0
18099,-1040.0,112.0,8.0
18115,-1040.0,112.0,8.0
18132,-1040.0,112.0,8.0
18148,-1040.0,112.0,8.0
18165,-1040.0,112.0,8.0
18182,-1048.0,184.0,-76.0
18198,-1048.0,184.0,-76.0
18215,-1048.0,184.0,-76.0
18232,-1048.0,184.0,-76.0
18248,-1048.0,184.0,-76.0
18265,-1048.0,184.0,-76.0
18282,-1124.0,96.0,-8.0
18298,-1124.0,96.0,-8.0
18315,-1124.0,96.0,-8.0
18332,-1124.0,96.0,-8.0
18348,-1124.0,96.0,-8.0
18365,-1124.0,96.0,-8.0
18382,-1124.0,96.0,-8.0
18398,-1016.0,160.0,36.0
18416,-1016.0,160.0,36.0
18432,-1016.0,160.0,36.0
18448,-1016.0,160.0,36.0
18465,-1016.0,160.0,36.0
18482,-1016.0,160.0,36.0
18498,-1072.0,132.0,172.0
18515,-1072.0,132.0,172.0
18532,-1072.0,132.0,172.0
18549,-1072.0,132.0,172.0
18565,-1072.0,132.0,172.0
18581,-1072.0,132.0,172.0
18599,-1032.0,104.0,192.0
18615,-1032.0,104.0,192.0
18632,-1032.0,104.0,192.0
18649,-1032.0,104.0,192.0
18665,-1032.0,104.0,192.0
18682,-1032.0,104.0,192.0
18698,-996.0,12.0,220.0
18715,-996.0,12.0,220.0
18732,-996.0,12.0,220.0
18749,-996.0,12.0,220.0
18764,-996.0,12.0,220.0
18781,-996.0,12.0,220.0
18799,-996.0,12.0,220.0
18814,-1040.0,36.0,212.0
18832,-1040.0,36.0,212.0
18847,-1040.0,36.0,212.0
18866,-1040.0,36.0,212.0
18882,-1040.0,36.0,212.0
18899,-1040.0,36.0,212.0
18915,-1032.0,60.0,212.0
18932,-1032.0,60.0,212.0
18948,-1032.0,60.0,212.0
18965,-1032.0,60.0,212.0
18982,-1032.0,60.0,212.0
18999,-1032.0,60.0,212.0
19015,-1024.0,24.0,212.0
19032,-1024.0,24.0,212.0
19049,-1024.0,24.0,212.0
19065,-1024.0,24.0,212.0
19082,-1024.0,24.0,212.0
19099,-1024.0,24.0,212.0
19116,-1056.0,40.0,208.0
19132,-1056.0,40.0,208.0
19148,-1056.0,40.0,208.0
19166,-1056.0,40.0,208.0
19182,-1056.0,40.0,208.0
19199,-1056.0,40.0,208.0
19215,-1052.0,8.0,188.0
19232,-1052.0,8.0,188.0
19248,-1052.0,8.0,188.0
19265,-1052.0,8.0,188.0
19283,-1052.0,8.0,188.0
19301,-1052.0,8.0,188.0
19320,-1000.0,128.0,184.0
19338,-1000.0,128.0,184.0
19356,-1000.0,128.0,184.0
19372,-1000.0,128.0,184.0
19389,-1000.0,128.0,184.0
19406,-1000.0,128.0,184.0
19422,-1020.0,128.0,204.0
19439,-1020.0,128.0,204.0
19457,-1020.0,128.0,204.0
19473,-1020.0,128.0,204.0
19489,-1020.0,128.0,204.0
19506,-1020.0,128.0,204.0
19523,-1020.0,128.0,204.0
19540,-1020.0,56.0,176.0
19555,-1020.0,56.0,176.0
19573,-1020.0,56.0,176.0
19589,-1020.0,56.0,176.0
19605,-1020.0,56.0,176.0
19623,-1020.0,56.0,176.0
19639,-1020.0,112.0,132.0
19656,-1020.0,112.0,132.0
19673,-1020.0,112.0,132.0
19689,-1020.0,112.0,132.0
19706,-1020.0,112.0,132.0
19723,-1020.0,112.0,132.0
19739,-1108.0,172.0,88.0
19756,-1108.0,172.0,88.0
19772,-1108.0,172.0,88.0
19789,-1108.0,172.0,88.0
19806,-1108.0,172.0,88.0
19822,-1108.0,172.0,88.0
19839,-1056.0,180.0,84.0
19856,-1056.0,180.0,84.0
19872,-1056.0,180.0,84.0
19889,-1056.0,180.0,84.0
19906,-1056.0,180.0,84.0
19922,-1056.0,180.0,84.0
19939,-1048.0,164.0,48.0
19956,-1048.0,164.0,48.0
19973,-1048.0,164.0,48.0
19989,-1048.0,164.0,48.0
20005,-1048.0,164.0,48.0
20023,-1048.0,164.0,48.0
20039,-1048.0,164.0,48.0
20055,-1056.0,156.0,48.0
20073,-1056.0,156.0,48.0
20089,-1056.0,156.0,48.0
20106,-1056.0,156.0,48.0
20123,-1056.0,156.0,48.0
20139,-1056.0,156.0,48.0
20156,-1056.0,208.0,24.0
20172,-1056.0,208.0,24.0
20189,-1056.0,208.0,24.0
20206,-1056.0,208.0,24.0
20222,-1056.0,208.0,24.0
20240,-1056.0,208.0,24.0
20256,-1060.0,240.0,12.0
20272,-1060.0,240.0,12.0
20289,-1060.0,240.0,12.0
20306,-1060.0,240.0,12.0
20323,-1060.0,240.0,12.0
20339,-1060.0,240.0,12.0
20356,-1044.0,224.0,12.0
20373,-1044.0,224.0,12.0
20389,-1044.0,224.0,12.0
20406,-1044.0,224.0,12.0
20423,-1044.0,224.0,12.0
20439,-1044.0,224.0,12.0
20456,-1044.0,224.0,12.0
20472,-1048.0,292.0,44.0
20490,-1048.0,292.0,44.0
20506,-1048.0,292.0,44.0
20522,-1048.0,292.0,44.0
20539,-1048.0,292.0,44.0
20556,-1048.0,292.0,44.0
20572,-1020.0,312.0,44.0
20589,-1020.0,312.0,44.0
20607,-1020.0,312.0,44.0
20623,-1020.0,312.0,44.0
20639,-1020.0,312.0,44.0
20656,-1020.0,312.0,44.0
20673,-1028.0,308.0,48.0
20690,-1028.0,308.0,48.0
20706,-1028.0,308.0,48.0
20723,-1028.0,308.0,48.0
20740,-1028.0,308.0,48.0
20756,-1028.0,308.0,48.0
20773,-1020.0,220.0,0.0
20789,-1020.0,220.0,0.0
20806,-1020.0,220.0,0.0
20822,-1020.0,220.0,0.0
20840,-1020.0,220.0,0.0
20856,-1020.0,220.0,0.0
20873,-1052.0,200.0,-36.0
20890,-1052.0,200.0,-36.0
20906,-1052.0,200.0,-36.0
20922,-1052.0,200.0,-36.0
20939,-1052.0,200.0,-36.0
20957,-1052.0,200.0,-36.0
20973,-1052.0,200.0,-36.0
20990,-1020.0,160.0,-36.0
21007,-1020.0,160.0,-36.0
21023,-1020.0,160.0,-36.0
21040,-1020.0,160.0,-36.0
21056,-1020.0,160.0,-36.0
21072,-1020.0,160.0,-36.0
21090,-1064.0,104.0,-12.0
21107,-1064.0,104.0,-12.0
21123,-1064.0,104.0,-12.0
21140,-1064.0,104.0,-12.0
21156,-1064.0,104.0,-12.0
21173,-1064.0,104.0,-12.0
21189,-1024.0,56.0,44.0
21206,-1024.0,56.0,44.0
21223,-1024.0,56.0,44.0
21240,-1024.0,56.0,44.0
21256,-1024.0,56.0,44.0
21273,-1024.0,56.0,44.0
21289,-1088.0,-24.0,92.0
21306,-1088.0,-24.0,92.0
21323,-1088.0,-24.0,92.0
21340,-1088.0,-24.0,92.0
21357,-1088.0,-24.0,92.0
21373,-1088.0,-24.0,92.0
21390,-1040.0,48.0,52.0
21407,-1040.0,48.0,52.0
21423,-1040.0,48.0,52.0
21440,-1040.0,48.0,52.0
21456,-1040.0,48.0,52.0
21473,-1040.0,48.0,52.0
21490,-1040.0,48.0,52.0
21506,-1092.0,8.0,60.0
21523,-1092.0,8.0,60.0
21539,-1092.0,8.0,60.0
21556,-1092.0,8.0,60.0
21573,-1092.0,8.0,60.0
21589,-1092.0,8.0,60.0
21606,-1100.0,4.0,68.0
21623,-1100.0,4.0,68.0
21640,-1100.0,4.0,68.0
21656,-1100.0,4.0,68.0
21673,-1100.0,4.0,68.0
21689,-1100.0,4.0,68.0
21707,-1032.0,104.0,48.0
21723,-1032.0,104.0,48.0
21739,-1032.0,104.0,48.0
21756,-1032.0,104.0,48.0
21773,-1032.0,104.0,48.0
21790,-1032.0,104.0,48.0
21806,-1056.0,120.0,76.0
21823,-1056.0,120.0,76.0
21840,-1056.0,120.0,76.0
21857,-1056.0,120.0,76.0
21874,-1056.0,120.0,76.0
21890,-1056.0,120.0,76.0
21906,-1056.0,120.0,76.0
21923,-1056.0,84.0,40.0
21939,-1056.0,84.0,40.0
21956,-1056.0,84.0,40.0
21973,-1056.0,84.0,40.0
21990,-1056.0,84.0,40.0
22006,-1056.0,84.0,40.0
22024,-1048.0,124.0,56.0
22040,-1048.0,124.0,56.0
22056,-1048.0,124.0,56.0
22073,-1048.0,124.0,56.0
22089,-1048.0,124.0,56.0
22107,-1048.0,124.0,56.0
22123,-1060.0,108.0,52.0
22140,-1060.0,108.0,52.0
22156,-1060.0,108.0,52.0
22173,-1060.0,108.0,52.0
22189,-1060.0,108.0,52.0
22207,-1060.0,108.0,52.0
22224,-1056.0,104.0,36.0
22240,-1056.0,104.0,36.0
22257,-1056.0,104.0,36.0
22273,-1056.0,104.0,36.0
22290,-1056.0,104.0,36.0
22306,-1056.0,104.0,36.0
22323,-1060.0,132.0,12.0
22340,-1060.0,132.0,12.0
22357,-1060.0,132.0,12.0
22373,-1060.0,132.0,12.0
22390,-1060.0,132.0,12.0
22406,-1060.0,132.0,12.0
22423,-1060.0,132.0,12.0
22439,-1060.0,136.0,12.0
22457,-1060.0,136.0,12.0
22473,-1060.0,136.0,12.0
22490,-1060.0,136.0,12.0
22506,-1060.0,136.0,12.0
22523,-1060.0,136.0,12.0
22539,-1080.0,168.0,-4.0
22556,-1080.0,168.0,-4.0
22573,-1080.0,168.0,-4.0
22589,-1080.0,168.0,-4.0
22607,-1080.0,168.0,-4.0
22624,-1080.0,168.0,-4.0
22641,-1028.0,164.0,28.0
22656,-1028.0,164.0,28.0
22673,-1028.0,164.0,28.0
22690,-1028.0,164.0,28.0
22707,-1028.0,164.0,28.0
22723,-1028.0,164.0,28.0
22740,-1072.0,52.0,0.0
22756,-1072.0,52.0,0.0
22773,-1072.0,52.0,0.0
22791,-1072.0,52.0,0.0
22806,-1072.0,52.0,0.0
22823,-1072.0,52.0,0.0
22840,-1068.0,96.0,-16.0
22856,-1068.0,96.0,-16.0
22873,-1068.0,96.0,-16.0
22890,-1068.0,96.0,-16.0
22907,-1068.0,96.0,-16.0
22923,-1068.0,96.0,-16.0
22940,-1068.0,96.0,-16.0
22957,-1036.0,112.0,48.0
22973,-1036.0,112.0,48.0
22990,-1036.0,112.0,48.0
23006,-1036.0,112.0,48.0
23024,-1036.0,112.0,48.0
23040,-1036.0,112.0,48.0
23056,-1068.0,88.0,4.0
23073,-1068.0,88.0,4.0
23090,-1068.0,88.0,4.0
23106,-1068.0,88.0,4.0
23123,-1068.0,88.0,4.0
23139,-1068.0,88.0,4.0
23156,-1028.0,140.0,-48.0
23173,-1028.0,140.0,-48.0
23190,-1028.0,140.0,-48.0
23207,-1028.0,140.0,-48.0
23225,-1028.0,140.0,-48.0
23244,-1028.0,140.0,-48.0
23263,-1060.0,88.0,-64.0
23280,-1060.0,88.0,-64.0
23297,-1060.0,88.0,-64.0
23314,-1060.0,88.0,-64.0
23330,-1060.0,88.0,-64.0
23347,-1060.0,88.0,-64.0
23364,-1064.0,104.0,-92.0
23380,-1064.0,104.0,-92.0
23397,-1064.0,104.0,-92.0
23414,-1064.0,104.0,-92.0
23430,-1064.0,104.0,-92.0
23447,-1064.0,104.0,-92.0
23463,-1056.0,64.0,-68.0
23480,-1056.0,64.0,-68.0
23496,-1056.0,64.0,-68.0
23513,-1056.0,64.0,-68.0
23530,-1056.0,64.0,-68.0
23547,-1056.0,64.0,-68.0
23563,-1056.0,64.0,-68.0
23580,-1096.0,32.0,-112.0
23597,-1096.0,32.0,-112.0
23614,-1096.0,32.0,-112.0
23630,-1096.0,32.0,-112.0
23647,-1096.0,32.0,-112.0
23663,-1096.0,32.0,-112.0
23680,-1052.0,52.0,-136.0
23696,-1052.0,52.0,-136.0
23713,-1052.0,52.0,-136.0
23730,-1052.0,52.0,-136.0
23747,-1052.0,52.0,-136.0
23764,-1052.0,52.0,-136.0
23780,-1072.0,80.0,-188.0
23796,-1072.0,80.0,-188.0
23813,-1072.0,80.0,-188.0
23830,-1072.0,80.0,-188.0
23846,-1072.0,80.0,-188.0
23864,-1072.0,80.0,-188.0
23880,-1084.0,228.0,-164.0
23897,-1084.0,228.0,-164.0
23913,-1084.0,228.0,-164.0
23929,-1084.0,228.0,-164.0
23947,-1084.0,228.0,-164.0
23963,-1084.0,228.0,-164.0
23980,-1056.0,148.0,-196.0
23996,-1056.0,148.0,-196.0
24014,-1056.0,148.0,-196.0
24031,-1056.0,148.0,-196.0
24047,-1056.0,148.0,-196.0
24064,-1056.0,148.0,-196.0
24080,-1056.0,148.0,-196.0
24097,-1096.0,144.0,-168.0
24114,-1096.0,144.0,-168.0
24130,-1096.0,144.0,-168.0
24147,-1096.0,144.0,-168.0
24163,-1096.0,144.0,-168.0
24180,-1096.0,144.0,-168.0
24197,-1180.0,12.0,-148.0
24214,-1180.0,12.0,-148.0
24230,-1180.0,12.0,-148.0
24247,-1180.0,12.0,-148.0
24263,-1180.0,12.0,-148.0
24280,-1180.0,12.0,-148.0
24297,-980.0,28.0,-124.0
24314,-980.0,28.0,-124.0
24331,-980.0,28.0,-124.0
24346,-980.0,28.0,-124.0
24364,-980.0,28.0,-124.0
24381,-980.0,28.0,-124.0
24397,-1084.0,-24.0,-192.0
24414,-1084.0,-24.0,-192.0
24430,-1084.0,-24.0,-192.0
24448,-1084.0,-24.0,-192.0
24464,-1084.0,-24.0,-192.0
24481,-1084.0,-24.0,-192.0
24497,-1116.0,-60.0,-220.0
24514,-1116.0,-60.0,-220.0
24530,-1116.0,-60.0,-220.0
24547,-1116.0,-60.0,-220.0
24563,-1116.0,-60.0,-220.0
24581,-1116.0,-60.0,-220.0
24597,-1116.0,-60.0,-220.0
24614,-1000.0,-24.0,-208.0
24631,-1000.0,-24.0,-208.0
24647,-1000.0,-24.0,-208.0
24664,-1000.0,-24.0,-208.0
24680,-1000.0,-24.0,-208.0
24697,-1000.0,-24.0,-208.0
24714,-1064.0,-16.0,-188.0
24730,-1064.0,-16.0,-188.0
24748,-1064.0,-16.0,-188.0
24763,-1064.0,-16.0,-188.0
24781,-1064.0,-16.0,-188.0
24797,-1064.0,-16.0,-188.0
24814,-1108.0,48.0,-180.0
24831,-1108.0,48.0,-180.0
24847,-1108.0,48.0,-180.0
24863,-1108.0,48.0,-180.0
24881,-1108.0,48.0,-180.0
24897,-1108.0,48.0,-180.0
24913,-1032.0,-12.0,-208.0
24931,-1032.0,-12.0,-208.0
24947,-1032.0,-12.0,-208.0
24964,-1032.0,-12.0,-208.0
24980,-1032.0,-12.0,-208.0
24997,-1032.0,-12.0,-208.0
25014,-1032.0,-12.0,-208.0
25030,-1068.0,56.0,-236.0
25047,-1068.0,56.0,-236.0
25063,-1068.0,56.0,-236.0
25080,-1068.0,56.0,-236.0
25097,-1068.0,56.0,-236.0
25114,-1068.0,56.0,-236.0
25129,-1044.0,60.0,-236.0
25147,-1044.0,60.0,-236.0
25164,-1044.0,60.0,-236.0
25181,-1044.0,60.0,-236.0
25197,-1044.0,60.0,-236.0
25214,-1044.0,60.0,-236.0
