MILLIS,X,Y,Z
1323,-1020.0,80.0,-48.0
1430,-1052.0,108.0,48.0
1441,-1052.0,108.0,48.0
1457,-1052.0,80.0,56.0
1473,-1052.0,80.0,56.0
1490,-1052.0,80.0,56.0
1507,-1052.0,80.0,56.0
1523,-1052.0,80.0,56.0
1541,-1052.0,80.0,56.0
1558,-1036.0,132.0,84.0
1574,-1036.0,132.0,84.0
1591,-1036.0,132.0,84.0
1608,-1036.0,132.0,84.0
1624,-1036.0,132.0,84.0
1641,-1036.0,132.0,84.0
1659,-1092.0,136.0,148.0
1675,-1092.0,136.0,148.0
1691,-1092.0,136.0,148.0
1708,-1092.0,136.0,148.0
1724,-1092.0,136.0,148.0
1741,-1092.0,136.0,148.0
1757,-1092.0,136.0,148.0
1774,-1072.0,124.0,120.0
1791,-1072.0,124.0,120.0
1807,-1072.0,124.0,120.0
1824,-1072.0,124.0,120.0
1840,-1072.0,124.0,120.0
1857,-1072.0,124.0,120.0
1874,-1036.0,168.0,164.0
1890,-1036.0,168.0,164.0
1907,-1036.0,168.0,164.0
1923,-1036.0,168.0,164.0
1940,-1036.0,168.0,164.0
1957,-1036.0,168.0,164.0
1973,-992.0,112.0,192.0
1990,-992.0,112.0,192.0
2007,-992.0,112.0,192.0
2023,-992.0,112.0,192.0
2041,-992.0,112.0,192.0
2057,-992.0,112.0,192.0
2073,-1076.0,108.0,172.0
2090,-1076.0,108.0,172.0
2107,-1076.0,108.0,172.0
2124,-1076.0,108.0,172.0
2140,-1076.0,108.0,172.0
2157,-1076.0,108.0,172.0
2174,-1116.0,172.0,-72.0
2190,-1116.0,172.0,-72.0
2207,-1116.0,172.0,-72.0
2224,-1116.0,172.0,-72.0
2240,-1116.0,172.0,-72.0
2257,-1116.0,172.0,-72.0
2273,-1116.0,172.0,-72.0
2290,-992.0,248.0,-152.0
2306,-992.0,248.0,-152.0
2324,-992.0,248.0,-152.0
2340,-992.0,248.0,-152.0
2357,-992.0,248.0,-152.0
2374,-992.0,248.0,-152.0
2390,-1052.0,216.0,-120.0
2407,-1052.0,216.0,-120.0
2423,-1052.0,216.0,-120.0
2440,-1052.0,216.0,-120.0
2457,-1052.0,216.0,-120.0
2474,-1052.0,216.0,-120.0
2490,-1072.0,240.0,-76.0
2507,-1072.0,240.0,-76.0
2524,-1072.0,240.0,-76.0
2540,-1072.0,240.0,-76.0
2557,-1072.0,240.0,-76.0
2573,-1072.0,240.0,-76.0
2590,-996.0,272.0,-44.0
2608,-996.0,272.0,-44.0
2624,-996.0,272.0,-44.0
2641,-996.0,272.0,-44.0
2657,-996.0,272.0,-44.0
2674,-996.0,272.0,-44.0
2690,-996.0,272.0,-44.0
2707,-1024.0,284.0,-16.0
2724,-1024.0,284.0,-16.0
2740,-1024.0,284.0,-16.0
2758,-1024.0,284.0,-16.0
2774,-1024.0,284.0,-16.0
2791,-1024.0,284.0,-16.0
2807,-1012.0,252.0,40.0
2824,-1012.0,252.0,40.0
2840,-1012.0,252.0,40.0
2857,-1012.0,252.0,40.0
2873,-1012.0,252.0,40.0
2891,-1012.0,252.0,40.0
2907,-1016.0,340.0,44.0
2924,-1016.0,340.0,44.0
2940,-1016.0,340.0,44.0
2957,-1016.0,340.0,44.0
2974,-1016.0,340.0,44.0
2991,-1016.0,340.0,44.0
3006,-1032.0,388.0,4.0
3024,-1032.0,388.0,4.0
3040,-1032.0,388.0,4.0
3057,-1032.0,388.0,4.0
3074,-1032.0,388.0,4.0
3090,-1032.0,388.0,4.0
3107,-952.0,340.0,12.0
3123,-952.0,340.0,12.0
3141,-952.0,340.0,12.0
3157,-952.0,340.0,12.0
3173,-952.0,340.0,12.0
3191,-952.0,340.0,12.0
3206,-952.0,340.0,12.0
3224,-1008.0,368.0,16.0
3240,-1008.0,368.0,16.0
3257,-1008.0,368.0,16.0
3274,-1008.0,368.0,16.0
3290,-1008.0,368.0,16.0
3307,-1008.0,368.0,16.0
3323,-984.0,384.0,-28.0
3340,-984.0,384.0,-28.0
3357,-984.0,384.0,-28.0
3373,-984.0,384.0,-28.0
3390,-984.0,384.0,-28.0
3407,-984.0,384.0,-28.0
3423,-1012.0,384.0,-44.0
3440,-1012.0,384.0,-44.0
3457,-1012.0,384.0,-44.0
3473,-1012.0,384.0,-44.0
3490,-1012.0,384.0,-44.0
3507,-1012.0,384.0,-44.0
3523,-1048.0,360.0,-108.0
3540,-1048.0,360.0,-108.0
3557,-1048.0,360.0,-108.0
3574,-1048.0,360.0,-108.0
3591,-1048.0,360.0,-108.0
3607,-1048.0,360.0,-108.0
3624,-1016.0,316.0,-88.0
3640,-1016.0,316.0,-88.0
3656,-1016.0,316.0,-88.0
3674,-1016.0,316.0,-88.0
3690,-1016.0,316.0,-88.0
3707,-1016.0,316.0,-88.0
3724,-1016.0,316.0,-88.0
3740,-1052.0,296.0,-36.0
3756,-1052.0,296.0,-36.0
3774,-1052.0,296.0,-36.0
3790,-1052.0,296.0,-36.0
3808,-1052.0,296.0,-36.0
3824,-1052.0,296.0,-36.0
3840,-1012.0,320.0,-40.0
3857,-1012.0,320.0,-40.0
3874,-1012.0,320.0,-40.0
3890,-1012.0,320.0,-40.0
3907,-1012.0,320.0,-40.0
3923,-1012.0,320.0,-40.0
3941,-1024.0,272.0,-8.0
3957,-1024.0,272.0,-8.0
3973,-1024.0,272.0,-8.0
3991,-1024.0,272.0,-8.0
4007,-1024.0,272.0,-8.0
4023,-1024.0,272.0,-8.0
4040,-1024.0,244.0,100.0
4057,-1024.0,244.0,100.0
4073,-1024.0,244.0,100.0
4090,-1024.0,244.0,100.0
4107,-1024.0,244.0,100.0
4124,-1024.0,244.0,100.0
4141,-1024.0,244.0,100.0
4157,-1024.0,292.0,124.0
4173,-1024.0,292.0,124.0
4190,-1024.0,292.0,124.0
4206,-1024.0,292.0,124.0
4224,-1024.0,292.0,124.0
4240,-1024.0,292.0,124.0
4257,-1028.0,352.0,132.0
4274,-1028.0,352.0,132.0
4290,-1028.0,352.0,132.0
4308,-1028.0,352.0,132.0
4324,-1028.0,352.0,132.0
4341,-1028.0,352.0,132.0
4357,-960.0,196.0,168.0
4373,-960.0,196.0,168.0
4390,-960.0,196.0,168.0
4407,-960.0,196.0,168.0
4423,-960.0,196.0,168.0
4440,-960.0,196.0,168.0
4456,-1076.0,344.0,156.0
4474,-1076.0,344.0,156.0
4491,-1076.0,344.0,156.0
4507,-1076.0,344.0,156.0
4524,-1076.0,344.0,156.0
4540,-1076.0,344.0,156.0
4557,-1000.0,328.0,68.0
4574,-1000.0,328.0,68.0
4590,-1000.0,328.0,68.0
4607,-1000.0,328.0,68.0
4624,-1000.0,328.0,68.0
4641,-1000.0,328.0,68.0
4657,-1000.0,328.0,68.0
4674,-1028.0,404.0,84.0
4690,-1028.0,404.0,84.0
4708,-1028.0,404.0,84.0
4724,-1028.0,404.0,84.0
4740,-1028.0,404.0,84.0
4757,-1028.0,404.0,84.0
4774,-1016.0,404.0,60.0
4790,-1016.0,404.0,60.0
4807,-1016.0,404.0,60.0
4824,-1016.0,404.0,60.0
4840,-1016.0,404.0,60.0
4857,-1016.0,404.0,60.0
4873,-968.0,416.0,0.0
4890,-968.0,416.0,0.0
4907,-968.0,416.0,0.0
4923,-968.0,416.0,0.0
4940,-968.0,416.0,0.0
4957,-968.0,416.0,0.0
4974,-984.0,392.0,-16.0
4989,-984.0,392.0,-16.0
5007,-984.0,392.0,-16.0
5030,-984.0,392.0,-16.0
5048,-984.0,392.0,-16.0
5065,-984.0,392.0,-16.0
5082,-1036.0,364.0,4.0
5098,-1036.0,364.0,4.0
5115,-1036.0,364.0,4.0
5132,-1036.0,364.0,4.0
5149,-1036.0,364.0,4.0
5165,-1036.0,364.0,4.0
5182,-1016.0,316.0,40.0
5198,-1016.0,316.0,40.0
5215,-1016.0,316.0,40.0
5232,-1016.0,316.0,40.0
5248,-1016.0,316.0,40.0
5265,-1016.0,316.0,40.0
5281,-1016.0,316.0,40.0
5298,-1052.0,308.0,96.0
5314,-1052.0,308.0,96.0
5331,-1052.0,308.0,96.0
5348,-1052.0,308.0,96.0
5365,-1052.0,308.0,96.0
5381,-1052.0,308.0,96.0
5397,-1028.0,224.0,164.0
5415,-1028.0,224.0,164.0
5431,-1028.0,224.0,164.0
5448,-1028.0,224.0,164.0
5464,-1028.0,224.0,164.0
5481,-1028.0,224.0,164.0
5498,-1008.0,224.0,180.0
5514,-1008.0,224.0,180.0
5531,-1008.0,224.0,180.0
5548,-1008.0,224.0,180.0
5564,-1008.0,224.0,180.0
5581,-1008.0,224.0,180.0
5598,-1000.0,196.0,204.0
5615,-1000.0,196.0,204.0
5631,-1000.0,196.0,204.0
5648,-1000.0,196.0,204.0
5665,-1000.0,196.0,204.0
5681,-1000.0,196.0,204.0
5699,-988.0,188.0,264.0
5715,-988.0,188.0,264.0
5732,-988.0,188.0,264.0
5748,-988.0,188.0,264.0
5765,-988.0,188.0,264.0
5781,-988.0,188.0,264.0
5798,-988.0,188.0,264.0
5815,-988.0,176.0,276.0
5832,-988.0,176.0,276.0
5849,-988.0,176.0,276.0
5865,-988.0,176.0,276.0
5881,-988.0,176.0,276.0
5898,-988.0,176.0,276.0
5915,-1036.0,260.0,228.0
5931,-1036.0,260.0,228.0
5948,-1036.0,260.0,228.0
5964,-1036.0,260.0,228.0
5982,-1036.0,260.0,228.0
5998,-1036.0,260.0,228.0
6015,-1008.0,256.0,136.0
6032,-1008.0,256.0,136.0
6048,-1008.0,256.0,136.0
6065,-1008.0,256.0,136.0
6082,-1008.0,256.0,136.0
6099,-1008.0,256.0,136.0
6115,-1024.0,360.0,24.0
6131,-1024.0,360.0,24.0
6148,-1024.0,360.0,24.0
6165,-1024.0,360.0,24.0
6182,-1024.0,360.0,24.0
6198,-1024.0,360.0,24.0
6215,-1040.0,236.0,84.0
6232,-1040.0,236.0,84.0
6248,-1040.0,236.0,84.0
6265,-1040.0,236.0,84.0
6281,-1040.0,236.0,84.0
6299,-1040.0,236.0,84.0
6315,-1040.0,236.0,84.0
6332,-1012.0,268.0,100.0
6348,-1012.0,268.0,100.0
6365,-1012.0,268.0,100.0
6382,-1012.0,268.0,100.0
6398,-1012.0,268.0,100.0
6415,-1012.0,268.0,100.0
6432,-1020.0,272.0,40.0
6448,-1020.0,272.0,40.0
6465,-1020.0,272.0,40.0
6482,-1020.0,272.0,40.0
6499,-1020.0,272.0,40.0
6515,-1020.0,272.0,40.0
6532,-1028.0,264.0,20.0
6548,-1028.0,264.0,20.0
6565,-1028.0,264.0,20.0
6581,-1028.0,264.0,20.0
6598,-1028.0,264.0,20.0
6616,-1028.0,264.0,20.0
6632,-1012.0,364.0,-8.0
6649,-1012.0,364.0,-8.0
6665,-1012.0,364.0,-8.0
6682,-1012.0,364.0,-8.0
6698,-1012.0,364.0,-8.0
6716,-1012.0,364.0,-8.0
6732,-1012.0,364.0,-8.0
6749,-1024.0,328.0,-60.0
6765,-1024.0,328.0,-60.0
6782,-1024.0,328.0,-60.0
6798,-1024.0,328.0,-60.0
6816,-1024.0,328.0,-60.0
6832,-1024.0,328.0,-60.0
6849,-1232.0,236.0,-24.0
6865,-1232.0,236.0,-24.0
6882,-1232.0,236.0,-24.0
6899,-1232.0,236.0,-24.0
6916,-1232.0,236.0,-24.0
6931,-1232.0,236.0,-24.0
6949,-956.0,224.0,0.0
6965,-956.0,224.0,0.0
6982,-956.0,224.0,0.0
6998,-956.0,224.0,0.0
7015,-956.0,224.0,0.0
7032,-956.0,224.0,0.0
7049,-1056.0,72.0,152.0
7065,-1056.0,72.0,152.0
7082,-1056.0,72.0,152.0
7098,-1056.0,72.0,152.0
7116,-1056.0,72.0,152.0
7132,-1056.0,72.0,152.0
7148,-1084.0,0.0,148.0
7166,-1084.0,0.0,148.0
7182,-1084.0,0.0,148.0
7198,-1084.0,0.0,148.0
7215,-1084.0,0.0,148.0
7233,-1084.0,0.0,148.0
7249,-1084.0,0.0,148.0
7265,-1040.0,-24.0,136.0
7283,-1040.0,-24.0,136.0
7299,-1040.0,-24.0,136.0
7316,-1040.0,-24.0,136.0
7333,-1040.0,-24.0,136.0
7349,-1040.0,-24.0,136.0
7366,-1048.0,-8.0,140.0
7382,-1048.0,-8.0,140.0
7399,-1048.0,-8.0,140.0
7415,-1048.0,-8.0,140.0
7432,-1048.0,-8.0,140.0
7448,-1048.0,-8.0,140.0
7465,-1044.0,100.0,84.0
7481,-1044.0,100.0,84.0
7499,-1044.0,100.0,84.0
7515,-1044.0,100.0,84.0
7532,-1044.0,100.0,84.0
7548,-1044.0,100.0,84.0
7565,-1048.0,136.0,84.0
7582,-1048.0,136.0,84.0
7598,-1048.0,136.0,84.0
7615,-1048.0,136.0,84.0
7632,-1048.0,136.0,84.0
7648,-1048.0,136.0,84.0
7666,-1064.0,132.0,40.0
7682,-1064.0,132.0,40.0
7698,-1064.0,132.0,40.0
7716,-1064.0,132.0,40.0
7731,-1064.0,132.0,40.0
7749,-1064.0,132.0,40.0
7764,-1064.0,132.0,40.0
7783,-1064.0,156.0,28.0
7799,-1064.0,156.0,28.0
7815,-1064.0,156.0,28.0
7832,-1064.0,156.0,28.0
7849,-1064.0,156.0,28.0
7866,-1064.0,156.0,28.0
7882,-1072.0,176.0,44.0
7899,-1072.0,176.0,44.0
7915,-1072.0,176.0,44.0
7932,-1072.0,176.0,44.0
7948,-1072.0,176.0,44.0
7965,-1072.0,176.0,44.0
7982,-1108.0,224.0,52.0
7999,-1108.0,224.0,52.0
8015,-1108.0,224.0,52.0
8032,-1108.0,224.0,52.0
8048,-1108.0,224.0,52.0
8065,-1108.0,224.0,52.0
8082,-1024.0,264.0,76.0
8098,-1024.0,264.0,76.0
8116,-1024.0,264.0,76.0
8132,-1024.0,264.0,76.0
8148,-1024.0,264.0,76.0
8165,-1024.0,264.0,76.0
8182,-1024.0,264.0,76.0
8199,-972.0,276.0,116.0
8215,-972.0,276.0,116.0
8232,-972.0,276.0,116.0
8249,-972.0,276.0,116.0
8266,-972.0,276.0,116.0
8282,-972.0,276.0,116.0
8299,-1008.0,308.0,104.0
8316,-1008.0,308.0,104.0
8332,-1008.0,308.0,104.0
8348,-1008.0,308.0,104.0
8365,-1008.0,308.0,104.0
8381,-1008.0,308.0,104.0
8399,-980.0,320.0,84.0
8416,-980.0,320.0,84.0
8432,-980.0,320.0,84.0
8447,-980.0,320.0,84.0
8465,-980.0,320.0,84.0
8482,-980.0,320.0,84.0
8499,-1000.0,280.0,60.0
8516,-1000.0,280.0,60.0
8532,-1000.0,280.0,60.0
8549,-1000.0,280.0,60.0
8565,-1000.0,280.0,60.0
8582,-1000.0,280.0,60.0
8599,-1060.0,256.0,0.0
8615,-1060.0,256.0,0.0
8632,-1060.0,256.0,0.0
8648,-1060.0,256.0,0.0
8666,-1060.0,256.0,0.0
8682,-1060.0,256.0,0.0
8699,-1060.0,256.0,0.0
8715,-1064.0,220.0,8.0
8732,-1064.0,220.0,8.0
8749,-1064.0,220.0,8.0
8765,-1064.0,220.0,8.0
8782,-1064.0,220.0,8.0
8801,-1064.0,220.0,8.0
8820,-1024.0,192.0,-24.0
8838,-1024.0,192.0,-24.0
8855,-1024.0,192.0,-24.0
8872,-1024.0,192.0,-24.0
8890,-1024.0,192.0,-24.0
8906,-1024.0,192.0,-24.0
8923,-1040.0,188.0,-28.0
8939,-1040.0,188.0,-28.0
8955,-1040.0,188.0,-28.0
8973,-1040.0,188.0,-28.0
8989,-1040.0,188.0,-28.0
9006,-1040.0,188.0,-28.0
9022,-1044.0,200.0,8.0
9039,-1044.0,200.0,8.0
9055,-1044.0,200.0,8.0
9073,-1044.0,200.0,8.0
9089,-1044.0,200.0,8.0
9105,-1044.0,200.0,8.0
9122,-1024.0,248.0,72.0
9139,-1024.0,248.0,72.0
9155,-1024.0,248.0,72.0
9172,-1024.0,248.0,72.0
9188,-1024.0,248.0,72.0
9205,-1024.0,248.0,72.0
9222,-984.0,144.0,132.0
9239,-984.0,144.0,132.0
9255,-984.0,144.0,132.0
9272,-984.0,144.0,132.0
9288,-984.0,144.0,132.0
9305,-984.0,144.0,132.0
9323,-984.0,144.0,132.0
9338,-1032.0,100.0,132.0
9356,-1032.0,100.0,132.0
9372,-1032.0,100.0,132.0
9389,-1032.0,100.0,132.0
9405,-1032.0,100.0,132.0
9423,-1032.0,100.0,132.0
9439,-1068.0,80.0,124.0
9456,-1068.0,80.0,124.0
9473,-1068.0,80.0,124.0
9489,-1068.0,80.0,124.0
9506,-1068.0,80.0,124.0
9522,-1068.0,80.0,124.0
9539,-1040.0,44.0,132.0
9556,-1040.0,44.0,132.0
9572,-1040.0,44.0,132.0
9589,-1040.0,44.0,132.0
9606,-1040.0,44.0,132.0
9622,-1040.0,44.0,132.0
9639,-1056.0,60.0,116.0
9656,-1056.0,60.0,116.0
9672,-1056.0,60.0,116.0
9688,-1056.0,60.0,116.0
9706,-1056.0,60.0,116.0
9722,-1056.0,60.0,116.0
9739,-1048.0,44.0,124.0
9755,-1048.0,44.0,124.0
9772,-1048.0,44.0,124.0
9789,-1048.0,44.0,124.0
9805,-1048.0,44.0,124.0
9822,-1048.0,44.0,124.0
9840,-1048.0,44.0,124.0
9856,-1076.0,96.0,108.0
9873,-1076.0,96.0,108.0
9889,-1076.0,96.0,108.0
9905,-1076.0,96.0,108.0
9923,-1076.0,96.0,108.0
9939,-1076.0,96.0,108.0
9955,-1036.0,152.0,88.0
9972,-1036.0,152.0,88.0
9990,-1036.0,152.0,88.0
10006,-1036.0,152.0,88.0
10023,-1036.0,152.0,88.0
10039,-1036.0,152.0,88.0
10056,-1048.0,156.0,44.0
10073,-1048.0,156.0,44.0
10089,-1048.0,156.0,44.0
10106,-1048.0,156.0,44.0
10122,-1048.0,156.0,44.0
10139,-1048.0,156.0,44.0
10156,-1036.0,108.0,56.0
10172,-1036.0,108.0,56.0
10189,-1036.0,108.0,56.0
10206,-1036.0,108.0,56.0
10222,-1036.0,108.0,56.0
10239,-1036.0,108.0,56.0
10255,-1044.0,144.0,52.0
10272,-1044.0,144.0,52.0
10290,-1044.0,144.0,52.0
10306,-1044.0,144.0,52.0
10323,-1044.0,144.0,52.0
10340,-1044.0,144.0,52.0
10356,-1044.0,144.0,52.0
10373,-1056.0,156.0,36.0
10389,-1056.0,156.0,36.0
10406,-1056.0,156.0,36.0
10422,-1056.0,156.0,36.0
10439,-1056.0,156.0,36.0
10455,-1056.0,156.0,36.0
10472,-1040.0,228.0,4.0
10489,-1040.0,228.0,4.0
10506,-1040.0,228.0,4.0
10523,-1040.0,228.0,4.0
10539,-1040.0,228.0,4.0
10556,-1040.0,228.0,4.0
10572,-1040.0,216.0,24.0
10589,-1040.0,216.0,24.0
10606,-1040.0,216.0,24.0
10622,-1040.0,216.0,24.0
10639,-1040.0,216.0,24.0
10655,-1040.0,216.0,24.0
10673,-1020.0,260.0,28.0
10690,-1020.0,260.0,28.0
10705,-1020.0,260.0,28.0
10723,-1020.0,260.0,28.0
10740,-1020.0,260.0,28.0
10756,-1020.0,260.0,28.0
10773,-1052.0,308.0,12.0
10789,-1052.0,308.0,12.0
10806,-1052.0,308.0,12.0
10823,-1052.0,308.0,12.0
10840,-1052.0,308.0,12.0
10856,-1052.0,308.0,12.0
10873,-1052.0,308.0,12.0
10889,-1036.0,304.0,24.0
10906,-1036.0,304.0,24.0
10923,-1036.0,304.0,24.0
10939,-1036.0,304.0,24.0
10956,-1036.0,304.0,24.0
10972,-1036.0,304.0,24.0
10989,-1036.0,220.0,56.0
11007,-1036.0,220.0,56.0
11023,-1036.0,220.0,56.0
11039,-1036.0,220.0,56.0
11056,-1036.0,220.0,56.0
11072,-1036.0,220.0,56.0
11090,-1012.0,172.0,72.0
11107,-1012.0,172.0,72.0
11123,-1012.0,172.0,72.0
11139,-1012.0,172.0,72.0
11156,-1012.0,172.0,72.0
11173,-1012.0,172.0,72.0
11189,-1032.0,248.0,44.0
11206,-1032.0,248.0,44.0
11223,-1032.0,248.0,44.0
11240,-1032.0,248.0,44.0
11256,-1032.0,248.0,44.0
11273,-1032.0,248.0,44.0
11289,-1032.0,248.0,44.0
11306,-1032.0,256.0,56.0
11323,-1032.0,256.0,56.0
11339,-1032.0,256.0,56.0
11356,-1032.0,256.0,56.0
11372,-1032.0,256.0,56.0
11389,-1032.0,256.0,56.0
11406,-1040.0,240.0,64.0
11423,-1040.0,240.0,64.0
11439,-1040.0,240.0,64.0
11456,-1040.0,240.0,64.0
11472,-1040.0,240.0,64.0
11489,-1040.0,240.0,64.0
11506,-1032.0,228.0,-4.0
11522,-1032.0,228.0,-4.0
11540,-1032.0,228.0,-4.0
11557,-1032.0,228.0,-4.0
11573,-1032.0,228.0,-4.0
11590,-1032.0,228.0,-4.0
11606,-1020.0,220.0,4.0
11622,-1020.0,220.0,4.0
11640,-1020.0,220.0,4.0
11656,-1020.0,220.0,4.0
11673,-1020.0,220.0,4.0
11690,-1020.0,220.0,4.0
11706,-1072.0,140.0,-48.0
11723,-1072.0,140.0,-48.0
11740,-1072.0,140.0,-48.0
11756,-1072.0,140.0,-48.0
11772,-1072.0,140.0,-48.0
11790,-1072.0,140.0,-48.0
11806,-1072.0,140.0,-48.0
11823,-1048.0,192.0,8.0
11839,-1048.0,192.0,8.0
11856,-1048.0,192.0,8.0
11874,-1048.0,192.0,8.0
11890,-1048.0,192.0,8.0
11906,-1048.0,192.0,8.0
11923,-1024.0,116.0,60.0
11940,-1024.0,116.0,60.0
11957,-1024.0,116.0,60.0
11973,-1024.0,116.0,60.0
11989,-1024.0,116.0,60.0
12006,-1024.0,116.0,60.0
12023,-1072.0,88.0,84.0
12040,-1072.0,88.0,84.0
12057,-1072.0,88.0,84.0
12072,-1072.0,88.0,84.0
12090,-1072.0,88.0,84.0
12106,-1072.0,88.0,84.0
12123,-1036.0,76.0,92.0
12139,-1036.0,76.0,92.0
12156,-1036.0,76.0,92.0
12173,-1036.0,76.0,92.0
12190,-1036.0,76.0,92.0
12207,-1036.0,76.0,92.0
12223,-1036.0,76.0,92.0
12239,-1036.0,24.0,128.0
12255,-1036.0,24.0,128.0
12273,-1036.0,24.0,128.0
12289,-1036.0,24.0,128.0
12307,-1036.0,24.0,128.0
12322,-1036.0,24.0,128.0
12340,-1048.0,28.0,148.0
12357,-1048.0,28.0,148.0
12373,-1048.0,28.0,148.0
12390,-1048.0,28.0,148.0
12405,-1048.0,28.0,148.0
12423,-1048.0,28.0,148.0
12439,-1036.0,28.0,184.0
12458,-1036.0,28.0,184.0
12476,-1036.0,28.0,184.0
12494,-1036.0,28.0,184.0
12513,-1036.0,28.0,184.0
12530,-1036.0,28.0,184.0
12546,-1040.0,8.0,168.0
12563,-1040.0,8.0,168.0
12581,-1040.0,8.0,168.0
12596,-1040.0,8.0,168.0
12614,-1040.0,8.0,168.0
12630,-1040.0,8.0,168.0
12647,-1072.0,-28.0,176.0
12664,-1072.0,-28.0,176.0
12680,-1072.0,-28.0,176.0
12697,-1072.0,-28.0,176.0
12714,-1072.0,-28.0,176.0
12730,-1072.0,-28.0,176.0
12746,-1068.0,52.0,40.0
12763,-1068.0,52.0,40.0
12780,-1068.0,52.0,40.0
12797,-1068.0,52.0,40.0
12813,-1068.0,52.0,40.0
12830,-1068.0,52.0,40.0
12847,-1072.0,172.0,-56.0
12863,-1072.0,172.0,-56.0
12880,-1072.0,172.0,-56.0
12896,-1072.0,172.0,-56.0
12913,-1072.0,172.0,-56.0
12929,-1072.0,172.0,-56.0
12946,-1072.0,172.0,-56.0
12963,-1028.0,212.0,-116.0
12980,-1028.0,212.0,-116.0
12996,-1028.0,212.0,-116.0
13013,-1028.0,212.0,-116.0
13030,-1028.0,212.0,-116.0
13047,-1028.0,212.0,-116.0
13063,-1040.0,172.0,-56.0
13079,-1040.0,172.0,-56.0
13097,-1040.0,172.0,-56.0
13113,-1040.0,172.0,-56.0
13129,-1040.0,172.0,-56.0
13147,-1040.0,172.0,-56.0
13163,-1064.0,244.0,-80.0
13179,-1064.0,244.0,-80.0
13196,-1064.0,244.0,-80.0
13212,-1064.0,244.0,-80.0
13230,-1064.0,244.0,-80.0
13247,-1064.0,244.0,-80.0
13262,-1068.0,216.0,-12.0
13280,-1068.0,216.0,-12.0
13297,-1068.0,216.0,-12.0
13313,-1068.0,216.0,-12.0
13330,-1068.0,216.0,-12.0
13347,-1068.0,216.0,-12.0
13363,-1032.0,240.0,-48.0
13380,-1032.0,240.0,-48.0
13397,-1032.0,240.0,-48.0
13414,-1032.0,240.0,-48.0
13430,-1032.0,240.0,-48.0
13447,-1032.0,240.0,-48.0
13463,-1032.0,240.0,-48.0
13480,-1036.0,88.0,16.0
13496,-1036.0,88.0,16.0
13513,-1036.0,88.0,16.0
13530,-1036.0,88.0,16.0
13546,-1036.0,88.0,16.0
13563,-1036.0,88.0,16.0
13580,-1056.0,112.0,28.0
13596,-1056.0,112.0,28.0
13613,-1056.0,112.0,28.0
13629,-1056.0,112.0,28.0
13646,-1056.0,112.0,28.0
13664,-1056.0,112.0,28.0
13680,-1044.0,136.0,0.0
13696,-1044.0,136.0,0.0
13713,-1044.0,136.0,0.0
13730,-1044.0,136.0,0.0
13747,-1044.0,136.0,0.0
13763,-1044.0,136.0,0.0
13780,-1092.0,52.0,-24.0
13797,-1092.0,52.0,-24.0
13814,-1092.0,52.0,-24.0
13831,-1092.0,52.0,-24.0
13847,-1092.0,52.0,-24.0
13864,-1092.0,52.0,-24.0
13880,-1040.0,32.0,-24.0
13896,-1040.0,32.0,-24.0
13914,-1040.0,32.0,-24.0
13930,-1040.0,32.0,-24.0
13947,-1040.0,32.0,-24.0
13964,-1040.0,32.0,-24.0
13980,-1040.0,32.0,-24.0
13997,-1056.0,132.0,-56.0
14013,-1056.0,132.0,-56.0
14030,-1056.0,132.0,-56.0
14047,-1056.0,132.0,-56.0
14063,-1056.0,132.0,-56.0
14080,-1056.0,132.0,-56.0
14097,-1064.0,100.0,-72.0
14114,-1064.0,100.0,-72.0
14130,-1064.0,100.0,-72.0
14147,-1064.0,100.0,-72.0
14164,-1064.0,100.0,-72.0
14180,-1064.0,100.0,-72.0
14197,-1080.0,184.0,-112.0
14214,-1080.0,184.0,-112.0
14230,-1080.0,184.0,-112.0
14246,-1080.0,184.0,-112.0
14264,-1080.0,184.0,-112.0
14280,-1080.0,184.0,-112.0
14297,-1196.0,332.0,-196.0
14314,-1196.0,332.0,-196.0
14330,-1196.0,332.0,-196.0
14346,-1196.0,332.0,-196.0
14363,-1196.0,332.0,-196.0
14379,-1196.0,332.0,-196.0
14397,-1196.0,332.0,-196.0
14414,-1088.0,216.0,-16.0
14429,-1088.0,216.0,-16.0
14447,-1088.0,216.0,-16.0
14464,-1088.0,216.0,-16.0
14480,-1088.0,216.0,-16.0
14497,-1088.0,216.0,-16.0
14514,-868.0,152.0,-68.0
14530,-868.0,152.0,-68.0
14547,-868.0,152.0,-68.0
14564,-868.0,152.0,-68.0
14580,-868.0,152.0,-68.0
14597,-868.0,152.0,-68.0
14614,-1000.0,268.0,4.0
14631,-1000.0,268.0,4.0
14647,-1000.0,268.0,4.0
14664,-1000.0,268.0,4.0
14680,-1000.0,268.0,4.0
14697,-1000.0,268.0,4.0
14714,-1044.0,196.0,164.0
14730,-1044.0,196.0,164.0
14747,-1044.0,196.0,164.0
14763,-1044.0,196.0,164.0
14780,-1044.0,196.0,164.0
14797,-1044.0,196.0,164.0
14813,-1036.0,244.0,40.0
14830,-1036.0,244.0,40.0
14847,-1036.0,244.0,40.0
14864,-1036.0,244.0,40.0
14881,-1036.0,244.0,40.0
14897,-1036.0,244.0,40.0
14913,-1036.0,244.0,40.0
14931,-1040.0,248.0,0.0
14947,-1040.0,248.0,0.0
14964,-1040.0,248.0,0.0
14980,-1040.0,248.0,0.0
14997,-1040.0,248.0,0.0
15014,-1040.0,248.0,0.0
15031,-1020.0,268.0,-16.0
15047,-1020.0,268.0,-16.0
15064,-1020.0,268.0,-16.0
15080,-1020.0,268.0,-16.0
15098,-1020.0,268.0,-16.0
15114,-1020.0,268.0,-16.0
15130,-988.0,280.0,-100.0
15147,-988.0,280.0,-100.0
15164,-988.0,280.0,-100.0
15180,-988.0,280.0,-100.0
15196,-988.0,280.0,-100.0
15213,-988.0,280.0,-100.0
15230,-1028.0,320.0,-40.0
15248,-1028.0,320.0,-40.0
15263,-1028.0,320.0,-40.0
15281,-1028.0,320.0,-40.0
15297,-1028.0,320.0,-40.0
15314,-1028.0,320.0,-40.0
15330,-1028.0,320.0,-40.0
15347,-1024.0,276.0,-48.0
15364,-1024.0,276.0,-48.0
15381,-1024.0,276.0,-48.0
15396,-1024.0,276.0,-48.0
15413,-1024.0,276.0,-48.0
15431,-1024.0,276.0,-48.0
15447,-1024.0,280.0,-40.0
15464,-1024.0,280.0,-40.0
15480,-1024.0,280.0,-40.0
15496,-1024.0,280.0,-40.0
15514,-1024.0,280.0,-40.0
15531,-1024.0,280.0,-40.0
15547,-1044.0,320.0,-68.0
15563,-1044.0,320.0,-68.0
15581,-1044.0,320.0,-68.0
15597,-1044.0,320.0,-68.0
15614,-1044.0,320.0,-68.0
15631,-1044.0,320.0,-68.0
15648,-1072.0,264.0,-72.0
15665,-1072.0,264.0,-72.0
15681,-1072.0,264.0,-72.0
15696,-1072.0,264.0,-72.0
15715,-1072.0,264.0,-72.0
15730,-1072.0,264.0,-72.0
15747,-1088.0,76.0,-44.0
15764,-1088.0,76.0,-44.0
15781,-1088.0,76.0,-44.0
15797,-1088.0,76.0,-44.0
15814,-1088.0,76.0,-44.0
15831,-1088.0,76.0,-44.0
15847,-1088.0,76.0,-44.0
15863,-1080.0,92.0,-100.0
15881,-1080.0,92.0,-100.0
15897,-1080.0,92.0,-100.0
15914,-1080.0,92.0,-100.0
15931,-1080.0,92.0,-100.0
15947,-1080.0,92.0,-100.0
15964,-1096.0,-28.0,20.0
15981,-1096.0,-28.0,20.0
15997,-1096.0,-28.0,20.0
16014,-1096.0,-28.0,20.0
16030,-1096.0,-28.0,20.0
16047,-1096.0,-28.0,20.0
16065,-1084.0,4.0,20.0
16080,-1084.0,4.0,20.0
16096,-1084.0,4.0,20.0
16114,-1084.0,4.0,20.0
16132,-1084.0,4.0,20.0
16151,-1084.0,4.0,20.0
16170,-1088.0,168.0,32.0
16187,-1088.0,168.0,32.0
16204,-1088.0,168.0,32.0
16221,-1088.0,168.0,32.0
16238,-1088.0,168.0,32.0
16254,-1088.0,168.0,32.0
16272,-1044.0,184.0,-8.0
16289,-1044.0,184.0,-8.0
16305,-1044.0,184.0,-8.0
16322,-1044.0,184.0,-8.0
16338,-1044.0,184.0,-8.0
16354,-1044.0,184.0,-8.0
16372,-1036.0,272.0,-44.0
16388,-1036.0,272.0,-44.0
16405,-1036.0,272.0,-44.0
16422,-1036.0,272.0,-44.0
16438,-1036.0,272.0,-44.0
16455,-1036.0,272.0,-44.0
16471,-1052.0,224.0,-8.0
16488,-1052.0,224.0,-8.0
16505,-1052.0,224.0,-8.0
16521,-1052.0,224.0,-8.0
16538,-1052.0,224.0,-8.0
16555,-1052.0,224.0,-8.0
16571,-1052.0,224.0,-8.0
16588,-1064.0,224.0,-60.0
16604,-1064.0,224.0,-60.0
16621,-1064.0,224.0,-60.0
16638,-1064.0,224.0,-60.0
16654,-1064.0,224.0,-60.0
16671,-1064.0,224.0,-60.0
16688,-1060.0,160.0,-32.0
16704,-1060.0,160.0,-32.0
16721,-1060.0,160.0,-32.0
16737,-1060.0,160.0,-32.0
16754,-1060.0,160.0,-32.0
16771,-1060.0,160.0,-32.0
16787,-1072.0,96.0,4.0
16805,-1072.0,96.0,4.0
16821,-1072.0,96.0,4.0
16837,-1072.0,96.0,4.0
16854,-1072.0,96.0,4.0
16872,-1072.0,96.0,4.0
16888,-1056.0,136.0,-24.0
16905,-1056.0,136.0,-24.0
16922,-1056.0,136.0,-24.0
16938,-1056.0,136.0,-24.0
16955,-1056.0,136.0,-24.0
16972,-1056.0,136.0,-24.0
16988,-1076.0,104.0,12.0
17004,-1076.0,104.0,12.0
17021,-1076.0,104.0,12.0
17039,-1076.0,104.0,12.0
17054,-1076.0,104.0,12.0
17071,-1076.0,104.0,12.0
17088,-1076.0,104.0,12.0
17105,-1068.0,124.0,-8.0
17121,-1068.0,124.0,-8.0
17137,-1068.0,124.0,-8.0
17155,-1068.0,124.0,-8.0
17171,-1068.0,124.0,-8.0
17188,-1068.0,124.0,-8.0
17204,-1048.0,148.0,-4.0
17221,-1048.0,148.0,-4.0
17237,-1048.0,148.0,-4.0
17254,-1048.0,148.0,-4.0
17272,-1048.0,148.0,-4.0
17289,-1048.0,148.0,-4.0
17305,-1076.0,28.0,20.0
17322,-1076.0,28.0,20.0
17338,-1076.0,28.0,20.0
17355,-1076.0,28.0,20.0
17372,-1076.0,28.0,20.0
17388,-1076.0,28.0,20.0
17405,-1080.0,24.0,-36.0
17422,-1080.0,24.0,-36.0
17438,-1080.0,24.0,-36.0
17455,-1080.0,24.0,-36.0
17471,-1080.0,24.0,-36.0
17488,-1080.0,24.0,-36.0
17505,-1084.0,-24.0,8.0
17521,-1084.0,-24.0,8.0
17539,-1084.0,-24.0,8.0
17555,-1084.0,-24.0,8.0
17572,-1084.0,-24.0,8.0
17588,-1084.0,-24.0,8.0
17605,-1084.0,-24.0,8.0
17621,-1064.0,-16.0,52.0
17638,-1064.0,-16.0,52.0
17654,-1064.0,-16.0,52.0
17671,-1064.0,-16.0,52.0
17688,-1064.0,-16.0,52.0
17705,-1064.0,-16.0,52.0
17722,-1064.0,-20.0,52.0
17739,-1064.0,-20.0,52.0
17755,-1064.0,-20.0,52.0
17772,-1064.0,-20.0,52.0
17788,-1064.0,-20.0,52.0
17805,-1064.0,-20.0,52.0
17822,-1056.0,-8.0,60.0
17838,-1056.0,-8.0,60.0
17855,-1056.0,-8.0,60.0
17871,-1056.0,-8.0,60.0
17888,-1056.0,-8.0,60.0
17905,-1056.0,-8.0,60.0
17921,-1060.0,24.0,76.0
17939,-1060.0,24.0,76.0
17955,-1060.0,24.0,76.0
17971,-1060.0,24.0,76.0
17988,-1060.0,24.0,76.0
18005,-1060.0,24.0,76.0
18021,-1060.0,24.0,76.0
18038,-1044.0,116.0,-4.0
18055,-1044.0,116.0,-4.0
18071,-1044.0,116.0,-4.0
18088,-1044.0,116.0,-4.0
18105,-1044.0,116.0,-4.0
18122,-1044.0,116.0,-4.0
18138,-1088.0,160.0,-24.0
18155,-1088.0,160.0,-24.0
18172,-1088.0,160.0,-24.0
18188,-1088.0,160.0,-24.0
18205,-1088.0,160.0,-24.0
18221,-1088.0,160.0,-24.0
18239,-1052.0,164.0,-28.0
18255,-1052.0,164.0,-28.0
18272,-1052.0,164.0,-28.0
18289,-1052.0,164.0,-28.0
18305,-1052.0,164.0,-28.0
18322,-1052.0,164.0,-28.0
18338,-1040.0,132.0,-24.0
18355,-1040.0,132.0,-24.0
18371,-1040.0,132.0,-24.0
18388,-1040.0,132.0,-24.0
18405,-1040.0,132.0,-24.0
18421,-1040.0,132.0,-24.0
18438,-1040.0,192.0,-40.0
18456,-1040.0,192.0,-40.0
18472,-1040.0,192.0,-40.0
18489,-1040.0,192.0,-40.0
18505,-1040.0,192.0,-40.0
18522,-1040.0,192.0,-40.0
18539,-1040.0,192.0,-40.0
18555,-1056.0,124.0,-120.0
18572,-1056.0,124.0,-120.0
18589,-1056.0,124.0,-120.0
18605,-1056.0,124.0,-120.0
18622,-1056.0,124.0,-120.0
18639,-1056.0,124.0,-120.0
18656,-1064.0,132.0,-84.0
18672,-1064.0,132.0,-84.0
18688,-1064.0,132.0,-84.0
18705,-1064.0,132.0,-84.0
18722,-1064.0,132.0,-84.0
18738,-1064.0,132.0,-84.0
18754,-1040.0,184.0,-52.0
18772,-1040.0,184.0,-52.0
18788,-1040.0,184.0,-52.0
18805,-1040.0,184.0,-52.0
18822,-1040.0,184.0,-52.0
18838,-1040.0,184.0,-52.0
18854,-1096.0,176.0,-120.0
18872,-1096.0,176.0,-120.0
18888,-1096.0,176.0,-120.0
18905,-1096.0,176.0,-120.0
18922,-1096.0,176.0,-120.0
18938,-1096.0,176.0,-120.0
18956,-1032.0,204.0,-156.0
18972,-1032.0,204.0,-156.0
18989,-1032.0,204.0,-156.0
19005,-1032.0,204.0,-156.0
19022,-1032.0,204.0,-156.0
19039,-1032.0,204.0,-156.0
19055,-1032.0,204.0,-156.0
19072,-1004.0,184.0,-168.0
19088,-1004.0,184.0,-168.0
19106,-1004.0,184.0,-168.0
19121,-1004.0,184.0,-168.0
19139,-1004.0,184.0,-168.0
19155,-1004.0,184.0,-168.0
19172,-1080.0,132.0,-64.0
19188,-1080.0,132.0,-64.0
19205,-1080.0,132.0,-64.0
19222,-1080.0,132.0,-64.0
19238,-1080.0,132.0,-64.0
19255,-1080.0,132.0,-64.0
19272,-1032.0,80.0,-16.0
19288,-1032.0,80.0,-16.0
19306,-1032.0,80.0,-16.0
19323,-1032.0,80.0,-16.0
19338,-1032.0,80.0,-16.0
19356,-1032.0,80.0,-16.0
19373,-1096.0,96.0,16.0
19388,-1096.0,96.0,16.0
19406,-1096.0,96.0,16.0
19423,-1096.0,96.0,16.0
19438,-1096.0,96.0,16.0
19455,-1096.0,96.0,16.0
19472,-1096.0,96.0,16.0
19489,-1056.0,52.0,-28.0
19506,-1056.0,52.0,-28.0
19522,-1056.0,52.0,-28.0
19538,-1056.0,52.0,-28.0
19556,-1056.0,52.0,-28.0
19571,-1056.0,52.0,-28.0
19589,-1088.0,32.0,16.0
19604,-1088.0,32.0,16.0
19621,-1088.0,32.0,16.0
19639,-1088.0,32.0,16.0
19655,-1088.0,32.0,16.0
19672,-1088.0,32.0,16.0
19689,-1064.0,68.0,-12.0
19706,-1064.0,68.0,-12.0
19722,-1064.0,68.0,-12.0
19738,-1064.0,68.0,-12.0
19756,-1064.0,68.0,-12.0
19773,-1064.0,68.0,-12.0
19789,-1068.0,36.0,-56.0
19805,-1068.0,36.0,-56.0
19822,-1068.0,36.0,-56.0
19839,-1068.0,36.0,-56.0
19855,-1068.0,36.0,-56.0
19872,-1068.0,36.0,-56.0
19890,-1092.0,56.0,4.0
19909,-1092.0,56.0,4.0
19928,-1092.0,56.0,4.0
19945,-1092.0,56.0,4.0
19963,-1092.0,56.0,4.0
19979,-1092.0,56.0,4.0
19996,-1076.0,-4.0,24.0
20013,-1076.0,-4.0,24.0
20030,-1076.0,-4.0,24.0
20046,-1076.0,-4.0,24.0
20063,-1076.0,-4.0,24.0
20079,-1076.0,-4.0,24.0
20096,-1072.0,104.0,4.0
20112,-1072.0,104.0,4.0
20129,-1072.0,104.0,4.0
20146,-1072.0,104.0,4.0
20162,-1072.0,104.0,4.0
20179,-1072.0,104.0,4.0
20195,-1072.0,104.0,4.0
20212,-1076.0,80.0,-4.0
20229,-1076.0,80.0,-4.0
20245,-1076.0,80.0,-4.0
20262,-1076.0,80.0,-4.0
20279,-1076.0,80.0,-4.0
20296,-1076.0,80.0,-4.0
20313,-1068.0,36.0,-24.0
20329,-1068.0,36.0,-24.0
20345,-1068.0,36.0,-24.0
20363,-1068.0,36.0,-24.0
20379,-1068.0,36.0,-24.0
20396,-1068.0,36.0,-24.0
20413,-1028.0,48.0,-24.0
20429,-1028.0,48.0,-24.0
20446,-1028.0,48.0,-24.0
20462,-1028.0,48.0,-24.0
20479,-1028.0,48.0,-24.0
20495,-1028.0,48.0,-24.0
20512,-1060.0,132.0,16.0
20528,-1060.0,132.0,16.0
20546,-1060.0,132.0,16.0
20562,-1060.0,132.0,16.0
20579,-1060.0,132.0,16.0
20596,-1060.0,132.0,16.0
20613,-1040.0,180.0,16.0
20630,-1040.0,180.0,16.0
20646,-1040.0,180.0,16.0
20663,-1040.0,180.0,16.0
20679,-1040.0,180.0,16.0
20696,-1040.0,180.0,16.0
20713,-1040.0,180.0,16.0
20729,-1028.0,200.0,32.0
20746,-1028.0,200.0,32.0
20762,-1028.0,200.0,32.0
20779,-1028.0,200.0,32.0
20795,-1028.0,200.0,32.0
20812,-1028.0,200.0,32.0
20830,-1032.0,256.0,20.0
20846,-1032.0,256.0,20.0
20863,-1032.0,256.0,20.0
20879,-1032.0,256.0,20.0
20896,-1032.0,256.0,20.0
20912,-1032.0,256.0,20.0
20930,-1052.0,208.0,0.0
20946,-1052.0,208.0,0.0
20962,-1052.0,208.0,0.0
20980,-1052.0,208.0,0.0
20996,-1052.0,208.0,0.0
21013,-1052.0,208.0,0.0
21029,-1036.0,228.0,-20.0
21046,-1036.0,228.0,-20.0
21063,-1036.0,228.0,-20.0
21079,-1036.0,228.0,-20.0
21095,-1036.0,228.0,-20.0
21113,-1036.0,228.0,-20.0
21130,-1036.0,228.0,-20.0
21146,-1032.0,236.0,-32.0
21162,-1032.0,236.0,-32.0
21179,-1032.0,236.0,-32.0
21196,-1032.0,236.0,-32.0
21213,-1032.0,236.0,-32.0
21230,-1032.0,236.0,-32.0
21246,-1052.0,164.0,-36.0
21262,-1052.0,164.0,-36.0
21279,-1052.0,164.0,-36.0
21296,-1052.0,164.0,-36.0
21312,-1052.0,164.0,-36.0
21329,-1052.0,164.0,-36.0
21346,-1064.0,244.0,-76.0
21363,-1064.0,244.0,-76.0
21379,-1064.0,244.0,-76.0
21397,-1064.0,244.0,-76.0
21412,-1064.0,244.0,-76.0
21430,-1064.0,244.0,-76.0
21446,-1056.0,188.0,-80.0
21463,-1056.0,188.0,-80.0
21479,-1056.0,188.0,-80.0
21496,-1056.0,188.0,-80.0
21513,-1056.0,188.0,-80.0
21529,-1056.0,188.0,-80.0
21546,-1064.0,192.0,-68.0
21563,-1064.0,192.0,-68.0
21579,-1064.0,192.0,-68.0
21596,-1064.0,192.0,-68.0
21613,-1064.0,192.0,-68.0
21630,-1064.0,192.0,-68.0
21645,-1064.0,192.0,-68.0
21662,-1064.0,100.0,-48.0
21680,-1064.0,100.0,-48.0
21696,-1064.0,100.0,-48.0
21713,-1064.0,100.0,-48.0
21729,-1064.0,100.0,-48.0
21746,-1064.0,100.0,-48.0
21763,-1080.0,96.0,-12.0
21780,-1080.0,96.0,-12.0
21796,-1080.0,96.0,-12.0
21813,-1080.0,96.0,-12.0
21830,-1080.0,96.0,-12.0
21846,-1080.0,96.0,-12.0
21863,-1056.0,136.0,-36.0
21879,-1056.0,136.0,-36.0
21896,-1056.0,136.0,-36.0
21913,-1056.0,136.0,-36.0
21930,-1056.0,136.0,-36.0
21946,-1056.0,136.0,-36.0
21962,-1064.0,152.0,-56.0
21979,-1064.0,152.0,-56.0
21996,-1064.0,152.0,-56.0
22013,-1064.0,152.0,-56.0
22030,-1064.0,152.0,-56.0
22046,-1064.0,152.0,-56.0
22063,-1064.0,128.0,-20.0
22079,-1064.0,128.0,-20.0
22097,-1064.0,128.0,-20.0
22113,-1064.0,128.0,-20.0
22130,-1064.0,128.0,-20.0
22146,-1064.0,128.0,-20.0
22163,-1064.0,128.0,-20.0
22180,-1044.0,188.0,-28.0
22196,-1044.0,188.0,-28.0
22213,-1044.0,188.0,-28.0
22230,-1044.0,188.0,-28.0
22246,-1044.0,188.0,-28.0
22263,-1044.0,188.0,-28.0
22279,-1036.0,260.0,-32.0
22297,-1036.0,260.0,-32.0
22312,-1036.0,260.0,-32.0
22330,-1036.0,260.0,-32.0
22346,-1036.0,260.0,-32.0
22363,-1036.0,260.0,-32.0
22379,-1068.0,288.0,-52.0
22396,-1068.0,288.0,-52.0
22413,-1068.0,288.0,-52.0
22430,-1068.0,288.0,-52.0
22446,-1068.0,288.0,-52.0
22463,-1068.0,288.0,-52.0
22480,-1012.0,308.0,0.0
22496,-1012.0,308.0,0.0
22513,-1012.0,308.0,0.0
22530,-1012.0,308.0,0.0
22546,-1012.0,308.0,0.0
22563,-1012.0,308.0,0.0
22579,-1012.0,308.0,0.0
22597,-1044.0,224.0,32.0
22613,-1044.0,224.0,32.0
22630,-1044.0,224.0,32.0
22647,-1044.0,224.0,32.0
22663,-1044.0,224.0,32.0
22680,-1044.0,224.0,32.0
22697,-1060.0,232.0,32.0
22714,-1060.0,232.0,32.0
22730,-1060.0,232.0,32.0
22747,-1060.0,232.0,32.0
22763,-1060.0,232.0,32.0
22780,-1060.0,232.0,32.0
22796,-1064.0,280.0,16.0
22814,-1064.0,280.0,16.0
22829,-1064.0,280.0,16.0
22846,-1064.0,280.0,16.0
22862,-1064.0,280.0,16.0
22880,-1064.0,280.0,16.0
22896,-1060.0,240.0,24.0
22914,-1060.0,240.0,24.0
22931,-1060.0,240.0,24.0
22946,-1060.0,240.0,24.0
22963,-1060.0,240.0,24.0
22980,-1060.0,240.0,24.0
22997,-1040.0,244.0,12.0
23013,-1040.0,244.0,12.0
23030,-1040.0,244.0,12.0
23047,-1040.0,244.0,12.0
23063,-1040.0,244.0,12.0
23080,-1040.0,244.0,12.0
23097,-1040.0,244.0,12.0
23114,-1012.0,276.0,-24.0
23130,-1012.0,276.0,-24.0
23146,-1012.0,276.0,-24.0
23163,-1012.0,276.0,-24.0
23180,-1012.0,276.0,-24.0
23196,-1012.0,276.0,-24.0
23213,-1036.0,228.0,24.0
23230,-1036.0,228.0,24.0
23246,-1036.0,228.0,24.0
23263,-1036.0,228.0,24.0
23280,-1036.0,228.0,24.0
23296,-1036.0,228.0,24.0
23313,-1040.0,212.0,12.0
23330,-1040.0,212.0,12.0
23346,-1040.0,212.0,12.0
23363,-1040.0,212.0,12.0
23379,-1040.0,212.0,12.0
23397,-1040.0,212.0,12.0
23413,-1028.0,164.0,24.0
23430,-1028.0,164.0,24.0
23446,-1028.0,164.0,24.0
23463,-1028.0,164.0,24.0
23480,-1028.0,164.0,24.0
23496,-1028.0,164.0,24.0
23514,-1040.0,228.0,20.0
23530,-1040.0,228.0,20.0
23546,-1040.0,228.0,20.0
23563,-1040.0,228.0,20.0
23579,-1040.0,228.0,20.0
23596,-1040.0,228.0,20.0
23613,-1040.0,228.0,20.0
23630,-1040.0,224.0,40.0
23646,-1040.0,224.0,40.0
23663,-1040.0,224.0,40.0
23679,-1040.0,224.0,40.0
23696,-1040.0,224.0,40.0
23715,-1040.0,224.0,40.0
23733,-1064.0,232.0,-20.0
23752,-1064.0,232.0,-20.0
23769,-1064.0,232.0,-20.0
23786,-1064.0,232.0,-20.0
23803,-1064.0,232.0,-20.0
23821,-1064.0,232.0,-20.0
23837,-1032.0,168.0,20.0
23854,-1032.0,168.0,20.0
23870,-1032.0,168.0,20.0
23887,-1032.0,168.0,20.0
23904,-1032.0,168.0,20.0
23920,-1032.0,168.0,20.0
23937,-1056.0,180.0,-12.0
23953,-1056.0,180.0,-12.0
23970,-1056.0,180.0,-12.0
23987,-1056.0,180.0,-12.0
24004,-1056.0,180.0,-12.0
24020,-1056.0,180.0,-12.0
24037,-1072.0,252.0,-44.0
24053,-1072.0,252.0,-44.0
24070,-1072.0,252.0,-44.0
24087,-1072.0,252.0,-44.0
24103,-1072.0,252.0,-44.0
24119,-1072.0,252.0,-44.0
24136,-1036.0,232.0,-24.0
24153,-1036.0,232.0,-24.0
24170,-1036.0,232.0,-24.0
24186,-1036.0,232.0,-24.0
24203,-1036.0,232.0,-24.0
24219,-1036.0,232.0,-24.0
24237,-1036.0,232.0,-24.0
24253,-1028.0,264.0,-4.0
24270,-1028.0,264.0,-4.0
24286,-1028.0,264.0,-4.0
24303,-1028.0,264.0,-4.0
24320,-1028.0,264.0,-4.0
24336,-1028.0,264.0,-4.0
24353,-1056.0,208.0,-44.0
24369,-1056.0,208.0,-44.0
24386,-1056.0,208.0,-44.0
24404,-1056.0,208.0,-44.0
24420,-1056.0,208.0,-44.0
24437,-1056.0,208.0,-44.0
24453,-1044.0,204.0,-36.0
24470,-1044.0,204.0,-36.0
24487,-1044.0,204.0,-36.0
24504,-1044.0,204.0,-36.0
24520,-1044.0,204.0,-36.0
24537,-1044.0,204.0,-36.0
24553,-1032.0,216.0,0.0
24570,-1032.0,216.0,0.0
24587,-1032.0,216.0,0.0
24603,-1032.0,216.0,0.0
24620,-1032.0,216.0,0.0
24637,-1032.0,216.0,0.0
24654,-1044.0,248.0,32.0
24670,-1044.0,248.0,32.0
24687,-1044.0,248.0,32.0
24704,-1044.0,248.0,32.0
24720,-1044.0,248.0,32.0
24736,-1044.0,248.0,32.0
24753,-1044.0,248.0,32.0
24770,-1036.0,276.0,-24.0
24787,-1036.0,276.0,-24.0
24804,-1036.0,276.0,-24.0
24820,-1036.0,276.0,-24.0
24837,-1036.0,276.0,-24.0
24853,-1036.0,276.0,-24.0
24871,-1036.0,304.0,-48.0
24888,-1036.0,304.0,-48.0
24904,-1036.0,304.0,-48.0
24921,-1036.0,304.0,-48.0
24937,-1036.0,304.0,-48.0
24954,-1036.0,304.0,-48.0
24970,-1024.0,256.0,4.0
24987,-1024.0,256.0,4.0
25003,-1024.0,256.0,4.0
25020,-1024.0,256.0,4.0
25037,-1024.0,256.0,4.0
25054,-1024.0,256.0,4.0
25070,-1036.0,256.0,-24.0
25087,-1036.0,256.0,-24.0
25103,-1036.0,256.0,-24.0
25120,-1036.0,256.0,-24.0
25137,-1036.0,256.0,-24.0
25154,-1036.0,256.0,-24.0
25171,-1036.0,256.0,-24.0
25187,-1052.0,236.0,20.0
25203,-1052.0,236.0,20.0
25220,-1052.0,236.0,20.0
25237,-1052.0,236.0,20.0
25254,-1052.0,236.0,20.0
25271,-1052.0,236.0,20.0
25288,-1052.0,240.0,44.0
25304,-1052.0,240.0,44.0
25320,-1052.0,240.0,44.0
25337,-1052.0,240.0,44.0
25354,-1052.0,240.0,44.0
25370,-1052.0,240.0,44.0
25387,-992.0,292.0,36.0
25404,-992.0,292.0,36.0
25420,-992.0,292.0,36.0
25437,-992.0,292.0,36.0
25453,-992.0,292.0,36.0
25470,-992.0,292.0,36.0
25487,-1060.0,288.0,-8.0
25503,-1060.0,288.0,-8.0
25521,-1060.0,288.0,-8.0
25537,-1060.0,288.0,-8.0
25554,-1060.0,288.0,-8.0
25570,-1060.0,288.0,-8.0
25586,-1020.0,292.0,24.0
25603,-1020.0,292.0,24.0
25621,-1020.0,292.0,24.0
25638,-1020.0,292.0,24.0
25654,-1020.0,292.0,24.0
25671,-1020.0,292.0,24.0
25687,-1020.0,292.0,24.0
25704,-1024.0,192.0,28.0
25721,-1024.0,192.0,28.0
25737,-1024.0,192.0,28.0
25754,-1024.0,192.0,28.0
25771,-1024.0,192.0,28.0
25787,-1024.0,192.0,28.0
25804,-1028.0,184.0,4.0
25820,-1028.0,184.0,4.0
25837,-1028.0,184.0,4.0
25854,-1028.0,184.0,4.0
25870,-1028.0,184.0,4.0
25887,-1028.0,184.0,4.0
25904,-1076.0,216.0,-36.0
25921,-1076.0,216.0,-36.0
25937,-1076.0,216.0,-36.0
25954,-1076.0,216.0,-36.0
25970,-1076.0,216.0,-36.0
25987,-1076.0,216.0,-36.0
26004,-1068.0,200.0,-20.0
26020,-1068.0,200.0,-20.0
26037,-1068.0,200.0,-20.0
26054,-1068.0,200.0,-20.0
26070,-1068.0,200.0,-20.0
26087,-1068.0,200.0,-20.0
26104,-1044.0,164.0,-36.0
26121,-1044.0,164.0,-36.0
26137,-1044.0,164.0,-36.0
26153,-1044.0,164.0,-36.0
26170,-1044.0,164.0,-36.0
26187,-1044.0,164.0,-36.0
26203,-1044.0,164.0,-36.0
26220,-1052.0,140.0,-12.0
26237,-1052.0,140.0,-12.0
26254,-1052.0,140.0,-12.0
26271,-1052.0,140.0,-12.0
26287,-1052.0,140.0,-12.0
26304,-1052.0,140.0,-12.0
26320,-1068.0,212.0,-40.0
26337,-1068.0,212.0,-40.0
26354,-1068.0,212.0,-40.0
26370,-1068.0,212.0,-40.0
26387,-1068.0,212.0,-40.0
26404,-1068.0,212.0,-40.0
26420,-1040.0,228.0,-60.0
26437,-1040.0,228.0,-60.0
26455,-1040.0,228.0,-60.0
26471,-1040.0,228.0,-60.0
26487,-1040.0,228.0,-60.0
26504,-1040.0,228.0,-60.0
26520,-1040.0,100.0,-68.0
26537,-1040.0,100.0,-68.0
26554,-1040.0,100.0,-68.0
26570,-1040.0,100.0,-68.0
26587,-1040.0,100.0,-68.0
26604,-1040.0,100.0,-68.0
26621,-1040.0,100.0,-68.0
26637,-1016.0,168.0,-88.0
26654,-1016.0,168.0,-88.0
26670,-1016.0,168.0,-88.0
26686,-1016.0,168.0,-88.0
26704,-1016.0,168.0,-88.0
26721,-1016.0,168.0,-88.0
26737,-1048.0,216.0,-112.0
26753,-1048.0,216.0,-112.0
26770,-1048.0,216.0,-112.0
26788,-1048.0,216.0,-112.0
26803,-1048.0,216.0,-112.0
26821,-1048.0,216.0,-112.0
26838,-1032.0,204.0,-128.0
26855,-1032.0,204.0,-128.0
26871,-1032.0,204.0,-128.0
26887,-1032.0,204.0,-128.0
26905,-1032.0,204.0,-128.0
26921,-1032.0,204.0,-128.0
26937,-1100.0,176.0,-156.0
26954,-1100.0,176.0,-156.0
26970,-1100.0,176.0,-156.0
26988,-1100.0,176.0,-156.0
27005,-1100.0,176.0,-156.0
27020,-1100.0,176.0,-156.0
27037,-1060.0,176.0,-184.0
27053,-1060.0,176.0,-184.0
27071,-1060.0,176.0,-184.0
27088,-1060.0,176.0,-184.0
27104,-1060.0,176.0,-184.0
27120,-1060.0,176.0,-184.0
27137,-1060.0,176.0,-184.0
27154,-1036.0,148.0,-184.0
27171,-1036.0,148.0,-184.0
27187,-1036.0,148.0,-184.0
27204,-1036.0,148.0,-184.0
27220,-1036.0,148.0,-184.0
27237,-1036.0,148.0,-184.0
27254,-1024.0,180.0,-220.0
27273,-1024.0,180.0,-220.0
27292,-1024.0,180.0,-220.0
27310,-1024.0,180.0,-220.0
27327,-1024.0,180.0,-220.0
27344,-1024.0,180.0,-220.0
27362,-1064.0,128.0,-192.0
27378,-1064.0,128.0,-192.0
27395,-1064.0,128.0,-192.0
27411,-1064.0,128.0,-192.0
27428,-1064.0,128.0,-192.0
27445,-1064.0,128.0,-192.0
27462,-1044.0,104.0,-220.0
27478,-1044.0,104.0,-220.0
27495,-1044.0,104.0,-220.0
27511,-1044.0,104.0,-220.0
27528,-1044.0,104.0,-220.0
27545,-1044.0,104.0,-220.0
27561,-1096.0,120.0,-224.0
27578,-1096.0,120.0,-224.0
27595,-1096.0,120.0,-224.0
27611,-1096.0,120.0,-224.0
27628,-1096.0,120.0,-224.0
27645,-1096.0,120.0,-224.0
27661,-1028.0,76.0,-236.0
27678,-1028.0,76.0,-236.0
27694,-1028.0,76.0,-236.0
27711,-1028.0,76.0,-236.0
27728,-1028.0,76.0,-236.0
27744,-1028.0,76.0,-236.0
27761,-1028.0,76.0,-236.0
27777,-1028.0,96.0,-252.0
27795,-1028.0,96.0,-252.0
27811,-1028.0,96.0,-252.0
27828,-1028.0,96.0,-252.0
27844,-1028.0,96.0,-252.0
27861,-1028.0,96.0,-252.0
27877,-1068.0,84.0,-224.0
27895,-1068.0,84.0,-224.0
27911,-1068.0,84.0,-224.0
27927,-1068.0,84.0,-224.0
27945,-1068.0,84.0,-224.0
27962,-1068.0,84.0,-224.0
