MILLIS,X,Y,Z
1408,-864.0,544.0,280.0
1523,-828.0,508.0,244.0
1537,-828.0,508.0,244.0
1552,-828.0,508.0,244.0
1568,-828.0,508.0,244.0
1585,-828.0,508.0,244.0
1603,-852.0,448.0,240.0
1619,-852.0,448.0,240.0
1636,-852.0,448.0,240.0
1652,-852.0,448.0,240.0
1670,-852.0,448.0,240.0
1686,-852.0,448.0,240.0
1703,-868.0,448.0,260.0
1720,-868.0,448.0,260.0
1736,-868.0,448.0,260.0
1753,-868.0,448.0,260.0
1769,-868.0,448.0,260.0
1785,-868.0,448.0,260.0
1803,-868.0,448.0,260.0
1820,-884.0,444.0,160.0
1836,-884.0,444.0,160.0
1852,-884.0,444.0,160.0
1869,-884.0,444.0,160.0
1885,-884.0,444.0,160.0
1903,-884.0,444.0,160.0
1920,-908.0,428.0,124.0
1935,-908.0,428.0,124.0
1952,-908.0,428.0,124.0
1969,-908.0,428.0,124.0
1985,-908.0,428.0,124.0
2001,-908.0,428.0,124.0
2019,-964.0,392.0,68.0
2036,-964.0,392.0,68.0
2052,-964.0,392.0,68.0
2068,-964.0,392.0,68.0
2086,-964.0,392.0,68.0
2102,-964.0,392.0,68.0
2119,-1020.0,380.0,12.0
2135,-1020.0,380.0,12.0
2152,-1020.0,380.0,12.0
2169,-1020.0,380.0,12.0
2185,-1020.0,380.0,12.0
2202,-1020.0,380.0,12.0
2218,-1020.0,380.0,12.0
2236,-996.0,312.0,-28.0
2252,-996.0,312.0,-28.0
2269,-996.0,312.0,-28.0
2286,-996.0,312.0,-28.0
2302,-996.0,312.0,-28.0
2319,-996.0,312.0,-28.0
2336,-1016.0,304.0,-72.0
2352,-1016.0,304.0,-72.0
2369,-1016.0,304.0,-72.0
2386,-1016.0,304.0,-72.0
2402,-1016.0,304.0,-72.0
2419,-1016.0,304.0,-72.0
2436,-1032.0,344.0,-116.0
2452,-1032.0,344.0,-116.0
2469,-1032.0,344.0,-116.0
2485,-1032.0,344.0,-116.0
2503,-1032.0,344.0,-116.0
2518,-1032.0,344.0,-116.0
2536,-1032.0,288.0,-124.0
2552,-1032.0,288.0,-124.0
2569,-1032.0,288.0,-124.0
2586,-1032.0,288.0,-124.0
2603,-1032.0,288.0,-124.0
2619,-1032.0,288.0,-124.0
2636,-1060.0,316.0,-144.0
2652,-1060.0,316.0,-144.0
2669,-1060.0,316.0,-144.0
2686,-1060.0,316.0,-144.0
2702,-1060.0,316.0,-144.0
2719,-1060.0,316.0,-144.0
2736,-1060.0,316.0,-144.0
2753,-988.0,288.0,-112.0
2769,-988.0,288.0,-112.0
2786,-988.0,288.0,-112.0
2803,-988.0,288.0,-112.0
2819,-988.0,288.0,-112.0
2836,-988.0,288.0,-112.0
2853,-1028.0,252.0,-144.0
2869,-1028.0,252.0,-144.0
2885,-1028.0,252.0,-144.0
2903,-1028.0,252.0,-144.0
2919,-1028.0,252.0,-144.0
2936,-1028.0,252.0,-144.0
2952,-1056.0,324.0,-96.0
2969,-1056.0,324.0,-96.0
2985,-1056.0,324.0,-96.0
3002,-1056.0,324.0,-96.0
3020,-1056.0,324.0,-96.0
3036,-1056.0,324.0,-96.0
3053,-1028.0,256.0,-100.0
3069,-1028.0,256.0,-100.0
3086,-1028.0,256.0,-100.0
3102,-1028.0,256.0,-100.0
3119,-1028.0,256.0,-100.0
3136,-1028.0,256.0,-100.0
3152,-1028.0,256.0,-100.0
3169,-1024.0,332.0,-92.0
3186,-1024.0,332.0,-92.0
3202,-1024.0,332.0,-92.0
3218,-1024.0,332.0,-92.0
3235,-1024.0,332.0,-92.0
3253,-1024.0,332.0,-92.0
3269,-948.0,332.0,-44.0
3285,-948.0,332.0,-44.0
3303,-948.0,332.0,-44.0
3319,-948.0,332.0,-44.0
3336,-948.0,332.0,-44.0
3352,-948.0,332.0,-44.0
3369,-952.0,432.0,24.0
3386,-952.0,432.0,24.0
3402,-952.0,432.0,24.0
3419,-952.0,432.0,24.0
3436,-952.0,432.0,24.0
3452,-952.0,432.0,24.0
3469,-920.0,416.0,88.0
3486,-920.0,416.0,88.0
3503,-920.0,416.0,88.0
3519,-920.0,416.0,88.0
3536,-920.0,416.0,88.0
3552,-920.0,416.0,88.0
3568,-912.0,436.0,136.0
3585,-912.0,436.0,136.0
3602,-912.0,436.0,136.0
3619,-912.0,436.0,136.0
3636,-912.0,436.0,136.0
3652,-912.0,436.0,136.0
3670,-912.0,436.0,136.0
3686,-884.0,400.0,132.0
3702,-884.0,400.0,132.0
3719,-884.0,400.0,132.0
3735,-884.0,400.0,132.0
3753,-884.0,400.0,132.0
3770,-884.0,400.0,132.0
3786,-916.0,428.0,168.0
3802,-916.0,428.0,168.0
3819,-916.0,428.0,168.0
3835,-916.0,428.0,168.0
3853,-916.0,428.0,168.0
3870,-916.0,428.0,168.0
3886,-920.0,420.0,132.0
3903,-920.0,420.0,132.0
3919,-920.0,420.0,132.0
3936,-920.0,420.0,132.0
3953,-920.0,420.0,132.0
3969,-920.0,420.0,132.0
3985,-948.0,408.0,128.0
4002,-948.0,408.0,128.0
4019,-948.0,408.0,128.0
4035,-948.0,408.0,128.0
4052,-948.0,408.0,128.0
4069,-948.0,408.0,128.0
4086,-952.0,364.0,92.0
4102,-952.0,364.0,92.0
4119,-952.0,364.0,92.0
4136,-952.0,364.0,92.0
4153,-952.0,364.0,92.0
4169,-952.0,364.0,92.0
4186,-952.0,364.0,92.0
4202,-988.0,332.0,60.0
4219,-988.0,332.0,60.0
4235,-988.0,332.0,60.0
4252,-988.0,332.0,60.0
4270,-988.0,332.0,60.0
4286,-988.0,332.0,60.0
4302,-956.0,344.0,40.0
4319,-956.0,344.0,40.0
4336,-956.0,344.0,40.0
4353,-956.0,344.0,40.0
4369,-956.0,344.0,40.0
4386,-956.0,344.0,40.0
4402,-996.0,316.0,16.0
4418,-996.0,316.0,16.0
4436,-996.0,316.0,16.0
4452,-996.0,316.0,16.0
4469,-996.0,316.0,16.0
4486,-996.0,316.0,16.0
4502,-1032.0,264.0,-64.0
4519,-1032.0,264.0,-64.0
4535,-1032.0,264.0,-64.0
4552,-1032.0,264.0,-64.0
4569,-1032.0,264.0,-64.0
4586,-1032.0,264.0,-64.0
4602,-1032.0,264.0,-64.0
4619,-1136.0,216.0,-60.0
4636,-1136.0,216.0,-60.0
4652,-1136.0,216.0,-60.0
4669,-1136.0,216.0,-60.0
4686,-1136.0,216.0,-60.0
4703,-1136.0,216.0,-60.0
4719,-1080.0,120.0,-84.0
4736,-1080.0,120.0,-84.0
4752,-1080.0,120.0,-84.0
4769,-1080.0,120.0,-84.0
4786,-1080.0,120.0,-84.0
4802,-1080.0,120.0,-84.0
4819,-1068.0,56.0,-112.0
4835,-1068.0,56.0,-112.0
4853,-1068.0,56.0,-112.0
4877,-1068.0,56.0,-112.0
4894,-1068.0,56.0,-112.0
4910,-1068.0,56.0,-112.0
4927,-1044.0,36.0,-136.0
4944,-1044.0,36.0,-136.0
4961,-1044.0,36.0,-136.0
4978,-1044.0,36.0,-136.0
4994,-1044.0,36.0,-136.0
5011,-1044.0,36.0,-136.0
5027,-996.0,48.0,-136.0
5044,-996.0,48.0,-136.0
5061,-996.0,48.0,-136.0
5077,-996.0,48.0,-136.0
5093,-996.0,48.0,-136.0
5110,-996.0,48.0,-136.0
5127,-1108.0,40.0,-96.0
5144,-1108.0,40.0,-96.0
5161,-1108.0,40.0,-96.0
5177,-1108.0,40.0,-96.0
5194,-1108.0,40.0,-96.0
5211,-1108.0,40.0,-96.0
5227,-1036.0,92.0,-112.0
5244,-1036.0,92.0,-112.0
5261,-1036.0,92.0,-112.0
5277,-1036.0,92.0,-112.0
5293,-1036.0,92.0,-112.0
5310,-1036.0,92.0,-112.0
5327,-1036.0,92.0,-112.0
5344,-1036.0,160.0,-148.0
5361,-1036.0,160.0,-148.0
5377,-1036.0,160.0,-148.0
5393,-1036.0,160.0,-148.0
5411,-1036.0,160.0,-148.0
5427,-1036.0,160.0,-148.0
5444,-1048.0,240.0,-176.0
5460,-1048.0,240.0,-176.0
5477,-1048.0,240.0,-176.0
5495,-1048.0,240.0,-176.0
5511,-1048.0,240.0,-176.0
5528,-1048.0,240.0,-176.0
5544,-996.0,336.0,-148.0
5561,-996.0,336.0,-148.0
5578,-996.0,336.0,-148.0
5594,-996.0,336.0,-148.0
5610,-996.0,336.0,-148.0
5628,-996.0,336.0,-148.0
5644,-1040.0,296.0,-144.0
5661,-1040.0,296.0,-144.0
5677,-1040.0,296.0,-144.0
5694,-1040.0,296.0,-144.0
5711,-1040.0,296.0,-144.0
5727,-1040.0,296.0,-144.0
5744,-984.0,308.0,-88.0
5761,-984.0,308.0,-88.0
5777,-984.0,308.0,-88.0
5794,-984.0,308.0,-88.0
5811,-984.0,308.0,-88.0
5828,-984.0,308.0,-88.0
5844,-984.0,308.0,-88.0
5861,-996.0,336.0,-60.0
5877,-996.0,336.0,-60.0
5895,-996.0,336.0,-60.0
5911,-996.0,336.0,-60.0
5928,-996.0,336.0,-60.0
5944,-996.0,336.0,-60.0
5961,-988.0,336.0,-60.0
5977,-988.0,336.0,-60.0
5994,-988.0,336.0,-60.0
6011,-988.0,336.0,-60.0
6027,-988.0,336.0,-60.0
6045,-988.0,336.0,-60.0
6061,-1000.0,384.0,-80.0
6078,-1000.0,384.0,-80.0
6094,-1000.0,384.0,-80.0
6111,-1000.0,384.0,-80.0
6128,-1000.0,384.0,-80.0
6144,-1000.0,384.0,-80.0
6161,-984.0,320.0,-60.0
6177,-984.0,320.0,-60.0
6194,-984.0,320.0,-60.0
6210,-984.0,320.0,-60.0
6227,-984.0,320.0,-60.0
6245,-984.0,320.0,-60.0
6260,-984.0,320.0,-60.0
6277,-1000.0,324.0,-152.0
6295,-1000.0,324.0,-152.0
6311,-1000.0,324.0,-152.0
6328,-1000.0,324.0,-152.0
6345,-1000.0,324.0,-152.0
6361,-1000.0,324.0,-152.0
6377,-1016.0,336.0,-92.0
6394,-1016.0,336.0,-92.0
6411,-1016.0,336.0,-92.0
6428,-1016.0,336.0,-92.0
6445,-1016.0,336.0,-92.0
6461,-1016.0,336.0,-92.0
6478,-1024.0,332.0,-128.0
6494,-1024.0,332.0,-128.0
6511,-1024.0,332.0,-128.0
6527,-1024.0,332.0,-128.0
6544,-1024.0,332.0,-128.0
6561,-1024.0,332.0,-128.0
6578,-1032.0,268.0,-108.0
6594,-1032.0,268.0,-108.0
6611,-1032.0,268.0,-108.0
6627,-1032.0,268.0,-108.0
6644,-1032.0,268.0,-108.0
6661,-1032.0,268.0,-108.0
6677,-1112.0,228.0,-140.0
6695,-1112.0,228.0,-140.0
6711,-1112.0,228.0,-140.0
6728,-1112.0,228.0,-140.0
6745,-1112.0,228.0,-140.0
6761,-1112.0,228.0,-140.0
6778,-1112.0,228.0,-140.0
6794,-1116.0,180.0,-220.0
6811,-1116.0,180.0,-220.0
6828,-1116.0,180.0,-220.0
6844,-1116.0,180.0,-220.0
6861,-1116.0,180.0,-220.0
6878,-1116.0,180.0,-220.0
6894,-1064.0,72.0,-132.0
6911,-1064.0,72.0,-132.0
6928,-1064.0,72.0,-132.0
6944,-1064.0,72.0,-132.0
6961,-1064.0,72.0,-132.0
6977,-1064.0,72.0,-132.0
6995,-1000.0,-12.0,-176.0
7011,-1000.0,-12.0,-176.0
7028,-1000.0,-12.0,-176.0
7044,-1000.0,-12.0,-176.0
7061,-1000.0,-12.0,-176.0
7078,-1000.0,-12.0,-176.0
7094,-1060.0,24.0,-156.0
7112,-1060.0,24.0,-156.0
7128,-1060.0,24.0,-156.0
7144,-1060.0,24.0,-156.0
7161,-1060.0,24.0,-156.0
7178,-1060.0,24.0,-156.0
7195,-1132.0,96.0,-128.0
7211,-1132.0,96.0,-128.0
7228,-1132.0,96.0,-128.0
7245,-1132.0,96.0,-128.0
7261,-1132.0,96.0,-128.0
7278,-1132.0,96.0,-128.0
7294,-1132.0,96.0,-128.0
7311,-1052.0,192.0,-124.0
7328,-1052.0,192.0,-124.0
7344,-1052.0,192.0,-124.0
7362,-1052.0,192.0,-124.0
7378,-1052.0,192.0,-124.0
7394,-1052.0,192.0,-124.0
7410,-1040.0,140.0,-108.0
7427,-1040.0,140.0,-108.0
7445,-1040.0,140.0,-108.0
7461,-1040.0,140.0,-108.0
7478,-1040.0,140.0,-108.0
7495,-1040.0,140.0,-108.0
7511,-1032.0,232.0,-148.0
7529,-1032.0,232.0,-148.0
7545,-1032.0,232.0,-148.0
7561,-1032.0,232.0,-148.0
7577,-1032.0,232.0,-148.0
7595,-1032.0,232.0,-148.0
7611,-1028.0,276.0,-112.0
7628,-1028.0,276.0,-112.0
7645,-1028.0,276.0,-112.0
7660,-1028.0,276.0,-112.0
7678,-1028.0,276.0,-112.0
7695,-1028.0,276.0,-112.0
7711,-1028.0,276.0,-112.0
7728,-1020.0,312.0,-144.0
7744,-1020.0,312.0,-144.0
7761,-1020.0,312.0,-144.0
7777,-1020.0,312.0,-144.0
7795,-1020.0,312.0,-144.0
7811,-1020.0,312.0,-144.0
7827,-984.0,320.0,-140.0
7844,-984.0,320.0,-140.0
7861,-984.0,320.0,-140.0
7877,-984.0,320.0,-140.0
7894,-984.0,320.0,-140.0
7911,-984.0,320.0,-140.0
7928,-1048.0,300.0,-104.0
7945,-1048.0,300.0,-104.0
7962,-1048.0,300.0,-104.0
7978,-1048.0,300.0,-104.0
7995,-1048.0,300.0,-104.0
8012,-1048.0,300.0,-104.0
8027,-1016.0,272.0,-116.0
8045,-1016.0,272.0,-116.0
8061,-1016.0,272.0,-116.0
8077,-1016.0,272.0,-116.0
8095,-1016.0,272.0,-116.0
8112,-1016.0,272.0,-116.0
8127,-1024.0,308.0,-96.0
8144,-1024.0,308.0,-96.0
8161,-1024.0,308.0,-96.0
8178,-1024.0,308.0,-96.0
8194,-1024.0,308.0,-96.0
8211,-1024.0,308.0,-96.0
8227,-1024.0,308.0,-96.0
8245,-996.0,316.0,-80.0
8262,-996.0,316.0,-80.0
8278,-996.0,316.0,-80.0
8295,-996.0,316.0,-80.0
8312,-996.0,316.0,-80.0
8328,-996.0,316.0,-80.0
8345,-1020.0,296.0,-96.0
8360,-1020.0,296.0,-96.0
8378,-1020.0,296.0,-96.0
8395,-1020.0,296.0,-96.0
8411,-1020.0,296.0,-96.0
8427,-1020.0,296.0,-96.0
8445,-1016.0,292.0,-116.0
8461,-1016.0,292.0,-116.0
8478,-1016.0,292.0,-116.0
8495,-1016.0,292.0,-116.0
8514,-1016.0,292.0,-116.0
8532,-1016.0,292.0,-116.0
8551,-1012.0,296.0,-104.0
8568,-1012.0,296.0,-104.0
8585,-1012.0,296.0,-104.0
8601,-1012.0,296.0,-104.0
8618,-1012.0,296.0,-104.0
8636,-1012.0,296.0,-104.0
8652,-1048.0,228.0,-100.0
8668,-1048.0,228.0,-100.0
8685,-1048.0,228.0,-100.0
8701,-1048.0,228.0,-100.0
8719,-1048.0,228.0,-100.0
8735,-1048.0,228.0,-100.0
8751,-1008.0,236.0,-116.0
8769,-1008.0,236.0,-116.0
8785,-1008.0,236.0,-116.0
8802,-1008.0,236.0,-116.0
8818,-1008.0,236.0,-116.0
8835,-1008.0,236.0,-116.0
8852,-1008.0,236.0,-116.0
8868,-1052.0,172.0,-136.0
8885,-1052.0,172.0,-136.0
8902,-1052.0,172.0,-136.0
8918,-1052.0,172.0,-136.0
8935,-1052.0,172.0,-136.0
8951,-1052.0,172.0,-136.0
8968,-1040.0,88.0,-124.0
8985,-1040.0,88.0,-124.0
9001,-1040.0,88.0,-124.0
9018,-1040.0,88.0,-124.0
9035,-1040.0,88.0,-124.0
9052,-1040.0,88.0,-124.0
9068,-1116.0,60.0,-176.0
9084,-1116.0,60.0,-176.0
9101,-1116.0,60.0,-176.0
9118,-1116.0,60.0,-176.0
9134,-1116.0,60.0,-176.0
9152,-1116.0,60.0,-176.0
9168,-1016.0,28.0,-172.0
9184,-1016.0,28.0,-172.0
9202,-1016.0,28.0,-172.0
9219,-1016.0,28.0,-172.0
9235,-1016.0,28.0,-172.0
9252,-1016.0,28.0,-172.0
9268,-1040.0,68.0,-156.0
9285,-1040.0,68.0,-156.0
9302,-1040.0,68.0,-156.0
9319,-1040.0,68.0,-156.0
9335,-1040.0,68.0,-156.0
9352,-1040.0,68.0,-156.0
9369,-1040.0,68.0,-156.0
9385,-1004.0,56.0,-160.0
9402,-1004.0,56.0,-160.0
9418,-1004.0,56.0,-160.0
9435,-1004.0,56.0,-160.0
9452,-1004.0,56.0,-160.0
9468,-1004.0,56.0,-160.0
9485,-1044.0,140.0,-100.0
9502,-1044.0,140.0,-100.0
9519,-1044.0,140.0,-100.0
9535,-1044.0,140.0,-100.0
9552,-1044.0,140.0,-100.0
9568,-1044.0,140.0,-100.0
9585,-1028.0,252.0,-76.0
9601,-1028.0,252.0,-76.0
9618,-1028.0,252.0,-76.0
9636,-1028.0,252.0,-76.0
9652,-1028.0,252.0,-76.0
9669,-1028.0,252.0,-76.0
9685,-1024.0,292.0,-48.0
9702,-1024.0,292.0,-48.0
9718,-1024.0,292.0,-48.0
9735,-1024.0,292.0,-48.0
9752,-1024.0,292.0,-48.0
9769,-1024.0,292.0,-48.0
9785,-1024.0,292.0,-48.0
9802,-1032.0,336.0,-56.0
9819,-1032.0,336.0,-56.0
9835,-1032.0,336.0,-56.0
9851,-1032.0,336.0,-56.0
9868,-1032.0,336.0,-56.0
9886,-1032.0,336.0,-56.0
9902,-1008.0,344.0,-24.0
9918,-1008.0,344.0,-24.0
9935,-1008.0,344.0,-24.0
9952,-1008.0,344.0,-24.0
9968,-1008.0,344.0,-24.0
9985,-1008.0,344.0,-24.0
10002,-960.0,316.0,-36.0
10019,-960.0,316.0,-36.0
10036,-960.0,316.0,-36.0
10052,-960.0,316.0,-36.0
10069,-960.0,316.0,-36.0
10085,-960.0,316.0,-36.0
10102,-1000.0,380.0,-12.0
10118,-1000.0,380.0,-12.0
10135,-1000.0,380.0,-12.0
10152,-1000.0,380.0,-12.0
10169,-1000.0,380.0,-12.0
10185,-1000.0,380.0,-12.0
10202,-964.0,396.0,16.0
10218,-964.0,396.0,16.0
10235,-964.0,396.0,16.0
10251,-964.0,396.0,16.0
10268,-964.0,396.0,16.0
10285,-964.0,396.0,16.0
10302,-964.0,396.0,16.0
10318,-920.0,364.0,12.0
10335,-920.0,364.0,12.0
10352,-920.0,364.0,12.0
10368,-920.0,364.0,12.0
10385,-920.0,364.0,12.0
10402,-920.0,364.0,12.0
10418,-1004.0,380.0,28.0
10436,-1004.0,380.0,28.0
10452,-1004.0,380.0,28.0
10469,-1004.0,380.0,28.0
10486,-1004.0,380.0,28.0
10502,-1004.0,380.0,28.0
10519,-984.0,360.0,-12.0
10535,-984.0,360.0,-12.0
10552,-984.0,360.0,-12.0
10569,-984.0,360.0,-12.0
10585,-984.0,360.0,-12.0
10602,-984.0,360.0,-12.0
10619,-968.0,344.0,-4.0
10635,-968.0,344.0,-4.0
10652,-968.0,344.0,-4.0
10669,-968.0,344.0,-4.0
10685,-968.0,344.0,-4.0
10702,-968.0,344.0,-4.0
10718,-1000.0,316.0,-16.0
10735,-1000.0,316.0,-16.0
10752,-1000.0,316.0,-16.0
10769,-1000.0,316.0,-16.0
10785,-1000.0,316.0,-16.0
10803,-1000.0,316.0,-16.0
10819,-1000.0,316.0,-16.0
10836,-1084.0,288.0,-172.0
10852,-1084.0,288.0,-172.0
10869,-1084.0,288.0,-172.0
10886,-1084.0,288.0,-172.0
10902,-1084.0,288.0,-172.0
10919,-1084.0,288.0,-172.0
10936,-1112.0,160.0,-96.0
10952,-1112.0,160.0,-96.0
10969,-1112.0,160.0,-96.0
10986,-1112.0,160.0,-96.0
11002,-1112.0,160.0,-96.0
11019,-1112.0,160.0,-96.0
11035,-1080.0,68.0,-196.0
11052,-1080.0,68.0,-196.0
11069,-1080.0,68.0,-196.0
11085,-1080.0,68.0,-196.0
11101,-1080.0,68.0,-196.0
11119,-1080.0,68.0,-196.0
11135,-1068.0,-28.0,-220.0
11153,-1068.0,-28.0,-220.0
11169,-1068.0,-28.0,-220.0
11186,-1068.0,-28.0,-220.0
11203,-1068.0,-28.0,-220.0
11219,-1068.0,-28.0,-220.0
11235,-1068.0,-28.0,-220.0
11251,-1048.0,48.0,-216.0
11269,-1048.0,48.0,-216.0
11285,-1048.0,48.0,-216.0
11303,-1048.0,48.0,-216.0
11319,-1048.0,48.0,-216.0
11336,-1048.0,48.0,-216.0
11352,-1052.0,40.0,-168.0
11369,-1052.0,40.0,-168.0
11385,-1052.0,40.0,-168.0
11402,-1052.0,40.0,-168.0
11418,-1052.0,40.0,-168.0
11436,-1052.0,40.0,-168.0
11452,-1028.0,64.0,-212.0
11470,-1028.0,64.0,-212.0
11486,-1028.0,64.0,-212.0
11502,-1028.0,64.0,-212.0
11518,-1028.0,64.0,-212.0
11536,-1028.0,64.0,-212.0
11552,-1132.0,176.0,-188.0
11569,-1132.0,176.0,-188.0
11586,-1132.0,176.0,-188.0
11603,-1132.0,176.0,-188.0
11619,-1132.0,176.0,-188.0
11636,-1132.0,176.0,-188.0
11653,-1024.0,100.0,-168.0
11669,-1024.0,100.0,-168.0
11685,-1024.0,100.0,-168.0
11703,-1024.0,100.0,-168.0
11719,-1024.0,100.0,-168.0
11735,-1024.0,100.0,-168.0
11752,-1024.0,100.0,-168.0
11769,-1032.0,188.0,-160.0
11785,-1032.0,188.0,-160.0
11803,-1032.0,188.0,-160.0
11820,-1032.0,188.0,-160.0
11835,-1032.0,188.0,-160.0
11853,-1032.0,188.0,-160.0
11870,-1012.0,228.0,-204.0
11885,-1012.0,228.0,-204.0
11902,-1012.0,228.0,-204.0
11919,-1012.0,228.0,-204.0
11936,-1012.0,228.0,-204.0
11952,-1012.0,228.0,-204.0
11969,-1036.0,308.0,-212.0
11986,-1036.0,308.0,-212.0
12002,-1036.0,308.0,-212.0
12019,-1036.0,308.0,-212.0
12036,-1036.0,308.0,-212.0
12055,-1036.0,308.0,-212.0
12074,-1008.0,296.0,-148.0
12092,-1008.0,296.0,-148.0
12109,-1008.0,296.0,-148.0
12127,-1008.0,296.0,-148.0
12144,-1008.0,296.0,-148.0
12160,-1008.0,296.0,-148.0
12176,-1024.0,284.0,-168.0
12193,-1024.0,284.0,-168.0
12210,-1024.0,284.0,-168.0
12227,-1024.0,284.0,-168.0
12243,-1024.0,284.0,-168.0
12259,-1024.0,284.0,-168.0
12277,-1008.0,364.0,-164.0
12293,-1008.0,364.0,-164.0
12310,-1008.0,364.0,-164.0
12327,-1008.0,364.0,-164.0
12343,-1008.0,364.0,-164.0
12360,-1008.0,364.0,-164.0
12377,-1004.0,308.0,-180.0
12393,-1004.0,308.0,-180.0
12409,-1004.0,308.0,-180.0
12426,-1004.0,308.0,-180.0
12442,-1004.0,308.0,-180.0
12460,-1004.0,308.0,-180.0
12476,-1004.0,308.0,-180.0
12493,-968.0,316.0,-112.0
12510,-968.0,316.0,-112.0
12526,-968.0,316.0,-112.0
12543,-968.0,316.0,-112.0
12559,-968.0,316.0,-112.0
12576,-968.0,316.0,-112.0
12593,-972.0,296.0,-116.0
12609,-972.0,296.0,-116.0
12626,-972.0,296.0,-116.0
12643,-972.0,296.0,-116.0
12660,-972.0,296.0,-116.0
12677,-972.0,296.0,-116.0
12693,-1020.0,352.0,-216.0
12709,-1020.0,352.0,-216.0
12727,-1020.0,352.0,-216.0
12743,-1020.0,352.0,-216.0
12759,-1020.0,352.0,-216.0
12777,-1020.0,352.0,-216.0
12793,-972.0,364.0,-136.0
12810,-972.0,364.0,-136.0
12827,-972.0,364.0,-136.0
12843,-972.0,364.0,-136.0
12860,-972.0,364.0,-136.0
12876,-972.0,364.0,-136.0
12893,-972.0,364.0,-136.0
12909,-1028.0,348.0,-144.0
12927,-1028.0,348.0,-144.0
12943,-1028.0,348.0,-144.0
12960,-1028.0,348.0,-144.0
12976,-1028.0,348.0,-144.0
12993,-1028.0,348.0,-144.0
13010,-1044.0,420.0,-168.0
13027,-1044.0,420.0,-168.0
13043,-1044.0,420.0,-168.0
13059,-1044.0,420.0,-168.0
13076,-1044.0,420.0,-168.0
13093,-1044.0,420.0,-168.0
13110,-996.0,348.0,-120.0
13126,-996.0,348.0,-120.0
13143,-996.0,348.0,-120.0
13160,-996.0,348.0,-120.0
13176,-996.0,348.0,-120.0
13193,-996.0,348.0,-120.0
13210,-1044.0,320.0,-176.0
13227,-1044.0,320.0,-176.0
13244,-1044.0,320.0,-176.0
13260,-1044.0,320.0,-176.0
13277,-1044.0,320.0,-176.0
13293,-1044.0,320.0,-176.0
13310,-1044.0,320.0,-176.0
13327,-984.0,272.0,-156.0
13343,-984.0,272.0,-156.0
13360,-984.0,272.0,-156.0
13377,-984.0,272.0,-156.0
13394,-984.0,272.0,-156.0
13410,-984.0,272.0,-156.0
13427,-980.0,296.0,-212.0
13443,-980.0,296.0,-212.0
13460,-980.0,296.0,-212.0
13476,-980.0,296.0,-212.0
13493,-980.0,296.0,-212.0
13510,-980.0,296.0,-212.0
13527,-1080.0,176.0,-172.0
13543,-1080.0,176.0,-172.0
13560,-1080.0,176.0,-172.0
13576,-1080.0,176.0,-172.0
13593,-1080.0,176.0,-172.0
13610,-1080.0,176.0,-172.0
13627,-1012.0,236.0,-176.0
13644,-1012.0,236.0,-176.0
13660,-1012.0,236.0,-176.0
13677,-1012.0,236.0,-176.0
13694,-1012.0,236.0,-176.0
13710,-1012.0,236.0,-176.0
13727,-1132.0,144.0,-220.0
13744,-1132.0,144.0,-220.0
13760,-1132.0,144.0,-220.0
13776,-1132.0,144.0,-220.0
13794,-1132.0,144.0,-220.0
13811,-1132.0,144.0,-220.0
13827,-1132.0,144.0,-220.0
13843,-1004.0,-8.0,-240.0
13860,-1004.0,-8.0,-240.0
13876,-1004.0,-8.0,-240.0
13893,-1004.0,-8.0,-240.0
13909,-1004.0,-8.0,-240.0
13926,-1004.0,-8.0,-240.0
13944,-1032.0,-28.0,-248.0
13960,-1032.0,-28.0,-248.0
13976,-1032.0,-28.0,-248.0
13993,-1032.0,-28.0,-248.0
14010,-1032.0,-28.0,-248.0
14026,-1032.0,-28.0,-248.0
14043,-1108.0,36.0,-284.0
14061,-1108.0,36.0,-284.0
14077,-1108.0,36.0,-284.0
14094,-1108.0,36.0,-284.0
14110,-1108.0,36.0,-284.0
14127,-1108.0,36.0,-284.0
14143,-1004.0,20.0,-172.0
14160,-1004.0,20.0,-172.0
14177,-1004.0,20.0,-172.0
14193,-1004.0,20.0,-172.0
14210,-1004.0,20.0,-172.0
14227,-1004.0,20.0,-172.0
14243,-1064.0,76.0,-228.0
14260,-1064.0,76.0,-228.0
14277,-1064.0,76.0,-228.0
14294,-1064.0,76.0,-228.0
14310,-1064.0,76.0,-228.0
14327,-1064.0,76.0,-228.0
14343,-1064.0,76.0,-228.0
14360,-1048.0,52.0,-192.0
14377,-1048.0,52.0,-192.0
14393,-1048.0,52.0,-192.0
14411,-1048.0,52.0,-192.0
14428,-1048.0,52.0,-192.0
14443,-1048.0,52.0,-192.0
14460,-1088.0,304.0,-128.0
14477,-1088.0,304.0,-128.0
14493,-1088.0,304.0,-128.0
14511,-1088.0,304.0,-128.0
14527,-1088.0,304.0,-128.0
14544,-1088.0,304.0,-128.0
14561,-992.0,112.0,-168.0
14577,-992.0,112.0,-168.0
14593,-992.0,112.0,-168.0
14610,-992.0,112.0,-168.0
14627,-992.0,112.0,-168.0
14644,-992.0,112.0,-168.0
14660,-1040.0,260.0,-104.0
14677,-1040.0,260.0,-104.0
14694,-1040.0,260.0,-104.0
14711,-1040.0,260.0,-104.0
14727,-1040.0,260.0,-104.0
14743,-1040.0,260.0,-104.0
14761,-1040.0,260.0,-104.0
14778,-1096.0,228.0,-128.0
14794,-1096.0,228.0,-128.0
14810,-1096.0,228.0,-128.0
14826,-1096.0,228.0,-128.0
14844,-1096.0,228.0,-128.0
14860,-1096.0,228.0,-128.0
14877,-1044.0,220.0,-112.0
14894,-1044.0,220.0,-112.0
14909,-1044.0,220.0,-112.0
14927,-1044.0,220.0,-112.0
14945,-1044.0,220.0,-112.0
14961,-1044.0,220.0,-112.0
14978,-1012.0,256.0,-48.0
14994,-1012.0,256.0,-48.0
15010,-1012.0,256.0,-48.0
15027,-1012.0,256.0,-48.0
15044,-1012.0,256.0,-48.0
15060,-1012.0,256.0,-48.0
15076,-1020.0,312.0,-160.0
15094,-1020.0,312.0,-160.0
15109,-1020.0,312.0,-160.0
15128,-1020.0,312.0,-160.0
15144,-1020.0,312.0,-160.0
15160,-1020.0,312.0,-160.0
15178,-1040.0,308.0,-144.0
15194,-1040.0,308.0,-144.0
15211,-1040.0,308.0,-144.0
15228,-1040.0,308.0,-144.0
15244,-1040.0,308.0,-144.0
15259,-1040.0,308.0,-144.0
15277,-1040.0,308.0,-144.0
15294,-1032.0,332.0,-116.0
15310,-1032.0,332.0,-116.0
15327,-1032.0,332.0,-116.0
15344,-1032.0,332.0,-116.0
15360,-1032.0,332.0,-116.0
15378,-1032.0,332.0,-116.0
15393,-996.0,316.0,-136.0
15411,-996.0,316.0,-136.0
15428,-996.0,316.0,-136.0
15443,-996.0,316.0,-136.0
15460,-996.0,316.0,-136.0
15477,-996.0,316.0,-136.0
15494,-1024.0,292.0,-108.0
15510,-1024.0,292.0,-108.0
15528,-1024.0,292.0,-108.0
15544,-1024.0,292.0,-108.0
15560,-1024.0,292.0,-108.0
15577,-1024.0,292.0,-108.0
15593,-1016.0,252.0,-108.0
15610,-1016.0,252.0,-108.0
15628,-1016.0,252.0,-108.0
15650,-1016.0,252.0,-108.0
15668,-1016.0,252.0,-108.0
15684,-1016.0,252.0,-108.0
15701,-1060.0,200.0,-120.0
15719,-1060.0,200.0,-120.0
15734,-1060.0,200.0,-120.0
15752,-1060.0,200.0,-120.0
15768,-1060.0,200.0,-120.0
15784,-1060.0,200.0,-120.0
15802,-1000.0,192.0,-108.0
15818,-1000.0,192.0,-108.0
15835,-1000.0,192.0,-108.0
15851,-1000.0,192.0,-108.0
15868,-1000.0,192.0,-108.0
15884,-1000.0,192.0,-108.0
15901,-1000.0,192.0,-108.0
15918,-1036.0,148.0,-100.0
15934,-1036.0,148.0,-100.0
15951,-1036.0,148.0,-100.0
15968,-1036.0,148.0,-100.0
15985,-1036.0,148.0,-100.0
16001,-1036.0,148.0,-100.0
16018,-1072.0,116.0,-116.0
16034,-1072.0,116.0,-116.0
16051,-1072.0,116.0,-116.0
16068,-1072.0,116.0,-116.0
16084,-1072.0,116.0,-116.0
16101,-1072.0,116.0,-116.0
16117,-1076.0,32.0,-104.0
16135,-1076.0,32.0,-104.0
16151,-1076.0,32.0,-104.0
16167,-1076.0,32.0,-104.0
16185,-1076.0,32.0,-104.0
16201,-1076.0,32.0,-104.0
16217,-1060.0,80.0,-76.0
16234,-1060.0,80.0,-76.0
16251,-1060.0,80.0,-76.0
16268,-1060.0,80.0,-76.0
16284,-1060.0,80.0,-76.0
16301,-1060.0,80.0,-76.0
16318,-1060.0,80.0,-76.0
16335,-1052.0,76.0,-96.0
16351,-1052.0,76.0,-96.0
16368,-1052.0,76.0,-96.0
16385,-1052.0,76.0,-96.0
16401,-1052.0,76.0,-96.0
16418,-1052.0,76.0,-96.0
16435,-1016.0,252.0,-64.0
16451,-1016.0,252.0,-64.0
16468,-1016.0,252.0,-64.0
16485,-1016.0,252.0,-64.0
16502,-1016.0,252.0,-64.0
16519,-1016.0,252.0,-64.0
16535,-996.0,276.0,-68.0
16551,-996.0,276.0,-68.0
16568,-996.0,276.0,-68.0
16585,-996.0,276.0,-68.0
16601,-996.0,276.0,-68.0
16618,-996.0,276.0,-68.0
16634,-1036.0,340.0,-104.0
16652,-1036.0,340.0,-104.0
16668,-1036.0,340.0,-104.0
16685,-1036.0,340.0,-104.0
16702,-1036.0,340.0,-104.0
16718,-1036.0,340.0,-104.0
16735,-1004.0,316.0,-104.0
16752,-1004.0,316.0,-104.0
16769,-1004.0,316.0,-104.0
16785,-1004.0,316.0,-104.0
16802,-1004.0,316.0,-104.0
16818,-1004.0,316.0,-104.0
16835,-1004.0,316.0,-104.0
16852,-1016.0,280.0,-136.0
16869,-1016.0,280.0,-136.0
16885,-1016.0,280.0,-136.0
16902,-1016.0,280.0,-136.0
16919,-1016.0,280.0,-136.0
16935,-1016.0,280.0,-136.0
16951,-1036.0,272.0,-156.0
16968,-1036.0,272.0,-156.0
16985,-1036.0,272.0,-156.0
17002,-1036.0,272.0,-156.0
17018,-1036.0,272.0,-156.0
17035,-1036.0,272.0,-156.0
17052,-1016.0,320.0,-128.0
17068,-1016.0,320.0,-128.0
17085,-1016.0,320.0,-128.0
17102,-1016.0,320.0,-128.0
17119,-1016.0,320.0,-128.0
17135,-1016.0,320.0,-128.0
17152,-1016.0,256.0,-148.0
17169,-1016.0,256.0,-148.0
17185,-1016.0,256.0,-148.0
17202,-1016.0,256.0,-148.0
17218,-1016.0,256.0,-148.0
17235,-1016.0,256.0,-148.0
17252,-1012.0,272.0,-152.0
17269,-1012.0,272.0,-152.0
17285,-1012.0,272.0,-152.0
17302,-1012.0,272.0,-152.0
17319,-1012.0,272.0,-152.0
17335,-1012.0,272.0,-152.0
17351,-1012.0,272.0,-152.0
17369,-1000.0,276.0,-176.0
17385,-1000.0,276.0,-176.0
17401,-1000.0,276.0,-176.0
17418,-1000.0,276.0,-176.0
17436,-1000.0,276.0,-176.0
17451,-1000.0,276.0,-176.0
17469,-1048.0,284.0,-176.0
17485,-1048.0,284.0,-176.0
17502,-1048.0,284.0,-176.0
17519,-1048.0,284.0,-176.0
17535,-1048.0,284.0,-176.0
17552,-1048.0,284.0,-176.0
17568,-992.0,312.0,-200.0
17585,-992.0,312.0,-200.0
17602,-992.0,312.0,-200.0
17619,-992.0,312.0,-200.0
17635,-992.0,312.0,-200.0
17652,-992.0,312.0,-200.0
17668,-1000.0,340.0,-204.0
17685,-1000.0,340.0,-204.0
17702,-1000.0,340.0,-204.0
17718,-1000.0,340.0,-204.0
17736,-1000.0,340.0,-204.0
17752,-1000.0,340.0,-204.0
17768,-1000.0,340.0,-204.0
17785,-1036.0,272.0,-164.0
17802,-1036.0,272.0,-164.0
17819,-1036.0,272.0,-164.0
17835,-1036.0,272.0,-164.0
17852,-1036.0,272.0,-164.0
17869,-1036.0,272.0,-164.0
17885,-1096.0,324.0,-180.0
17902,-1096.0,324.0,-180.0
17919,-1096.0,324.0,-180.0
17936,-1096.0,324.0,-180.0
17952,-1096.0,324.0,-180.0
17968,-1096.0,324.0,-180.0
17986,-1036.0,240.0,-192.0
18002,-1036.0,240.0,-192.0
18019,-1036.0,240.0,-192.0
18035,-1036.0,240.0,-192.0
18052,-1036.0,240.0,-192.0
18068,-1036.0,240.0,-192.0
18086,-1016.0,180.0,-112.0
18101,-1016.0,180.0,-112.0
18119,-1016.0,180.0,-112.0
18135,-1016.0,180.0,-112.0
18153,-1016.0,180.0,-112.0
18168,-1016.0,180.0,-112.0
18184,-1016.0,180.0,-112.0
18202,-1080.0,120.0,-148.0
18218,-1080.0,120.0,-148.0
18235,-1080.0,120.0,-148.0
18251,-1080.0,120.0,-148.0
18268,-1080.0,120.0,-148.0
18286,-1080.0,120.0,-148.0
18301,-1040.0,96.0,-164.0
18318,-1040.0,96.0,-164.0
18336,-1040.0,96.0,-164.0
18353,-1040.0,96.0,-164.0
18369,-1040.0,96.0,-164.0
18385,-1040.0,96.0,-164.0
18402,-1048.0,-12.0,-144.0
18419,-1048.0,-12.0,-144.0
18436,-1048.0,-12.0,-144.0
18451,-1048.0,-12.0,-144.0
18469,-1048.0,-12.0,-144.0
18486,-1048.0,-12.0,-144.0
18502,-1072.0,36.0,-164.0
18519,-1072.0,36.0,-164.0
18535,-1072.0,36.0,-164.0
18553,-1072.0,36.0,-164.0
18569,-1072.0,36.0,-164.0
18585,-1072.0,36.0,-164.0
18601,-1048.0,60.0,-136.0
18619,-1048.0,60.0,-136.0
18636,-1048.0,60.0,-136.0
18652,-1048.0,60.0,-136.0
18669,-1048.0,60.0,-136.0
18685,-1048.0,60.0,-136.0
18702,-1048.0,60.0,-136.0
18719,-1052.0,100.0,-52.0
18735,-1052.0,100.0,-52.0
18752,-1052.0,100.0,-52.0
18769,-1052.0,100.0,-52.0
18786,-1052.0,100.0,-52.0
18803,-1052.0,100.0,-52.0
18819,-1004.0,116.0,-108.0
18835,-1004.0,116.0,-108.0
18852,-1004.0,116.0,-108.0
18868,-1004.0,116.0,-108.0
18885,-1004.0,116.0,-108.0
18902,-1004.0,116.0,-108.0
18918,-1044.0,184.0,-128.0
18936,-1044.0,184.0,-128.0
18953,-1044.0,184.0,-128.0
18969,-1044.0,184.0,-128.0
18986,-1044.0,184.0,-128.0
19002,-1044.0,184.0,-128.0
19019,-1068.0,212.0,-200.0
19035,-1068.0,212.0,-200.0
19052,-1068.0,212.0,-200.0
19069,-1068.0,212.0,-200.0
19085,-1068.0,212.0,-200.0
19103,-1068.0,212.0,-200.0
19118,-992.0,232.0,-204.0
19136,-992.0,232.0,-204.0
19152,-992.0,232.0,-204.0
19168,-992.0,232.0,-204.0
19186,-992.0,232.0,-204.0
19202,-992.0,232.0,-204.0
19218,-992.0,232.0,-204.0
19236,-1036.0,268.0,-256.0
19252,-1036.0,268.0,-256.0
19269,-1036.0,268.0,-256.0
19286,-1036.0,268.0,-256.0
19302,-1036.0,268.0,-256.0
19318,-1036.0,268.0,-256.0
19335,-1028.0,268.0,-180.0
19352,-1028.0,268.0,-180.0
19369,-1028.0,268.0,-180.0
19386,-1028.0,268.0,-180.0
19402,-1028.0,268.0,-180.0
19419,-1028.0,268.0,-180.0
19435,-1036.0,256.0,-220.0
19453,-1036.0,256.0,-220.0
19471,-1036.0,256.0,-220.0
19490,-1036.0,256.0,-220.0
19509,-1036.0,256.0,-220.0
19525,-1036.0,256.0,-220.0
19542,-1064.0,208.0,-192.0
19559,-1064.0,208.0,-192.0
19575,-1064.0,208.0,-192.0
19593,-1064.0,208.0,-192.0
19609,-1064.0,208.0,-192.0
19626,-1064.0,208.0,-192.0
19642,-1008.0,236.0,-164.0
19659,-1008.0,236.0,-164.0
19676,-1008.0,236.0,-164.0
19692,-1008.0,236.0,-164.0
19709,-1008.0,236.0,-164.0
19725,-1008.0,236.0,-164.0
19742,-1020.0,252.0,-212.0
19759,-1020.0,252.0,-212.0
19775,-1020.0,252.0,-212.0
19792,-1020.0,252.0,-212.0
19809,-1020.0,252.0,-212.0
19826,-1020.0,252.0,-212.0
19842,-1020.0,252.0,-212.0
19858,-1056.0,264.0,-216.0
19875,-1056.0,264.0,-216.0
19893,-1056.0,264.0,-216.0
19909,-1056.0,264.0,-216.0
19926,-1056.0,264.0,-216.0
19942,-1056.0,264.0,-216.0
19959,-1008.0,224.0,-172.0
19975,-1008.0,224.0,-172.0
19992,-1008.0,224.0,-172.0
20008,-1008.0,224.0,-172.0
20026,-1008.0,224.0,-172.0
20042,-1008.0,224.0,-172.0
20058,-1004.0,264.0,-172.0
20076,-1004.0,264.0,-172.0
20093,-1004.0,264.0,-172.0
20108,-1004.0,264.0,-172.0
20126,-1004.0,264.0,-172.0
20143,-1004.0,264.0,-172.0
20159,-1032.0,268.0,-204.0
20176,-1032.0,268.0,-204.0
20192,-1032.0,268.0,-204.0
20209,-1032.0,268.0,-204.0
20226,-1032.0,268.0,-204.0
20242,-1032.0,268.0,-204.0
20259,-1020.0,280.0,-192.0
20276,-1020.0,280.0,-192.0
20292,-1020.0,280.0,-192.0
20309,-1020.0,280.0,-192.0
20325,-1020.0,280.0,-192.0
20342,-1020.0,280.0,-192.0
20359,-1020.0,280.0,-192.0
20376,-1008.0,236.0,-144.0
20392,-1008.0,236.0,-144.0
20409,-1008.0,236.0,-144.0
20426,-1008.0,236.0,-144.0
20442,-1008.0,236.0,-144.0
20459,-1008.0,236.0,-144.0
20475,-1044.0,244.0,-180.0
20493,-1044.0,244.0,-180.0
20510,-1044.0,244.0,-180.0
20526,-1044.0,244.0,-180.0
20543,-1044.0,244.0,-180.0
20559,-1044.0,244.0,-180.0
20576,-1032.0,204.0,-200.0
20592,-1032.0,204.0,-200.0
20609,-1032.0,204.0,-200.0
20626,-1032.0,204.0,-200.0
20643,-1032.0,204.0,-200.0
20659,-1032.0,204.0,-200.0
20676,-1060.0,212.0,-180.0
20693,-1060.0,212.0,-180.0
20709,-1060.0,212.0,-180.0
20726,-1060.0,212.0,-180.0
20742,-1060.0,212.0,-180.0
20759,-1060.0,212.0,-180.0
20776,-1060.0,212.0,-180.0
20792,-1024.0,220.0,-176.0
20809,-1024.0,220.0,-176.0
20825,-1024.0,220.0,-176.0
20842,-1024.0,220.0,-176.0
20859,-1024.0,220.0,-176.0
20875,-1024.0,220.0,-176.0
20893,-1020.0,240.0,-196.0
20910,-1020.0,240.0,-196.0
20926,-1020.0,240.0,-196.0
20943,-1020.0,240.0,-196.0
20959,-1020.0,240.0,-196.0
20977,-1020.0,240.0,-196.0
20993,-1028.0,204.0,-196.0
21009,-1028.0,204.0,-196.0
21025,-1028.0,204.0,-196.0
21043,-1028.0,204.0,-196.0
21060,-1028.0,204.0,-196.0
21076,-1028.0,204.0,-196.0
21093,-1024.0,204.0,-216.0
21109,-1024.0,204.0,-216.0
21126,-1024.0,204.0,-216.0
21143,-1024.0,204.0,-216.0
21159,-1024.0,204.0,-216.0
21176,-1024.0,204.0,-216.0
21192,-1024.0,192.0,-208.0
21209,-1024.0,192.0,-208.0
21226,-1024.0,192.0,-208.0
21243,-1024.0,192.0,-208.0
21259,-1024.0,192.0,-208.0
21276,-1024.0,192.0,-208.0
21293,-1024.0,192.0,-208.0
21309,-1036.0,200.0,-208.0
21327,-1036.0,200.0,-208.0
21343,-1036.0,200.0,-208.0
21360,-1036.0,200.0,-208.0
21376,-1036.0,200.0,-208.0
21392,-1036.0,200.0,-208.0
21410,-1016.0,176.0,-204.0
21426,-1016.0,176.0,-204.0
21443,-1016.0,176.0,-204.0
21459,-1016.0,176.0,-204.0
21477,-1016.0,176.0,-204.0
21493,-1016.0,176.0,-204.0
21509,-1020.0,228.0,-224.0
21526,-1020.0,228.0,-224.0
21543,-1020.0,228.0,-224.0
21559,-1020.0,228.0,-224.0
21576,-1020.0,228.0,-224.0
21592,-1020.0,228.0,-224.0
21609,-1036.0,224.0,-260.0
21627,-1036.0,224.0,-260.0
21642,-1036.0,224.0,-260.0
21660,-1036.0,224.0,-260.0
21676,-1036.0,224.0,-260.0
21693,-1036.0,224.0,-260.0
21709,-1036.0,224.0,-260.0
21726,-1024.0,224.0,-232.0
21743,-1024.0,224.0,-232.0
21759,-1024.0,224.0,-232.0
21775,-1024.0,224.0,-232.0
21793,-1024.0,224.0,-232.0
21810,-1024.0,224.0,-232.0
21826,-1020.0,200.0,-224.0
21843,-1020.0,200.0,-224.0
21859,-1020.0,200.0,-224.0
21876,-1020.0,200.0,-224.0
21893,-1020.0,200.0,-224.0
21909,-1020.0,200.0,-224.0
21926,-1028.0,204.0,-220.0
21942,-1028.0,204.0,-220.0
21959,-1028.0,204.0,-220.0
21976,-1028.0,204.0,-220.0
21993,-1028.0,204.0,-220.0
22009,-1028.0,204.0,-220.0
22026,-1028.0,216.0,-228.0
22043,-1028.0,216.0,-228.0
22059,-1028.0,216.0,-228.0
22076,-1028.0,216.0,-228.0
22092,-1028.0,216.0,-228.0
22110,-1028.0,216.0,-228.0
22127,-1016.0,216.0,-208.0
22143,-1016.0,216.0,-208.0
22160,-1016.0,216.0,-208.0
22176,-1016.0,216.0,-208.0
22193,-1016.0,216.0,-208.0
22209,-1016.0,216.0,-208.0
22226,-1016.0,216.0,-208.0
22244,-1024.0,216.0,-208.0
22259,-1024.0,216.0,-208.0
22276,-1024.0,216.0,-208.0
22292,-1024.0,216.0,-208.0
22309,-1024.0,216.0,-208.0
22326,-1024.0,216.0,-208.0
22342,-1008.0,212.0,-208.0
22360,-1008.0,212.0,-208.0
22376,-1008.0,212.0,-208.0
22393,-1008.0,212.0,-208.0
22409,-1008.0,212.0,-208.0
22426,-1008.0,212.0,-208.0
22443,-1032.0,228.0,-224.0
22460,-1032.0,228.0,-224.0
22476,-1032.0,228.0,-224.0
22492,-1032.0,228.0,-224.0
22509,-1032.0,228.0,-224.0
22527,-1032.0,228.0,-224.0
22543,-1024.0,224.0,-220.0
22560,-1024.0,224.0,-220.0
22577,-1024.0,224.0,-220.0
22592,-1024.0,224.0,-220.0
22610,-1024.0,224.0,-220.0
22627,-1024.0,224.0,-220.0
22643,-1024.0,224.0,-220.0
22660,-1056.0,232.0,-308.0
22675,-1056.0,232.0,-308.0
22693,-1056.0,232.0,-308.0
22710,-1056.0,232.0,-308.0
22726,-1056.0,232.0,-308.0
22743,-1056.0,232.0,-308.0
22759,-1000.0,164.0,-272.0
22776,-1000.0,164.0,-272.0
22792,-1000.0,164.0,-272.0
22809,-1000.0,164.0,-272.0
22826,-1000.0,164.0,-272.0
22844,-1000.0,164.0,-272.0
22859,-1044.0,168.0,-120.0
22877,-1044.0,168.0,-120.0
22893,-1044.0,168.0,-120.0
22910,-1044.0,168.0,-120.0
22926,-1044.0,168.0,-120.0
22943,-1044.0,168.0,-120.0
22960,-1072.0,184.0,-284.0
22976,-1072.0,184.0,-284.0
22992,-1072.0,184.0,-284.0
23009,-1072.0,184.0,-284.0
23026,-1072.0,184.0,-284.0
23042,-1072.0,184.0,-284.0
23060,-1012.0,168.0,-220.0
23077,-1012.0,168.0,-220.0
23095,-1012.0,168.0,-220.0
23114,-1012.0,168.0,-220.0
23133,-1012.0,168.0,-220.0
23150,-1012.0,168.0,-220.0
23167,-1024.0,176.0,-268.0
23184,-1024.0,176.0,-268.0
23200,-1024.0,176.0,-268.0
23217,-1024.0,176.0,-268.0
23234,-1024.0,176.0,-268.0
23251,-1024.0,176.0,-268.0
23267,-1024.0,176.0,-268.0
23283,-1012.0,224.0,-284.0
23300,-1012.0,224.0,-284.0
23317,-1012.0,224.0,-284.0
23334,-1012.0,224.0,-284.0
23351,-1012.0,224.0,-284.0
23367,-1012.0,224.0,-284.0
23384,-1032.0,244.0,-260.0
23399,-1032.0,244.0,-260.0
23417,-1032.0,244.0,-260.0
23433,-1032.0,244.0,-260.0
23450,-1032.0,244.0,-260.0
23467,-1032.0,244.0,-260.0
23484,-1024.0,204.0,-276.0
23500,-1024.0,204.0,-276.0
23517,-1024.0,204.0,-276.0
23534,-1024.0,204.0,-276.0
23550,-1024.0,204.0,-276.0
23566,-1024.0,204.0,-276.0
23583,-1024.0,220.0,-244.0
23600,-1024.0,220.0,-244.0
23616,-1024.0,220.0,-244.0
23633,-1024.0,220.0,-244.0
23650,-1024.0,220.0,-244.0
23666,-1024.0,220.0,-244.0
23683,-1004.0,192.0,-236.0
23700,-1004.0,192.0,-236.0
23717,-1004.0,192.0,-236.0
23733,-1004.0,192.0,-236.0
23750,-1004.0,192.0,-236.0
23767,-1004.0,192.0,-236.0
