MILLIS,X,Y,Z
1373,-1000.0,400.0,176.0
1499,-920.0,388.0,248.0
1515,-920.0,388.0,248.0
1531,-920.0,388.0,248.0
1547,-920.0,388.0,248.0
1565,-920.0,388.0,248.0
1581,-920.0,388.0,248.0
1599,-956.0,348.0,268.0
1615,-956.0,348.0,268.0
1631,-956.0,348.0,268.0
1648,-956.0,348.0,268.0
1665,-956.0,348.0,268.0
1681,-956.0,348.0,268.0
1699,-956.0,348.0,268.0
1715,-912.0,360.0,280.0
1733,-912.0,360.0,280.0
1748,-912.0,360.0,280.0
1765,-912.0,360.0,280.0
1781,-912.0,360.0,280.0
1798,-912.0,360.0,280.0
1814,-888.0,380.0,304.0
1831,-888.0,380.0,304.0
1848,-888.0,380.0,304.0
1864,-888.0,380.0,304.0
1881,-888.0,380.0,304.0
1897,-888.0,380.0,304.0
1914,-852.0,376.0,344.0
1931,-852.0,376.0,344.0
1947,-852.0,376.0,344.0
1964,-852.0,376.0,344.0
1981,-852.0,376.0,344.0
1997,-852.0,376.0,344.0
2014,-852.0,376.0,344.0
2031,-764.0,424.0,380.0
2047,-764.0,424.0,380.0
2065,-764.0,424.0,380.0
2081,-764.0,424.0,380.0
2097,-764.0,424.0,380.0
2114,-764.0,424.0,380.0
2131,-796.0,460.0,400.0
2147,-796.0,460.0,400.0
2164,-796.0,460.0,400.0
2180,-796.0,460.0,400.0
2198,-796.0,460.0,400.0
2214,-796.0,460.0,400.0
2231,-800.0,432.0,428.0
2247,-800.0,432.0,428.0
2265,-800.0,432.0,428.0
2281,-800.0,432.0,428.0
2298,-800.0,432.0,428.0
2314,-800.0,432.0,428.0
2331,-780.0,488.0,424.0
2347,-780.0,488.0,424.0
2365,-780.0,488.0,424.0
2381,-780.0,488.0,424.0
2397,-780.0,488.0,424.0
2414,-780.0,488.0,424.0
2431,-776.0,464.0,408.0
2448,-776.0,464.0,408.0
2464,-776.0,464.0,408.0
2481,-776.0,464.0,408.0
2498,-776.0,464.0,408.0
2514,-776.0,464.0,408.0
2532,-816.0,456.0,372.0
2548,-816.0,456.0,372.0
2564,-816.0,456.0,372.0
2581,-816.0,456.0,372.0
2597,-816.0,456.0,372.0
2615,-816.0,456.0,372.0
2632,-816.0,456.0,372.0
2648,-868.0,444.0,336.0
2664,-868.0,444.0,336.0
2681,-868.0,444.0,336.0
2698,-868.0,444.0,336.0
2715,-868.0,444.0,336.0
2731,-868.0,444.0,336.0
2748,-852.0,452.0,304.0
2765,-852.0,452.0,304.0
2781,-852.0,452.0,304.0
2798,-852.0,452.0,304.0
2814,-852.0,452.0,304.0
2831,-852.0,452.0,304.0
2847,-864.0,464.0,268.0
2865,-864.0,464.0,268.0
2882,-864.0,464.0,268.0
2898,-864.0,464.0,268.0
2915,-864.0,464.0,268.0
2931,-864.0,464.0,268.0
2948,-988.0,380.0,236.0
2964,-988.0,380.0,236.0
2982,-988.0,380.0,236.0
2998,-988.0,380.0,236.0
3015,-988.0,380.0,236.0
3031,-988.0,380.0,236.0
3048,-988.0,380.0,236.0
3064,-960.0,364.0,208.0
3081,-960.0,364.0,208.0
3098,-960.0,364.0,208.0
3115,-960.0,364.0,208.0
3131,-960.0,364.0,208.0
3148,-960.0,364.0,208.0
3165,-912.0,376.0,248.0
3181,-912.0,376.0,248.0
3198,-912.0,376.0,248.0
3215,-912.0,376.0,248.0
3231,-912.0,376.0,248.0
3248,-912.0,376.0,248.0
3264,-908.0,412.0,240.0
3281,-908.0,412.0,240.0
3297,-908.0,412.0,240.0
3314,-908.0,412.0,240.0
3331,-908.0,412.0,240.0
3348,-908.0,412.0,240.0
3364,-876.0,436.0,264.0
3381,-876.0,436.0,264.0
3397,-876.0,436.0,264.0
3415,-876.0,436.0,264.0
3431,-876.0,436.0,264.0
3447,-876.0,436.0,264.0
3465,-864.0,420.0,256.0
3482,-864.0,420.0,256.0
3497,-864.0,420.0,256.0
3515,-864.0,420.0,256.0
3531,-864.0,420.0,256.0
3548,-864.0,420.0,256.0
3565,-864.0,420.0,256.0
3581,-856.0,576.0,328.0
3598,-856.0,576.0,328.0
3614,-856.0,576.0,328.0
3631,-856.0,576.0,328.0
3648,-856.0,576.0,328.0
3665,-856.0,576.0,328.0
3681,-756.0,524.0,324.0
3698,-756.0,524.0,324.0
3714,-756.0,524.0,324.0
3731,-756.0,524.0,324.0
3747,-756.0,524.0,324.0
3765,-756.0,524.0,324.0
3781,-776.0,552.0,348.0
3798,-776.0,552.0,348.0
3815,-776.0,552.0,348.0
3831,-776.0,552.0,348.0
3847,-776.0,552.0,348.0
3864,-776.0,552.0,348.0
3882,-804.0,524.0,320.0
3898,-804.0,524.0,320.0
3914,-804.0,524.0,320.0
3932,-804.0,524.0,320.0
3948,-804.0,524.0,320.0
3964,-804.0,524.0,320.0
3982,-804.0,524.0,320.0
3998,-816.0,480.0,312.0
4014,-816.0,480.0,312.0
4032,-816.0,480.0,312.0
4048,-816.0,480.0,312.0
4065,-816.0,480.0,312.0
4082,-816.0,480.0,312.0
4098,-868.0,436.0,284.0
4115,-868.0,436.0,284.0
4131,-868.0,436.0,284.0
4148,-868.0,436.0,284.0
4164,-868.0,436.0,284.0
4181,-868.0,436.0,284.0
4198,-916.0,420.0,220.0
4213,-916.0,420.0,220.0
4231,-916.0,420.0,220.0
4248,-916.0,420.0,220.0
4263,-916.0,420.0,220.0
4281,-916.0,420.0,220.0
4299,-952.0,376.0,188.0
4314,-952.0,376.0,188.0
4332,-952.0,376.0,188.0
4348,-952.0,376.0,188.0
4364,-952.0,376.0,188.0
4382,-952.0,376.0,188.0
4398,-972.0,372.0,180.0
4414,-972.0,372.0,180.0
4432,-972.0,372.0,180.0
4447,-972.0,372.0,180.0
4464,-972.0,372.0,180.0
4481,-972.0,372.0,180.0
4498,-972.0,372.0,180.0
4514,-1000.0,336.0,180.0
4531,-1000.0,336.0,180.0
4548,-1000.0,336.0,180.0
4564,-1000.0,336.0,180.0
4581,-1000.0,336.0,180.0
4598,-1000.0,336.0,180.0
4614,-992.0,316.0,156.0
4631,-992.0,316.0,156.0
4648,-992.0,316.0,156.0
4664,-992.0,316.0,156.0
4681,-992.0,316.0,156.0
4698,-992.0,316.0,156.0
4714,-980.0,280.0,184.0
4732,-980.0,280.0,184.0
4749,-980.0,280.0,184.0
4764,-980.0,280.0,184.0
4782,-980.0,280.0,184.0
4798,-980.0,280.0,184.0
4815,-964.0,352.0,180.0
4832,-964.0,352.0,180.0
4847,-964.0,352.0,180.0
4864,-964.0,352.0,180.0
4881,-964.0,352.0,180.0
4898,-964.0,352.0,180.0
4914,-964.0,352.0,180.0
4931,-960.0,396.0,160.0
4948,-960.0,396.0,160.0
4964,-960.0,396.0,160.0
4980,-960.0,396.0,160.0
4998,-960.0,396.0,160.0
5015,-960.0,396.0,160.0
5031,-932.0,444.0,160.0
5048,-932.0,444.0,160.0
5065,-932.0,444.0,160.0
5081,-932.0,444.0,160.0
5098,-932.0,444.0,160.0
5115,-932.0,444.0,160.0
5131,-920.0,452.0,176.0
5147,-920.0,452.0,176.0
5165,-920.0,452.0,176.0
5184,-920.0,452.0,176.0
5202,-920.0,452.0,176.0
5221,-920.0,452.0,176.0
5238,-880.0,504.0,228.0
5255,-880.0,504.0,228.0
5273,-880.0,504.0,228.0
5289,-880.0,504.0,228.0
5305,-880.0,504.0,228.0
5322,-880.0,504.0,228.0
5339,-892.0,520.0,204.0
5356,-892.0,520.0,204.0
5372,-892.0,520.0,204.0
5389,-892.0,520.0,204.0
5405,-892.0,520.0,204.0
5422,-892.0,520.0,204.0
5439,-888.0,420.0,208.0
5455,-888.0,420.0,208.0
5471,-888.0,420.0,208.0
5488,-888.0,420.0,208.0
5505,-888.0,420.0,208.0
5521,-888.0,420.0,208.0
5538,-916.0,444.0,176.0
5555,-916.0,444.0,176.0
5571,-916.0,444.0,176.0
5588,-916.0,444.0,176.0
5605,-916.0,444.0,176.0
5622,-916.0,444.0,176.0
5639,-916.0,444.0,176.0
5655,-940.0,460.0,140.0
5672,-940.0,460.0,140.0
5688,-940.0,460.0,140.0
5705,-940.0,460.0,140.0
5722,-940.0,460.0,140.0
5738,-940.0,460.0,140.0
5755,-916.0,416.0,132.0
5772,-916.0,416.0,132.0
5788,-916.0,416.0,132.0
5804,-916.0,416.0,132.0
5822,-916.0,416.0,132.0
5839,-916.0,416.0,132.0
5855,-956.0,404.0,92.0
5872,-956.0,404.0,92.0
5888,-956.0,404.0,92.0
5905,-956.0,404.0,92.0
5923,-956.0,404.0,92.0
5939,-956.0,404.0,92.0
5955,-952.0,392.0,76.0
5972,-952.0,392.0,76.0
5989,-952.0,392.0,76.0
6005,-952.0,392.0,76.0
6022,-952.0,392.0,76.0
6039,-952.0,392.0,76.0
6055,-1016.0,356.0,72.0
6072,-1016.0,356.0,72.0
6089,-1016.0,356.0,72.0
6105,-1016.0,356.0,72.0
6122,-1016.0,356.0,72.0
6139,-1016.0,356.0,72.0
6155,-1016.0,356.0,72.0
6173,-1120.0,284.0,56.0
6189,-1120.0,284.0,56.0
6205,-1120.0,284.0,56.0
6222,-1120.0,284.0,56.0
6239,-1120.0,284.0,56.0
6255,-1120.0,284.0,56.0
6272,-1088.0,148.0,32.0
6289,-1088.0,148.0,32.0
6306,-1088.0,148.0,32.0
6323,-1088.0,148.0,32.0
6339,-1088.0,148.0,32.0
6356,-1088.0,148.0,32.0
6372,-1092.0,156.0,16.0
6389,-1092.0,156.0,16.0
6406,-1092.0,156.0,16.0
6422,-1092.0,156.0,16.0
6439,-1092.0,156.0,16.0
6455,-1092.0,156.0,16.0
6472,-1020.0,-32.0,36.0
6488,-1020.0,-32.0,36.0
6506,-1020.0,-32.0,36.0
6522,-1020.0,-32.0,36.0
6539,-1020.0,-32.0,36.0
6555,-1020.0,-32.0,36.0
6572,-1052.0,-4.0,68.0
6588,-1052.0,-4.0,68.0
6605,-1052.0,-4.0,68.0
6622,-1052.0,-4.0,68.0
6638,-1052.0,-4.0,68.0
6656,-1052.0,-4.0,68.0
6673,-1052.0,-4.0,68.0
6689,-1072.0,24.0,44.0
6706,-1072.0,24.0,44.0
6722,-1072.0,24.0,44.0
6739,-1072.0,24.0,44.0
6756,-1072.0,24.0,44.0
6772,-1072.0,24.0,44.0
6789,-1076.0,116.0,112.0
6806,-1076.0,116.0,112.0
6822,-1076.0,116.0,112.0
6839,-1076.0,116.0,112.0
6855,-1076.0,116.0,112.0
6872,-1076.0,116.0,112.0
6889,-1060.0,272.0,148.0
6905,-1060.0,272.0,148.0
6923,-1060.0,272.0,148.0
6939,-1060.0,272.0,148.0
6956,-1060.0,272.0,148.0
6972,-1060.0,272.0,148.0
6989,-984.0,344.0,224.0
7006,-984.0,344.0,224.0
7022,-984.0,344.0,224.0
7039,-984.0,344.0,224.0
7056,-984.0,344.0,224.0
7072,-984.0,344.0,224.0
7089,-984.0,344.0,224.0
7106,-960.0,404.0,196.0
7122,-960.0,404.0,196.0
7139,-960.0,404.0,196.0
7156,-960.0,404.0,196.0
7172,-960.0,404.0,196.0
7189,-960.0,404.0,196.0
7205,-828.0,408.0,216.0
7222,-828.0,408.0,216.0
7239,-828.0,408.0,216.0
7256,-828.0,408.0,216.0
7272,-828.0,408.0,216.0
7289,-828.0,408.0,216.0
7306,-856.0,448.0,224.0
7322,-856.0,448.0,224.0
7338,-856.0,448.0,224.0
7355,-856.0,448.0,224.0
7373,-856.0,448.0,224.0
7389,-856.0,448.0,224.0
7406,-892.0,460.0,208.0
7422,-892.0,460.0,208.0
7439,-892.0,460.0,208.0
7455,-892.0,460.0,208.0
7472,-892.0,460.0,208.0
7489,-892.0,460.0,208.0
7505,-892.0,472.0,200.0
7522,-892.0,472.0,200.0
7539,-892.0,472.0,200.0
7556,-892.0,472.0,200.0
7572,-892.0,472.0,200.0
7590,-892.0,472.0,200.0
7606,-892.0,472.0,200.0
7622,-924.0,436.0,200.0
7639,-924.0,436.0,200.0
7655,-924.0,436.0,200.0
7672,-924.0,436.0,200.0
7689,-924.0,436.0,200.0
7706,-924.0,436.0,200.0
7722,-920.0,388.0,164.0
7739,-920.0,388.0,164.0
7755,-920.0,388.0,164.0
7772,-920.0,388.0,164.0
7788,-920.0,388.0,164.0
7806,-920.0,388.0,164.0
7822,-940.0,432.0,128.0
7839,-940.0,432.0,128.0
7856,-940.0,432.0,128.0
7872,-940.0,432.0,128.0
7889,-940.0,432.0,128.0
7905,-940.0,432.0,128.0
7923,-936.0,360.0,164.0
7940,-936.0,360.0,164.0
7956,-936.0,360.0,164.0
7972,-936.0,360.0,164.0
7989,-936.0,360.0,164.0
8006,-936.0,360.0,164.0
8022,-936.0,360.0,164.0
8039,-960.0,336.0,132.0
8056,-960.0,336.0,132.0
8073,-960.0,336.0,132.0
8089,-960.0,336.0,132.0
8106,-960.0,336.0,132.0
8122,-960.0,336.0,132.0
8140,-1004.0,364.0,96.0
8156,-1004.0,364.0,96.0
8172,-1004.0,364.0,96.0
8189,-1004.0,364.0,96.0
8206,-1004.0,364.0,96.0
8222,-1004.0,364.0,96.0
8239,-1016.0,308.0,112.0
8255,-1016.0,308.0,112.0
8272,-1016.0,308.0,112.0
8289,-1016.0,308.0,112.0
8305,-1016.0,308.0,112.0
8322,-1016.0,308.0,112.0
8339,-1036.0,216.0,64.0
8355,-1036.0,216.0,64.0
8372,-1036.0,216.0,64.0
8389,-1036.0,216.0,64.0
8407,-1036.0,216.0,64.0
8423,-1036.0,216.0,64.0
8439,-1044.0,172.0,28.0
8456,-1044.0,172.0,28.0
8473,-1044.0,172.0,28.0
8488,-1044.0,172.0,28.0
8506,-1044.0,172.0,28.0
8523,-1044.0,172.0,28.0
8538,-1044.0,172.0,28.0
8556,-1044.0,188.0,24.0
8573,-1044.0,188.0,24.0
8590,-1044.0,188.0,24.0
8605,-1044.0,188.0,24.0
8622,-1044.0,188.0,24.0
8639,-1044.0,188.0,24.0
8656,-1020.0,284.0,68.0
8673,-1020.0,284.0,68.0
8689,-1020.0,284.0,68.0
8705,-1020.0,284.0,68.0
8722,-1020.0,284.0,68.0
8740,-1020.0,284.0,68.0
8759,-968.0,356.0,100.0
8777,-968.0,356.0,100.0
8796,-968.0,356.0,100.0
8813,-968.0,356.0,100.0
8830,-968.0,356.0,100.0
8847,-968.0,356.0,100.0
8864,-976.0,468.0,84.0
8880,-976.0,468.0,84.0
8897,-976.0,468.0,84.0
8914,-976.0,468.0,84.0
8930,-976.0,468.0,84.0
8946,-976.0,468.0,84.0
8963,-928.0,444.0,80.0
8980,-928.0,444.0,80.0
8996,-928.0,444.0,80.0
9013,-928.0,444.0,80.0
9029,-928.0,444.0,80.0
9046,-928.0,444.0,80.0
9064,-932.0,380.0,128.0
9080,-932.0,380.0,128.0
9097,-932.0,380.0,128.0
9113,-932.0,380.0,128.0
9130,-932.0,380.0,128.0
9147,-932.0,380.0,128.0
9163,-940.0,424.0,92.0
9180,-940.0,424.0,92.0
9196,-940.0,424.0,92.0
9213,-940.0,424.0,92.0
9230,-940.0,424.0,92.0
9246,-940.0,424.0,92.0
9263,-940.0,424.0,92.0
9279,-936.0,384.0,68.0
9296,-936.0,384.0,68.0
9313,-936.0,384.0,68.0
9329,-936.0,384.0,68.0
9346,-936.0,384.0,68.0
9363,-936.0,384.0,68.0
9379,-1020.0,316.0,4.0
9396,-1020.0,316.0,4.0
9413,-1020.0,316.0,4.0
9430,-1020.0,316.0,4.0
9446,-1020.0,316.0,4.0
9464,-1020.0,316.0,4.0
9480,-1240.0,164.0,-80.0
9496,-1240.0,164.0,-80.0
9514,-1240.0,164.0,-80.0
9530,-1240.0,164.0,-80.0
9547,-1240.0,164.0,-80.0
9564,-1240.0,164.0,-80.0
9580,-1052.0,-20.0,-92.0
9597,-1052.0,-20.0,-92.0
9613,-1052.0,-20.0,-92.0
9630,-1052.0,-20.0,-92.0
9646,-1052.0,-20.0,-92.0
9663,-1052.0,-20.0,-92.0
9680,-1080.0,32.0,-120.0
9696,-1080.0,32.0,-120.0
9713,-1080.0,32.0,-120.0
9730,-1080.0,32.0,-120.0
9747,-1080.0,32.0,-120.0
9763,-1080.0,32.0,-120.0
9780,-1080.0,32.0,-120.0
9797,-1068.0,124.0,16.0
9814,-1068.0,124.0,16.0
9830,-1068.0,124.0,16.0
9846,-1068.0,124.0,16.0
9863,-1068.0,124.0,16.0
9881,-1068.0,124.0,16.0
9897,-1032.0,228.0,48.0
9913,-1032.0,228.0,48.0
9931,-1032.0,228.0,48.0
9947,-1032.0,228.0,48.0
9964,-1032.0,228.0,48.0
9980,-1032.0,228.0,48.0
9997,-964.0,368.0,28.0
10013,-964.0,368.0,28.0
10030,-964.0,368.0,28.0
10047,-964.0,368.0,28.0
10063,-964.0,368.0,28.0
10080,-964.0,368.0,28.0
10097,-924.0,408.0,64.0
10113,-924.0,408.0,64.0
10130,-924.0,408.0,64.0
10147,-924.0,408.0,64.0
10163,-924.0,408.0,64.0
10180,-924.0,408.0,64.0
10197,-924.0,408.0,64.0
10213,-900.0,460.0,124.0
10231,-900.0,460.0,124.0
10247,-900.0,460.0,124.0
10264,-900.0,460.0,124.0
10280,-900.0,460.0,124.0
10297,-900.0,460.0,124.0
10314,-888.0,496.0,136.0
10330,-888.0,496.0,136.0
10347,-888.0,496.0,136.0
10364,-888.0,496.0,136.0
10380,-888.0,496.0,136.0
10397,-888.0,496.0,136.0
10414,-852.0,596.0,128.0
10430,-852.0,596.0,128.0
10447,-852.0,596.0,128.0
10463,-852.0,596.0,128.0
10480,-852.0,596.0,128.0
10496,-852.0,596.0,128.0
10513,-888.0,668.0,104.0
10531,-888.0,668.0,104.0
10547,-888.0,668.0,104.0
10563,-888.0,668.0,104.0
10580,-888.0,668.0,104.0
10596,-888.0,668.0,104.0
10613,-932.0,616.0,116.0
10629,-932.0,616.0,116.0
10647,-932.0,616.0,116.0
10664,-932.0,616.0,116.0
10680,-932.0,616.0,116.0
10697,-932.0,616.0,116.0
10713,-932.0,616.0,116.0
10730,-828.0,604.0,140.0
10747,-828.0,604.0,140.0
10763,-828.0,604.0,140.0
10781,-828.0,604.0,140.0
10797,-828.0,604.0,140.0
10814,-828.0,604.0,140.0
10830,-848.0,512.0,164.0
10847,-848.0,512.0,164.0
10864,-848.0,512.0,164.0
10880,-848.0,512.0,164.0
10897,-848.0,512.0,164.0
10914,-848.0,512.0,164.0
10930,-824.0,504.0,124.0
10947,-824.0,504.0,124.0
10963,-824.0,504.0,124.0
10981,-824.0,504.0,124.0
10997,-824.0,504.0,124.0
11014,-824.0,504.0,124.0
11030,-872.0,448.0,136.0
11047,-872.0,448.0,136.0
11064,-872.0,448.0,136.0
11080,-872.0,448.0,136.0
11098,-872.0,448.0,136.0
11114,-872.0,448.0,136.0
11131,-884.0,560.0,124.0
11147,-884.0,560.0,124.0
11164,-884.0,560.0,124.0
11181,-884.0,560.0,124.0
11197,-884.0,560.0,124.0
11214,-884.0,560.0,124.0
11231,-884.0,560.0,124.0
11247,-928.0,532.0,60.0
11264,-928.0,532.0,60.0
11281,-928.0,532.0,60.0
11298,-928.0,532.0,60.0
11314,-928.0,532.0,60.0
11330,-928.0,532.0,60.0
11347,-928.0,472.0,64.0
11364,-928.0,472.0,64.0
11380,-928.0,472.0,64.0
11397,-928.0,472.0,64.0
11413,-928.0,472.0,64.0
11430,-928.0,472.0,64.0
11447,-896.0,500.0,112.0
11464,-896.0,500.0,112.0
11480,-896.0,500.0,112.0
11496,-896.0,500.0,112.0
11514,-896.0,500.0,112.0
11531,-896.0,500.0,112.0
11548,-924.0,484.0,100.0
11565,-924.0,484.0,100.0
11581,-924.0,484.0,100.0
11597,-924.0,484.0,100.0
11613,-924.0,484.0,100.0
11631,-924.0,484.0,100.0
11646,-924.0,484.0,100.0
11664,-920.0,444.0,92.0
11681,-920.0,444.0,92.0
11697,-920.0,444.0,92.0
11714,-920.0,444.0,92.0
11731,-920.0,444.0,92.0
11747,-920.0,444.0,92.0
11763,-928.0,444.0,48.0
11780,-928.0,444.0,48.0
11796,-928.0,444.0,48.0
11814,-928.0,444.0,48.0
11831,-928.0,444.0,48.0
11848,-928.0,444.0,48.0
11864,-940.0,480.0,28.0
11881,-940.0,480.0,28.0
11897,-940.0,480.0,28.0
11915,-940.0,480.0,28.0
11931,-940.0,480.0,28.0
11948,-940.0,480.0,28.0
11964,-936.0,476.0,32.0
11980,-936.0,476.0,32.0
11997,-936.0,476.0,32.0
12014,-936.0,476.0,32.0
12030,-936.0,476.0,32.0
12048,-936.0,476.0,32.0
12064,-976.0,460.0,20.0
12081,-976.0,460.0,20.0
12098,-976.0,460.0,20.0
12113,-976.0,460.0,20.0
12130,-976.0,460.0,20.0
12146,-976.0,460.0,20.0
12164,-976.0,460.0,20.0
12180,-960.0,408.0,28.0
12198,-960.0,408.0,28.0
12213,-960.0,408.0,28.0
12231,-960.0,408.0,28.0
12248,-960.0,408.0,28.0
12263,-960.0,408.0,28.0
12281,-1012.0,332.0,52.0
12304,-1012.0,332.0,52.0
12322,-1012.0,332.0,52.0
12340,-1012.0,332.0,52.0
12355,-1012.0,332.0,52.0
12372,-1012.0,332.0,52.0
12389,-992.0,328.0,-16.0
12405,-992.0,328.0,-16.0
12422,-992.0,328.0,-16.0
12439,-992.0,328.0,-16.0
12454,-992.0,328.0,-16.0
12472,-992.0,328.0,-16.0
12488,-1092.0,192.0,8.0
12505,-1092.0,192.0,8.0
12521,-1092.0,192.0,8.0
12538,-1092.0,192.0,8.0
12554,-1092.0,192.0,8.0
12571,-1092.0,192.0,8.0
12588,-1072.0,88.0,116.0
12605,-1072.0,88.0,116.0
12622,-1072.0,88.0,116.0
12638,-1072.0,88.0,116.0
12655,-1072.0,88.0,116.0
12671,-1072.0,88.0,116.0
12688,-988.0,40.0,188.0
12704,-988.0,40.0,188.0
12721,-988.0,40.0,188.0
12738,-988.0,40.0,188.0
12755,-988.0,40.0,188.0
12772,-988.0,40.0,188.0
12788,-964.0,20.0,144.0
12805,-964.0,20.0,144.0
12821,-964.0,20.0,144.0
12838,-964.0,20.0,144.0
12854,-964.0,20.0,144.0
12871,-964.0,20.0,144.0
12888,-964.0,20.0,144.0
12905,-1012.0,44.0,124.0
12922,-1012.0,44.0,124.0
12938,-1012.0,44.0,124.0
12955,-1012.0,44.0,124.0
12971,-1012.0,44.0,124.0
12988,-1012.0,44.0,124.0
13004,-1060.0,180.0,88.0
13022,-1060.0,180.0,88.0
13038,-1060.0,180.0,88.0
13055,-1060.0,180.0,88.0
13071,-1060.0,180.0,88.0
13088,-1060.0,180.0,88.0
13105,-1032.0,288.0,44.0
13121,-1032.0,288.0,44.0
13138,-1032.0,288.0,44.0
13155,-1032.0,288.0,44.0
13171,-1032.0,288.0,44.0
13188,-1032.0,288.0,44.0
13205,-1024.0,260.0,16.0
13222,-1024.0,260.0,16.0
13238,-1024.0,260.0,16.0
13255,-1024.0,260.0,16.0
13271,-1024.0,260.0,16.0
13288,-1024.0,260.0,16.0
13304,-1024.0,260.0,16.0
13321,-1032.0,308.0,-24.0
13338,-1032.0,308.0,-24.0
13354,-1032.0,308.0,-24.0
13371,-1032.0,308.0,-24.0
13389,-1032.0,308.0,-24.0
13405,-1032.0,308.0,-24.0
13421,-984.0,324.0,-36.0
13439,-984.0,324.0,-36.0
13455,-984.0,324.0,-36.0
13471,-984.0,324.0,-36.0
13489,-984.0,324.0,-36.0
13505,-984.0,324.0,-36.0
13522,-976.0,320.0,-52.0
13538,-976.0,320.0,-52.0
13555,-976.0,320.0,-52.0
13572,-976.0,320.0,-52.0
13588,-976.0,320.0,-52.0
13605,-976.0,320.0,-52.0
13621,-1020.0,340.0,-64.0
13638,-1020.0,340.0,-64.0
13655,-1020.0,340.0,-64.0
13671,-1020.0,340.0,-64.0
13688,-1020.0,340.0,-64.0
13705,-1020.0,340.0,-64.0
13721,-1016.0,252.0,-36.0
13739,-1016.0,252.0,-36.0
13755,-1016.0,252.0,-36.0
13772,-1016.0,252.0,-36.0
13788,-1016.0,252.0,-36.0
13805,-1016.0,252.0,-36.0
13822,-1040.0,300.0,-44.0
13838,-1040.0,300.0,-44.0
13855,-1040.0,300.0,-44.0
13872,-1040.0,300.0,-44.0
13889,-1040.0,300.0,-44.0
13905,-1040.0,300.0,-44.0
13922,-1040.0,300.0,-44.0
13938,-1016.0,292.0,-68.0
13956,-1016.0,292.0,-68.0
13972,-1016.0,292.0,-68.0
13989,-1016.0,292.0,-68.0
14005,-1016.0,292.0,-68.0
14022,-1016.0,292.0,-68.0
14038,-1016.0,380.0,-68.0
14055,-1016.0,380.0,-68.0
14071,-1016.0,380.0,-68.0
14089,-1016.0,380.0,-68.0
14105,-1016.0,380.0,-68.0
14121,-1016.0,380.0,-68.0
14138,-1012.0,336.0,-40.0
14156,-1012.0,336.0,-40.0
14171,-1012.0,336.0,-40.0
14188,-1012.0,336.0,-40.0
14206,-1012.0,336.0,-40.0
14222,-1012.0,336.0,-40.0
14239,-980.0,280.0,-16.0
14255,-980.0,280.0,-16.0
14272,-980.0,280.0,-16.0
14288,-980.0,280.0,-16.0
14305,-980.0,280.0,-16.0
14322,-980.0,280.0,-16.0
14338,-980.0,280.0,-16.0
14355,-972.0,352.0,44.0
14372,-972.0,352.0,44.0
14388,-972.0,352.0,44.0
14405,-972.0,352.0,44.0
14421,-972.0,352.0,44.0
14438,-972.0,352.0,44.0
14455,-960.0,348.0,64.0
14472,-960.0,348.0,64.0
14488,-960.0,348.0,64.0
14506,-960.0,348.0,64.0
14522,-960.0,348.0,64.0
14539,-960.0,348.0,64.0
14555,-968.0,372.0,36.0
14572,-968.0,372.0,36.0
14588,-968.0,372.0,36.0
14605,-968.0,372.0,36.0
14623,-968.0,372.0,36.0
14639,-968.0,372.0,36.0
14656,-976.0,324.0,20.0
14672,-976.0,324.0,20.0
14688,-976.0,324.0,20.0
14705,-976.0,324.0,20.0
14722,-976.0,324.0,20.0
14739,-976.0,324.0,20.0
14756,-1004.0,332.0,-8.0
14772,-1004.0,332.0,-8.0
14789,-1004.0,332.0,-8.0
14805,-1004.0,332.0,-8.0
14823,-1004.0,332.0,-8.0
14839,-1004.0,332.0,-8.0
14855,-1004.0,332.0,-8.0
14872,-992.0,340.0,20.0
14888,-992.0,340.0,20.0
14906,-992.0,340.0,20.0
14922,-992.0,340.0,20.0
14939,-992.0,340.0,20.0
14955,-992.0,340.0,20.0
14973,-1032.0,324.0,-20.0
14989,-1032.0,324.0,-20.0
15005,-1032.0,324.0,-20.0
15023,-1032.0,324.0,-20.0
15039,-1032.0,324.0,-20.0
15055,-1032.0,324.0,-20.0
15071,-1068.0,256.0,-32.0
15089,-1068.0,256.0,-32.0
15105,-1068.0,256.0,-32.0
15122,-1068.0,256.0,-32.0
15139,-1068.0,256.0,-32.0
15155,-1068.0,256.0,-32.0
15171,-1036.0,148.0,-4.0
15189,-1036.0,148.0,-4.0
15206,-1036.0,148.0,-4.0
15222,-1036.0,148.0,-4.0
15239,-1036.0,148.0,-4.0
15255,-1036.0,148.0,-4.0
15272,-1040.0,64.0,-20.0
15289,-1040.0,64.0,-20.0
15305,-1040.0,64.0,-20.0
15323,-1040.0,64.0,-20.0
15339,-1040.0,64.0,-20.0
15355,-1040.0,64.0,-20.0
15372,-1040.0,64.0,-20.0
15390,-1084.0,72.0,-36.0
15406,-1084.0,72.0,-36.0
15422,-1084.0,72.0,-36.0
15439,-1084.0,72.0,-36.0
15455,-1084.0,72.0,-36.0
15472,-1084.0,72.0,-36.0
15489,-1028.0,16.0,-28.0
15505,-1028.0,16.0,-28.0
15522,-1028.0,16.0,-28.0
15539,-1028.0,16.0,-28.0
15555,-1028.0,16.0,-28.0
15573,-1028.0,16.0,-28.0
15589,-1108.0,112.0,-8.0
15605,-1108.0,112.0,-8.0
15622,-1108.0,112.0,-8.0
15639,-1108.0,112.0,-8.0
15655,-1108.0,112.0,-8.0
15672,-1108.0,112.0,-8.0
15689,-1032.0,164.0,-12.0
15706,-1032.0,164.0,-12.0
15722,-1032.0,164.0,-12.0
15739,-1032.0,164.0,-12.0
15756,-1032.0,164.0,-12.0
15772,-1032.0,164.0,-12.0
15789,-1032.0,164.0,-12.0
15805,-1044.0,132.0,0.0
15822,-1044.0,132.0,0.0
15839,-1044.0,132.0,0.0
15856,-1044.0,132.0,0.0
15875,-1044.0,132.0,0.0
15893,-1044.0,132.0,0.0
15912,-1068.0,232.0,-20.0
15929,-1068.0,232.0,-20.0
15946,-1068.0,232.0,-20.0
15962,-1068.0,232.0,-20.0
15980,-1068.0,232.0,-20.0
15997,-1072.0,316.0,-20.0
16014,-1072.0,316.0,-20.0
16030,-1072.0,316.0,-20.0
16046,-1072.0,316.0,-20.0
16063,-1072.0,316.0,-20.0
16079,-1072.0,316.0,-20.0
16096,-1072.0,316.0,-20.0
16113,-948.0,320.0,-20.0
16130,-948.0,320.0,-20.0
16146,-948.0,320.0,-20.0
16163,-948.0,320.0,-20.0
16180,-948.0,320.0,-20.0
16196,-948.0,320.0,-20.0
16212,-972.0,340.0,48.0
16229,-972.0,340.0,48.0
16246,-972.0,340.0,48.0
16263,-972.0,340.0,48.0
16279,-972.0,340.0,48.0
16296,-972.0,340.0,48.0
16313,-936.0,356.0,88.0
16329,-936.0,356.0,88.0
16346,-936.0,356.0,88.0
16363,-936.0,356.0,88.0
16379,-936.0,356.0,88.0
16396,-936.0,356.0,88.0
16412,-976.0,388.0,76.0
16429,-976.0,388.0,76.0
16446,-976.0,388.0,76.0
16463,-976.0,388.0,76.0
16479,-976.0,388.0,76.0
16496,-976.0,388.0,76.0
16512,-976.0,388.0,76.0
16529,-980.0,376.0,40.0
16546,-980.0,376.0,40.0
16563,-980.0,376.0,40.0
16580,-980.0,376.0,40.0
16597,-980.0,376.0,40.0
16613,-980.0,376.0,40.0
16630,-988.0,368.0,16.0
16646,-988.0,368.0,16.0
16663,-988.0,368.0,16.0
16679,-988.0,368.0,16.0
16696,-988.0,368.0,16.0
16713,-988.0,368.0,16.0
16730,-996.0,344.0,16.0
16746,-996.0,344.0,16.0
16763,-996.0,344.0,16.0
16780,-996.0,344.0,16.0
16796,-996.0,344.0,16.0
16813,-996.0,344.0,16.0
16830,-996.0,320.0,12.0
16846,-996.0,320.0,12.0
16863,-996.0,320.0,12.0
16880,-996.0,320.0,12.0
16896,-996.0,320.0,12.0
16913,-996.0,320.0,12.0
16929,-1004.0,308.0,4.0
16946,-1004.0,308.0,4.0
16964,-1004.0,308.0,4.0
16980,-1004.0,308.0,4.0
16997,-1004.0,308.0,4.0
17013,-1004.0,308.0,4.0
17030,-1004.0,308.0,4.0
17046,-1028.0,332.0,-28.0
17063,-1028.0,332.0,-28.0
17080,-1028.0,332.0,-28.0
17097,-1028.0,332.0,-28.0
17113,-1028.0,332.0,-28.0
17130,-1028.0,332.0,-28.0
17146,-984.0,304.0,-16.0
17163,-984.0,304.0,-16.0
17180,-984.0,304.0,-16.0
17196,-984.0,304.0,-16.0
17213,-984.0,304.0,-16.0
17230,-984.0,304.0,-16.0
17247,-1008.0,280.0,-16.0
17263,-1008.0,280.0,-16.0
17280,-1008.0,280.0,-16.0
17296,-1008.0,280.0,-16.0
17312,-1008.0,280.0,-16.0
17329,-1008.0,280.0,-16.0
17347,-1012.0,340.0,-40.0
17363,-1012.0,340.0,-40.0
17380,-1012.0,340.0,-40.0
17396,-1012.0,340.0,-40.0
17413,-1012.0,340.0,-40.0
17430,-1012.0,340.0,-40.0
17446,-1012.0,340.0,-40.0
17463,-980.0,320.0,-28.0
17480,-980.0,320.0,-28.0
17497,-980.0,320.0,-28.0
17513,-980.0,320.0,-28.0
17530,-980.0,320.0,-28.0
17547,-980.0,320.0,-28.0
17563,-1064.0,312.0,-4.0
17580,-1064.0,312.0,-4.0
17596,-1064.0,312.0,-4.0
17613,-1064.0,312.0,-4.0
17629,-1064.0,312.0,-4.0
17646,-1064.0,312.0,-4.0
17663,-1040.0,312.0,-36.0
17680,-1040.0,312.0,-36.0
17697,-1040.0,312.0,-36.0
17713,-1040.0,312.0,-36.0
17730,-1040.0,312.0,-36.0
17746,-1040.0,312.0,-36.0
17763,-948.0,292.0,36.0
17779,-948.0,292.0,36.0
17797,-948.0,292.0,36.0
17813,-948.0,292.0,36.0
17830,-948.0,292.0,36.0
17847,-948.0,292.0,36.0
17863,-984.0,332.0,92.0
17880,-984.0,332.0,92.0
17896,-984.0,332.0,92.0
17913,-984.0,332.0,92.0
17930,-984.0,332.0,92.0
17946,-984.0,332.0,92.0
17963,-984.0,332.0,92.0
17980,-1016.0,336.0,104.0
17997,-1016.0,336.0,104.0
18013,-1016.0,336.0,104.0
18030,-1016.0,336.0,104.0
18047,-1016.0,336.0,104.0
18063,-1016.0,336.0,104.0
18080,-1020.0,144.0,84.0
18097,-1020.0,144.0,84.0
18113,-1020.0,144.0,84.0
18130,-1020.0,144.0,84.0
18147,-1020.0,144.0,84.0
18163,-1020.0,144.0,84.0
18181,-1028.0,116.0,64.0
18197,-1028.0,116.0,64.0
18214,-1028.0,116.0,64.0
18230,-1028.0,116.0,64.0
18247,-1028.0,116.0,64.0
18264,-1028.0,116.0,64.0
18280,-1056.0,112.0,28.0
18297,-1056.0,112.0,28.0
18313,-1056.0,112.0,28.0
18330,-1056.0,112.0,28.0
18347,-1056.0,112.0,28.0
18364,-1056.0,112.0,28.0
18380,-1036.0,20.0,16.0
18396,-1036.0,20.0,16.0
18413,-1036.0,20.0,16.0
18430,-1036.0,20.0,16.0
18446,-1036.0,20.0,16.0
18463,-1036.0,20.0,16.0
18481,-1036.0,20.0,16.0
18496,-1036.0,68.0,0.0
18513,-1036.0,68.0,0.0
18530,-1036.0,68.0,0.0
18546,-1036.0,68.0,0.0
18563,-1036.0,68.0,0.0
18580,-1036.0,68.0,0.0
18596,-1096.0,108.0,-8.0
18613,-1096.0,108.0,-8.0
18630,-1096.0,108.0,-8.0
18647,-1096.0,108.0,-8.0
18664,-1096.0,108.0,-8.0
18680,-1096.0,108.0,-8.0
18697,-1036.0,120.0,-44.0
18714,-1036.0,120.0,-44.0
18730,-1036.0,120.0,-44.0
18747,-1036.0,120.0,-44.0
18764,-1036.0,120.0,-44.0
18780,-1036.0,120.0,-44.0
18796,-1036.0,148.0,-28.0
18814,-1036.0,148.0,-28.0
18830,-1036.0,148.0,-28.0
18847,-1036.0,148.0,-28.0
18864,-1036.0,148.0,-28.0
18880,-1036.0,148.0,-28.0
18897,-1008.0,188.0,-28.0
18914,-1008.0,188.0,-28.0
18930,-1008.0,188.0,-28.0
18947,-1008.0,188.0,-28.0
18964,-1008.0,188.0,-28.0
18980,-1008.0,188.0,-28.0
18997,-1008.0,188.0,-28.0
19013,-1016.0,324.0,-72.0
19031,-1016.0,324.0,-72.0
19048,-1016.0,324.0,-72.0
19063,-1016.0,324.0,-72.0
19080,-1016.0,324.0,-72.0
19097,-1016.0,324.0,-72.0
19113,-992.0,348.0,-88.0
19130,-992.0,348.0,-88.0
19147,-992.0,348.0,-88.0
19164,-992.0,348.0,-88.0
19180,-992.0,348.0,-88.0
19197,-992.0,348.0,-88.0
19214,-968.0,356.0,-72.0
19230,-968.0,356.0,-72.0
19247,-968.0,356.0,-72.0
19263,-968.0,356.0,-72.0
19280,-968.0,356.0,-72.0
19297,-968.0,356.0,-72.0
19314,-1024.0,412.0,-56.0
19331,-1024.0,412.0,-56.0
19347,-1024.0,412.0,-56.0
19362,-1024.0,412.0,-56.0
19381,-1024.0,412.0,-56.0
19397,-1024.0,412.0,-56.0
19413,-1024.0,412.0,-56.0
19430,-948.0,344.0,20.0
19446,-948.0,344.0,20.0
19463,-948.0,344.0,20.0
19480,-948.0,344.0,20.0
19497,-948.0,344.0,20.0
19516,-948.0,344.0,20.0
19534,-968.0,372.0,36.0
19553,-968.0,372.0,36.0
19570,-968.0,372.0,36.0
19587,-968.0,372.0,36.0
19604,-968.0,372.0,36.0
19621,-968.0,372.0,36.0
19638,-972.0,408.0,36.0
19655,-972.0,408.0,36.0
19670,-972.0,408.0,36.0
19688,-972.0,408.0,36.0
19705,-972.0,408.0,36.0
19721,-972.0,408.0,36.0
19738,-988.0,436.0,-28.0
19754,-988.0,436.0,-28.0
19771,-988.0,436.0,-28.0
19787,-988.0,436.0,-28.0
19804,-988.0,436.0,-28.0
19820,-988.0,436.0,-28.0
19838,-976.0,432.0,-60.0
19854,-976.0,432.0,-60.0
19871,-976.0,432.0,-60.0
19888,-976.0,432.0,-60.0
19904,-976.0,432.0,-60.0
19921,-976.0,432.0,-60.0
19937,-1004.0,400.0,-56.0
19954,-1004.0,400.0,-56.0
19971,-1004.0,400.0,-56.0
19987,-1004.0,400.0,-56.0
20004,-1004.0,400.0,-56.0
20021,-1004.0,400.0,-56.0
20037,-976.0,368.0,-56.0
20054,-976.0,368.0,-56.0
20070,-976.0,368.0,-56.0
20088,-976.0,368.0,-56.0
20104,-976.0,368.0,-56.0
20120,-976.0,368.0,-56.0
20137,-976.0,368.0,-56.0
20155,-1008.0,360.0,-76.0
20170,-1008.0,360.0,-76.0
20187,-1008.0,360.0,-76.0
20205,-1008.0,360.0,-76.0
20221,-1008.0,360.0,-76.0
20237,-1008.0,360.0,-76.0
20255,-1032.0,272.0,-48.0
20271,-1032.0,272.0,-48.0
20287,-1032.0,272.0,-48.0
20305,-1032.0,272.0,-48.0
20321,-1032.0,272.0,-48.0
20338,-1032.0,272.0,-48.0
20354,-1032.0,220.0,-60.0
20371,-1032.0,220.0,-60.0
20388,-1032.0,220.0,-60.0
20404,-1032.0,220.0,-60.0
20420,-1032.0,220.0,-60.0
20437,-1032.0,220.0,-60.0
20455,-1044.0,188.0,-108.0
20471,-1044.0,188.0,-108.0
20488,-1044.0,188.0,-108.0
20504,-1044.0,188.0,-108.0
20521,-1044.0,188.0,-108.0
20537,-1044.0,188.0,-108.0
20554,-1060.0,176.0,-96.0
20571,-1060.0,176.0,-96.0
20587,-1060.0,176.0,-96.0
20605,-1060.0,176.0,-96.0
20621,-1060.0,176.0,-96.0
20638,-1060.0,176.0,-96.0
20655,-1060.0,176.0,-96.0
20671,-1060.0,132.0,-72.0
20687,-1060.0,132.0,-72.0
20705,-1060.0,132.0,-72.0
20721,-1060.0,132.0,-72.0
20738,-1060.0,132.0,-72.0
20755,-1060.0,132.0,-72.0
20771,-1048.0,144.0,-92.0
20788,-1048.0,144.0,-92.0
20805,-1048.0,144.0,-92.0
20821,-1048.0,144.0,-92.0
20838,-1048.0,144.0,-92.0
20854,-1048.0,144.0,-92.0
20871,-1060.0,136.0,-64.0
20887,-1060.0,136.0,-64.0
20905,-1060.0,136.0,-64.0
20921,-1060.0,136.0,-64.0
20937,-1060.0,136.0,-64.0
20955,-1060.0,136.0,-64.0
20971,-1056.0,144.0,-76.0
20987,-1056.0,144.0,-76.0
21004,-1056.0,144.0,-76.0
21022,-1056.0,144.0,-76.0
21038,-1056.0,144.0,-76.0
21054,-1056.0,144.0,-76.0
21071,-1036.0,180.0,-84.0
21088,-1036.0,180.0,-84.0
21105,-1036.0,180.0,-84.0
21121,-1036.0,180.0,-84.0
21138,-1036.0,180.0,-84.0
21154,-1036.0,180.0,-84.0
21171,-1036.0,180.0,-84.0
21188,-1036.0,192.0,-72.0
21204,-1036.0,192.0,-72.0
21221,-1036.0,192.0,-72.0
21238,-1036.0,192.0,-72.0
21254,-1036.0,192.0,-72.0
21271,-1036.0,192.0,-72.0
21288,-1024.0,156.0,-88.0
21305,-1024.0,156.0,-88.0
21321,-1024.0,156.0,-88.0
21338,-1024.0,156.0,-88.0
21355,-1024.0,156.0,-88.0
21371,-1024.0,156.0,-88.0
21388,-1032.0,160.0,-80.0
21404,-1032.0,160.0,-80.0
21422,-1032.0,160.0,-80.0
21439,-1032.0,160.0,-80.0
21455,-1032.0,160.0,-80.0
21472,-1032.0,160.0,-80.0
21488,-1044.0,184.0,-92.0
21505,-1044.0,184.0,-92.0
21522,-1044.0,184.0,-92.0
21538,-1044.0,184.0,-92.0
21555,-1044.0,184.0,-92.0
21571,-1044.0,184.0,-92.0
21588,-1044.0,184.0,-92.0
21604,-1032.0,168.0,-108.0
21622,-1032.0,168.0,-108.0
21638,-1032.0,168.0,-108.0
21655,-1032.0,168.0,-108.0
21672,-1032.0,168.0,-108.0
21688,-1032.0,168.0,-108.0
21705,-1064.0,180.0,-96.0
21721,-1064.0,180.0,-96.0
21737,-1064.0,180.0,-96.0
21754,-1064.0,180.0,-96.0
21772,-1064.0,180.0,-96.0
21788,-1064.0,180.0,-96.0
21805,-1044.0,180.0,-88.0
21821,-1044.0,180.0,-88.0
21839,-1044.0,180.0,-88.0
21855,-1044.0,180.0,-88.0
21872,-1044.0,180.0,-88.0
21889,-1044.0,180.0,-88.0
21905,-1012.0,196.0,-80.0
21922,-1012.0,196.0,-80.0
21938,-1012.0,196.0,-80.0
21955,-1012.0,196.0,-80.0
21972,-1012.0,196.0,-80.0
21988,-1012.0,196.0,-80.0
22004,-1012.0,196.0,-80.0
22021,-1024.0,224.0,-108.0
22038,-1024.0,224.0,-108.0
22054,-1024.0,224.0,-108.0
22071,-1024.0,224.0,-108.0
22089,-1024.0,224.0,-108.0
22104,-1024.0,224.0,-108.0
22121,-1040.0,212.0,-96.0
22138,-1040.0,212.0,-96.0
22155,-1040.0,212.0,-96.0
22171,-1040.0,212.0,-96.0
22188,-1040.0,212.0,-96.0
22205,-1040.0,212.0,-96.0
22221,-1020.0,220.0,-88.0
22238,-1020.0,220.0,-88.0
22255,-1020.0,220.0,-88.0
22271,-1020.0,220.0,-88.0
22288,-1020.0,220.0,-88.0
22305,-1020.0,220.0,-88.0
22322,-1044.0,232.0,-112.0
22338,-1044.0,232.0,-112.0
22355,-1044.0,232.0,-112.0
22372,-1044.0,232.0,-112.0
22388,-1044.0,232.0,-112.0
22405,-1044.0,232.0,-112.0
22422,-1032.0,196.0,-104.0
22439,-1032.0,196.0,-104.0
22454,-1032.0,196.0,-104.0
22472,-1032.0,196.0,-104.0
22488,-1032.0,196.0,-104.0
22505,-1032.0,196.0,-104.0
22522,-1032.0,196.0,-104.0
22538,-1036.0,196.0,-88.0
22554,-1036.0,196.0,-88.0
22572,-1036.0,196.0,-88.0
22588,-1036.0,196.0,-88.0
22606,-1036.0,196.0,-88.0
22622,-1036.0,196.0,-88.0
22638,-1036.0,192.0,-96.0
22655,-1036.0,192.0,-96.0
22671,-1036.0,192.0,-96.0
22688,-1036.0,192.0,-96.0
22704,-1036.0,192.0,-96.0
22722,-1036.0,192.0,-96.0
22739,-1032.0,160.0,-104.0
22755,-1032.0,160.0,-104.0
22772,-1032.0,160.0,-104.0
22788,-1032.0,160.0,-104.0
22805,-1032.0,160.0,-104.0
22821,-1032.0,160.0,-104.0
22838,-1044.0,144.0,-104.0
22854,-1044.0,144.0,-104.0
22872,-1044.0,144.0,-104.0
22889,-1044.0,144.0,-104.0
22905,-1044.0,144.0,-104.0
22922,-1044.0,144.0,-104.0
22939,-1048.0,144.0,-128.0
22955,-1048.0,144.0,-128.0
22971,-1048.0,144.0,-128.0
22988,-1048.0,144.0,-128.0
23005,-1048.0,144.0,-128.0
23022,-1048.0,144.0,-128.0
23038,-1048.0,144.0,-128.0
23055,-1044.0,136.0,-132.0
23072,-1044.0,136.0,-132.0
23089,-1044.0,136.0,-132.0
23104,-1044.0,136.0,-132.0
23122,-1044.0,136.0,-132.0
23139,-1044.0,136.0,-132.0
23155,-1048.0,144.0,-136.0
23172,-1048.0,144.0,-136.0
23188,-1048.0,144.0,-136.0
23204,-1048.0,144.0,-136.0
23221,-1048.0,144.0,-136.0
23238,-1048.0,144.0,-136.0
23257,-1028.0,116.0,-132.0
23276,-1028.0,116.0,-132.0
23294,-1028.0,116.0,-132.0
23311,-1028.0,116.0,-132.0
23328,-1028.0,116.0,-132.0
23345,-1028.0,116.0,-132.0
23362,-1052.0,172.0,-156.0
23379,-1052.0,172.0,-156.0
23396,-1052.0,172.0,-156.0
23412,-1052.0,172.0,-156.0
23429,-1052.0,172.0,-156.0
23446,-1052.0,172.0,-156.0
23462,-1052.0,160.0,-144.0
23479,-1052.0,160.0,-144.0
23496,-1052.0,160.0,-144.0
23512,-1052.0,160.0,-144.0
23528,-1052.0,160.0,-144.0
23546,-1052.0,160.0,-144.0
23562,-1048.0,168.0,-120.0
23579,-1048.0,168.0,-120.0
23596,-1048.0,168.0,-120.0
23612,-1048.0,168.0,-120.0
23628,-1048.0,168.0,-120.0
23645,-1048.0,168.0,-120.0
23661,-1048.0,168.0,-120.0
23679,-1048.0,160.0,-128.0
23695,-1048.0,160.0,-128.0
23712,-1048.0,160.0,-128.0
23728,-1048.0,160.0,-128.0
23745,-1048.0,160.0,-128.0
23762,-1048.0,160.0,-128.0
23779,-1036.0,160.0,-136.0
23795,-1036.0,160.0,-136.0
23811,-1036.0,160.0,-136.0
23828,-1036.0,160.0,-136.0
23846,-1036.0,160.0,-136.0
23862,-1036.0,160.0,-136.0
23878,-1064.0,160.0,-128.0
23895,-1064.0,160.0,-128.0
23912,-1064.0,160.0,-128.0
23928,-1064.0,160.0,-128.0
23945,-1064.0,160.0,-128.0
23961,-1064.0,160.0,-128.0
23979,-1088.0,80.0,-104.0
23996,-1088.0,80.0,-104.0
24012,-1088.0,80.0,-104.0
24029,-1088.0,80.0,-104.0
24045,-1088.0,80.0,-104.0
24062,-1088.0,80.0,-104.0
24079,-1052.0,52.0,-88.0
24095,-1052.0,52.0,-88.0
24113,-1052.0,52.0,-88.0
24128,-1052.0,52.0,-88.0
24145,-1052.0,52.0,-88.0
24162,-1052.0,52.0,-88.0
24179,-1052.0,52.0,-88.0
24195,-992.0,-40.0,-108.0
24212,-992.0,-40.0,-108.0
24229,-992.0,-40.0,-108.0
24245,-992.0,-40.0,-108.0
24262,-992.0,-40.0,-108.0
24278,-992.0,-40.0,-108.0
24296,-1048.0,-16.0,-56.0
24312,-1048.0,-16.0,-56.0
24329,-1048.0,-16.0,-56.0
24346,-1048.0,-16.0,-56.0
24363,-1048.0,-16.0,-56.0
24379,-1048.0,-16.0,-56.0
24395,-1096.0,12.0,-112.0
24412,-1096.0,12.0,-112.0
24429,-1096.0,12.0,-112.0
24445,-1096.0,12.0,-112.0
24462,-1096.0,12.0,-112.0
24478,-1096.0,12.0,-112.0
24496,-1084.0,32.0,-72.0
24512,-1084.0,32.0,-72.0
24529,-1084.0,32.0,-72.0
24545,-1084.0,32.0,-72.0
24563,-1084.0,32.0,-72.0
24579,-1084.0,32.0,-72.0
24595,-1084.0,32.0,-72.0
24613,-1016.0,-32.0,-88.0
24629,-1016.0,-32.0,-88.0
24645,-1016.0,-32.0,-88.0
24662,-1016.0,-32.0,-88.0
24679,-1016.0,-32.0,-88.0
24695,-1016.0,-32.0,-88.0
24713,-1052.0,-40.0,-80.0
24729,-1052.0,-40.0,-80.0
24746,-1052.0,-40.0,-80.0
24762,-1052.0,-40.0,-80.0
24779,-1052.0,-40.0,-80.0
24796,-1052.0,-40.0,-80.0
24813,-1028.0,88.0,-108.0
24829,-1028.0,88.0,-108.0
24846,-1028.0,88.0,-108.0
24862,-1028.0,88.0,-108.0
24879,-1028.0,88.0,-108.0
24896,-1028.0,88.0,-108.0
24912,-1096.0,168.0,-172.0
24929,-1096.0,168.0,-172.0
24945,-1096.0,168.0,-172.0
24962,-1096.0,168.0,-172.0
24979,-1096.0,168.0,-172.0
24996,-1096.0,168.0,-172.0
25013,-1068.0,240.0,-200.0
25029,-1068.0,240.0,-200.0
25045,-1068.0,240.0,-200.0
25062,-1068.0,240.0,-200.0
25078,-1068.0,240.0,-200.0
25095,-1068.0,240.0,-200.0
25112,-1068.0,240.0,-200.0
25130,-1032.0,260.0,-196.0
25146,-1032.0,260.0,-196.0
25162,-1032.0,260.0,-196.0
25179,-1032.0,260.0,-196.0
25195,-1032.0,260.0,-196.0
25213,-1032.0,260.0,-196.0
25229,-1020.0,228.0,-180.0
