MILLIS,X,Y,Z
1362,-1260.0,-88.0,-576.0
1474,-924.0,-184.0,-172.0
1491,-1024.0,-128.0,-128.0
1508,-1024.0,-128.0,-128.0
1527,-1024.0,-128.0,-128.0
1544,-1024.0,-128.0,-128.0
1562,-1024.0,-128.0,-128.0
1579,-1024.0,-128.0,-128.0
1595,-1016.0,-212.0,-168.0
1612,-1016.0,-212.0,-168.0
1628,-1016.0,-212.0,-168.0
1646,-1016.0,-212.0,-168.0
1662,-1016.0,-212.0,-168.0
1679,-1016.0,-212.0,-168.0
1696,-980.0,-236.0,-16.0
1713,-980.0,-236.0,-16.0
1729,-980.0,-236.0,-16.0
1746,-980.0,-236.0,-16.0
1762,-980.0,-236.0,-16.0
1778,-980.0,-236.0,-16.0
1796,-988.0,-244.0,44.0
1812,-988.0,-244.0,44.0
1829,-988.0,-244.0,44.0
1845,-988.0,-244.0,44.0
1862,-988.0,-244.0,44.0
1878,-988.0,-244.0,44.0
1895,-988.0,-244.0,44.0
1912,-1028.0,-128.0,48.0
1927,-1028.0,-128.0,48.0
1945,-1028.0,-128.0,48.0
1961,-1028.0,-128.0,48.0
1978,-1028.0,-128.0,48.0
1994,-1028.0,-128.0,48.0
2011,-1048.0,-116.0,8.0
2029,-1048.0,-116.0,8.0
2045,-1048.0,-116.0,8.0
2061,-1048.0,-116.0,8.0
2078,-1048.0,-116.0,8.0
2094,-1048.0,-116.0,8.0
2112,-1056.0,-92.0,-56.0
2128,-1056.0,-92.0,-56.0
2145,-1056.0,-92.0,-56.0
2162,-1056.0,-92.0,-56.0
2178,-1056.0,-92.0,-56.0
2195,-1056.0,-92.0,-56.0
2211,-1020.0,-76.0,-56.0
2228,-1020.0,-76.0,-56.0
2245,-1020.0,-76.0,-56.0
2261,-1020.0,-76.0,-56.0
2279,-1020.0,-76.0,-56.0
2296,-1020.0,-76.0,-56.0
2312,-1088.0,-48.0,-112.0
2329,-1088.0,-48.0,-112.0
2345,-1088.0,-48.0,-112.0
2362,-1088.0,-48.0,-112.0
2378,-1088.0,-48.0,-112.0
2395,-1088.0,-48.0,-112.0
2411,-1088.0,-48.0,-112.0
2428,-1064.0,-12.0,-164.0
2445,-1064.0,-12.0,-164.0
2462,-1064.0,-12.0,-164.0
2478,-1064.0,-12.0,-164.0
2496,-1064.0,-12.0,-164.0
2512,-1064.0,-12.0,-164.0
2528,-1048.0,-20.0,-184.0
2545,-1048.0,-20.0,-184.0
2562,-1048.0,-20.0,-184.0
2578,-1048.0,-20.0,-184.0
2596,-1048.0,-20.0,-184.0
2611,-1048.0,-20.0,-184.0
2628,-1020.0,-20.0,-184.0
2645,-1020.0,-20.0,-184.0
2662,-1020.0,-20.0,-184.0
2679,-1020.0,-20.0,-184.0
2695,-1020.0,-20.0,-184.0
2712,-1020.0,-20.0,-184.0
2729,-1032.0,-44.0,-240.0
2745,-1032.0,-44.0,-240.0
2762,-1032.0,-44.0,-240.0
2779,-1032.0,-44.0,-240.0
2795,-1032.0,-44.0,-240.0
2812,-1032.0,-44.0,-240.0
2829,-1052.0,4.0,-244.0
2845,-1052.0,4.0,-244.0
2862,-1052.0,4.0,-244.0
2878,-1052.0,4.0,-244.0
2895,-1052.0,4.0,-244.0
2911,-1052.0,4.0,-244.0
2929,-1052.0,4.0,-244.0
2945,-1056.0,32.0,-244.0
2962,-1056.0,32.0,-244.0
2978,-1056.0,32.0,-244.0
2995,-1056.0,32.0,-244.0
3011,-1056.0,32.0,-244.0
3029,-1056.0,32.0,-244.0
3045,-1032.0,44.0,-268.0
3061,-1032.0,44.0,-268.0
3078,-1032.0,44.0,-268.0
3095,-1032.0,44.0,-268.0
3112,-1032.0,44.0,-268.0
3128,-1032.0,44.0,-268.0
3145,-1028.0,48.0,-300.0
3161,-1028.0,48.0,-300.0
3178,-1028.0,48.0,-300.0
3195,-1028.0,48.0,-300.0
3212,-1028.0,48.0,-300.0
3228,-1028.0,48.0,-300.0
3245,-1024.0,60.0,-280.0
3261,-1024.0,60.0,-280.0
3278,-1024.0,60.0,-280.0
3295,-1024.0,60.0,-280.0
3311,-1024.0,60.0,-280.0
3329,-1024.0,60.0,-280.0
3345,-1024.0,60.0,-280.0
3362,-1020.0,96.0,-292.0
3378,-1020.0,96.0,-292.0
3395,-1020.0,96.0,-292.0
3412,-1020.0,96.0,-292.0
3428,-1020.0,96.0,-292.0
3445,-1020.0,96.0,-292.0
3462,-1068.0,124.0,-316.0
3478,-1068.0,124.0,-316.0
3495,-1068.0,124.0,-316.0
3512,-1068.0,124.0,-316.0
3528,-1068.0,124.0,-316.0
3545,-1068.0,124.0,-316.0
3562,-1016.0,172.0,-332.0
3578,-1016.0,172.0,-332.0
3595,-1016.0,172.0,-332.0
3612,-1016.0,172.0,-332.0
3629,-1016.0,172.0,-332.0
3645,-1016.0,172.0,-332.0
3662,-1028.0,120.0,-348.0
3678,-1028.0,120.0,-348.0
3694,-1028.0,120.0,-348.0
3712,-1028.0,120.0,-348.0
3728,-1028.0,120.0,-348.0
3744,-1028.0,120.0,-348.0
3761,-1028.0,120.0,-348.0
3778,-1036.0,140.0,-348.0
3795,-1036.0,140.0,-348.0
3811,-1036.0,140.0,-348.0
3828,-1036.0,140.0,-348.0
3846,-1036.0,140.0,-348.0
3861,-1036.0,140.0,-348.0
3878,-1020.0,108.0,-328.0
3895,-1020.0,108.0,-328.0
3912,-1020.0,108.0,-328.0
3929,-1020.0,108.0,-328.0
3945,-1020.0,108.0,-328.0
3962,-1020.0,108.0,-328.0
3979,-1020.0,144.0,-344.0
3995,-1020.0,144.0,-344.0
4011,-1020.0,144.0,-344.0
4029,-1020.0,144.0,-344.0
4045,-1020.0,144.0,-344.0
4062,-1020.0,144.0,-344.0
4078,-1000.0,184.0,-328.0
4094,-1000.0,184.0,-328.0
4111,-1000.0,184.0,-328.0
4128,-1000.0,184.0,-328.0
4144,-1000.0,184.0,-328.0
4162,-1000.0,184.0,-328.0
4178,-1040.0,280.0,-312.0
4195,-1040.0,280.0,-312.0
4212,-1040.0,280.0,-312.0
4229,-1040.0,280.0,-312.0
4245,-1040.0,280.0,-312.0
4262,-1040.0,280.0,-312.0
4279,-1040.0,280.0,-312.0
4295,-1040.0,196.0,-344.0
4313,-1040.0,196.0,-344.0
4329,-1040.0,196.0,-344.0
4345,-1040.0,196.0,-344.0
4362,-1040.0,196.0,-344.0
4378,-1040.0,196.0,-344.0
4395,-988.0,12.0,-292.0
4412,-988.0,12.0,-292.0
4428,-988.0,12.0,-292.0
4445,-988.0,12.0,-292.0
4462,-988.0,12.0,-292.0
4479,-988.0,12.0,-292.0
4495,-996.0,24.0,-204.0
4512,-996.0,24.0,-204.0
4529,-996.0,24.0,-204.0
4545,-996.0,24.0,-204.0
4562,-996.0,24.0,-204.0
4579,-996.0,24.0,-204.0
4595,-1004.0,60.0,-256.0
4612,-1004.0,60.0,-256.0
4628,-1004.0,60.0,-256.0
4646,-1004.0,60.0,-256.0
4661,-1004.0,60.0,-256.0
4679,-1004.0,60.0,-256.0
4695,-1140.0,-28.0,-208.0
4711,-1140.0,-28.0,-208.0
4729,-1140.0,-28.0,-208.0
4745,-1140.0,-28.0,-208.0
4762,-1140.0,-28.0,-208.0
4778,-1140.0,-28.0,-208.0
4795,-1140.0,-28.0,-208.0
4812,-1072.0,-60.0,-212.0
4828,-1072.0,-60.0,-212.0
4844,-1072.0,-60.0,-212.0
4862,-1072.0,-60.0,-212.0
4878,-1072.0,-60.0,-212.0
4895,-1072.0,-60.0,-212.0
4912,-1060.0,-152.0,-196.0
4928,-1060.0,-152.0,-196.0
4944,-1060.0,-152.0,-196.0
4962,-1060.0,-152.0,-196.0
4978,-1060.0,-152.0,-196.0
4995,-1060.0,-152.0,-196.0
5012,-1076.0,-132.0,-208.0
5028,-1076.0,-132.0,-208.0
5044,-1076.0,-132.0,-208.0
5062,-1076.0,-132.0,-208.0
5078,-1076.0,-132.0,-208.0
5095,-1076.0,-132.0,-208.0
5112,-1060.0,-172.0,-160.0
5128,-1060.0,-172.0,-160.0
5144,-1060.0,-172.0,-160.0
5163,-1060.0,-172.0,-160.0
5185,-1060.0,-172.0,-160.0
5203,-1060.0,-172.0,-160.0
5219,-1068.0,-112.0,-188.0
5237,-1068.0,-112.0,-188.0
5253,-1068.0,-112.0,-188.0
5270,-1068.0,-112.0,-188.0
5287,-1068.0,-112.0,-188.0
5303,-1068.0,-112.0,-188.0
5320,-1064.0,-140.0,-168.0
5336,-1064.0,-140.0,-168.0
5353,-1064.0,-140.0,-168.0
5369,-1064.0,-140.0,-168.0
5386,-1064.0,-140.0,-168.0
5403,-1064.0,-140.0,-168.0
5419,-1064.0,-140.0,-168.0
5436,-1068.0,-108.0,-168.0
5452,-1068.0,-108.0,-168.0
5469,-1068.0,-108.0,-168.0
5485,-1068.0,-108.0,-168.0
5502,-1068.0,-108.0,-168.0
5519,-1068.0,-108.0,-168.0
5536,-1080.0,-152.0,-180.0
5552,-1080.0,-152.0,-180.0
5569,-1080.0,-152.0,-180.0
5586,-1080.0,-152.0,-180.0
5602,-1080.0,-152.0,-180.0
5619,-1080.0,-152.0,-180.0
5636,-1044.0,-128.0,-220.0
5652,-1044.0,-128.0,-220.0
5669,-1044.0,-128.0,-220.0
5685,-1044.0,-128.0,-220.0
5702,-1044.0,-128.0,-220.0
5718,-1044.0,-128.0,-220.0
5736,-1008.0,-64.0,-240.0
5753,-1008.0,-64.0,-240.0
5769,-1008.0,-64.0,-240.0
5786,-1008.0,-64.0,-240.0
5802,-1008.0,-64.0,-240.0
5819,-1008.0,-64.0,-240.0
5836,-1008.0,-64.0,-240.0
5852,-1076.0,-24.0,-256.0
5869,-1076.0,-24.0,-256.0
5886,-1076.0,-24.0,-256.0
5902,-1076.0,-24.0,-256.0
5920,-1076.0,-24.0,-256.0
5936,-1076.0,-24.0,-256.0
5952,-1008.0,-32.0,-300.0
5969,-1008.0,-32.0,-300.0
5985,-1008.0,-32.0,-300.0
6003,-1008.0,-32.0,-300.0
6019,-1008.0,-32.0,-300.0
6036,-1008.0,-32.0,-300.0
6052,-996.0,-12.0,-292.0
6069,-996.0,-12.0,-292.0
6085,-996.0,-12.0,-292.0
6103,-996.0,-12.0,-292.0
6119,-996.0,-12.0,-292.0
6135,-996.0,-12.0,-292.0
6153,-1000.0,36.0,-316.0
6169,-1000.0,36.0,-316.0
6185,-1000.0,36.0,-316.0
6203,-1000.0,36.0,-316.0
6219,-1000.0,36.0,-316.0
6235,-1000.0,36.0,-316.0
6253,-1028.0,52.0,-356.0
6269,-1028.0,52.0,-356.0
6286,-1028.0,52.0,-356.0
6302,-1028.0,52.0,-356.0
6320,-1028.0,52.0,-356.0
6336,-1028.0,52.0,-356.0
6353,-1028.0,52.0,-356.0
6369,-1040.0,84.0,-348.0
6386,-1040.0,84.0,-348.0
6403,-1040.0,84.0,-348.0
6419,-1040.0,84.0,-348.0
6436,-1040.0,84.0,-348.0
6453,-1040.0,84.0,-348.0
6470,-1024.0,124.0,-372.0
6486,-1024.0,124.0,-372.0
6503,-1024.0,124.0,-372.0
6519,-1024.0,124.0,-372.0
6537,-1024.0,124.0,-372.0
6553,-1024.0,124.0,-372.0
6569,-968.0,100.0,-384.0
6586,-968.0,100.0,-384.0
6602,-968.0,100.0,-384.0
6619,-968.0,100.0,-384.0
6636,-968.0,100.0,-384.0
6653,-968.0,100.0,-384.0
6669,-1028.0,52.0,-400.0
6686,-1028.0,52.0,-400.0
6703,-1028.0,52.0,-400.0
6719,-1028.0,52.0,-400.0
6736,-1028.0,52.0,-400.0
6753,-1028.0,52.0,-400.0
6769,-1020.0,48.0,-440.0
6786,-1020.0,48.0,-440.0
6803,-1020.0,48.0,-440.0
6820,-1020.0,48.0,-440.0
6836,-1020.0,48.0,-440.0
6853,-1020.0,48.0,-440.0
6870,-1020.0,48.0,-440.0
6886,-976.0,84.0,-384.0
6902,-976.0,84.0,-384.0
6920,-976.0,84.0,-384.0
6936,-976.0,84.0,-384.0
6952,-976.0,84.0,-384.0
6969,-976.0,84.0,-384.0
6986,-988.0,56.0,-424.0
7003,-988.0,56.0,-424.0
7019,-988.0,56.0,-424.0
7036,-988.0,56.0,-424.0
7052,-988.0,56.0,-424.0
7070,-988.0,56.0,-424.0
7086,-1044.0,68.0,-416.0
7103,-1044.0,68.0,-416.0
7119,-1044.0,68.0,-416.0
7137,-1044.0,68.0,-416.0
7153,-1044.0,68.0,-416.0
7169,-1044.0,68.0,-416.0
7186,-1032.0,40.0,-488.0
7203,-1032.0,40.0,-488.0
7219,-1032.0,40.0,-488.0
7236,-1032.0,40.0,-488.0
7253,-1032.0,40.0,-488.0
7269,-1032.0,40.0,-488.0
7287,-900.0,128.0,-448.0
7303,-900.0,128.0,-448.0
7319,-900.0,128.0,-448.0
7336,-900.0,128.0,-448.0
7353,-900.0,128.0,-448.0
7370,-900.0,128.0,-448.0
7386,-900.0,128.0,-448.0
7403,-1028.0,108.0,-456.0
7420,-1028.0,108.0,-456.0
7436,-1028.0,108.0,-456.0
7453,-1028.0,108.0,-456.0
7470,-1028.0,108.0,-456.0
7486,-1028.0,108.0,-456.0
7502,-1024.0,208.0,-352.0
7520,-1024.0,208.0,-352.0
7537,-1024.0,208.0,-352.0
7553,-1024.0,208.0,-352.0
7570,-1024.0,208.0,-352.0
7586,-1024.0,208.0,-352.0
7603,-1180.0,180.0,-484.0
7620,-1180.0,180.0,-484.0
7636,-1180.0,180.0,-484.0
7653,-1180.0,180.0,-484.0
7670,-1180.0,180.0,-484.0
7686,-1180.0,180.0,-484.0
7703,-988.0,180.0,-324.0
7720,-988.0,180.0,-324.0
7736,-988.0,180.0,-324.0
7753,-988.0,180.0,-324.0
7769,-988.0,180.0,-324.0
7786,-988.0,180.0,-324.0
7803,-988.0,180.0,-324.0
7819,-888.0,64.0,-344.0
7837,-888.0,64.0,-344.0
7853,-888.0,64.0,-344.0
7869,-888.0,64.0,-344.0
7886,-888.0,64.0,-344.0
7902,-888.0,64.0,-344.0
7920,-916.0,-100.0,-276.0
7936,-916.0,-100.0,-276.0
7953,-916.0,-100.0,-276.0
7969,-916.0,-100.0,-276.0
7987,-916.0,-100.0,-276.0
8003,-916.0,-100.0,-276.0
8019,-876.0,-212.0,-172.0
8036,-876.0,-212.0,-172.0
8053,-876.0,-212.0,-172.0
8069,-876.0,-212.0,-172.0
8086,-876.0,-212.0,-172.0
8103,-876.0,-212.0,-172.0
8119,-1404.0,-64.0,-288.0
8137,-1404.0,-64.0,-288.0
8153,-1404.0,-64.0,-288.0
8170,-1404.0,-64.0,-288.0
8186,-1404.0,-64.0,-288.0
8204,-1404.0,-64.0,-288.0
8220,-1112.0,-108.0,-200.0
8237,-1112.0,-108.0,-200.0
8252,-1112.0,-108.0,-200.0
8269,-1112.0,-108.0,-200.0
8287,-1112.0,-108.0,-200.0
8303,-1112.0,-108.0,-200.0
8320,-1112.0,-108.0,-200.0
8336,-1040.0,-128.0,-208.0
8353,-1040.0,-128.0,-208.0
8369,-1040.0,-128.0,-208.0
8387,-1040.0,-128.0,-208.0
8403,-1040.0,-128.0,-208.0
8420,-1040.0,-128.0,-208.0
8436,-1148.0,-112.0,-320.0
8452,-1148.0,-112.0,-320.0
8470,-1148.0,-112.0,-320.0
8486,-1148.0,-112.0,-320.0
8503,-1148.0,-112.0,-320.0
8520,-1148.0,-112.0,-320.0
8536,-1068.0,-128.0,-272.0
8553,-1068.0,-128.0,-272.0
8569,-1068.0,-128.0,-272.0
8587,-1068.0,-128.0,-272.0
8603,-1068.0,-128.0,-272.0
8619,-1068.0,-128.0,-272.0
8635,-1048.0,-88.0,-232.0
8653,-1048.0,-88.0,-232.0
8669,-1048.0,-88.0,-232.0
8686,-1048.0,-88.0,-232.0
8702,-1048.0,-88.0,-232.0
8719,-1048.0,-88.0,-232.0
8736,-1048.0,-88.0,-232.0
8753,-1044.0,-104.0,-292.0
8770,-1044.0,-104.0,-292.0
8786,-1044.0,-104.0,-292.0
8803,-1044.0,-104.0,-292.0
8820,-1044.0,-104.0,-292.0
8836,-1044.0,-104.0,-292.0
8853,-1024.0,-68.0,-300.0
8876,-1024.0,-68.0,-300.0
8893,-1024.0,-68.0,-300.0
8910,-1024.0,-68.0,-300.0
8928,-1024.0,-68.0,-300.0
8944,-1024.0,-68.0,-300.0
8960,-1036.0,-8.0,-308.0
8977,-1036.0,-8.0,-308.0
8994,-1036.0,-8.0,-308.0
9011,-1036.0,-8.0,-308.0
9027,-1036.0,-8.0,-308.0
9044,-1036.0,-8.0,-308.0
9061,-980.0,52.0,-268.0
9077,-980.0,52.0,-268.0
9093,-980.0,52.0,-268.0
9110,-980.0,52.0,-268.0
9127,-980.0,52.0,-268.0
9143,-980.0,52.0,-268.0
9160,-992.0,20.0,-240.0
9177,-992.0,20.0,-240.0
9194,-992.0,20.0,-240.0
9210,-992.0,20.0,-240.0
9226,-992.0,20.0,-240.0
9243,-992.0,20.0,-240.0
9260,-1016.0,72.0,-404.0
9277,-1016.0,72.0,-404.0
9293,-1016.0,72.0,-404.0
9310,-1016.0,72.0,-404.0
9327,-1016.0,72.0,-404.0
9343,-1016.0,72.0,-404.0
9360,-1084.0,156.0,-400.0
9377,-1084.0,156.0,-400.0
9393,-1084.0,156.0,-400.0
9410,-1084.0,156.0,-400.0
9427,-1084.0,156.0,-400.0
9443,-1084.0,156.0,-400.0
9460,-1084.0,156.0,-400.0
9476,-1044.0,56.0,-384.0
9493,-1044.0,56.0,-384.0
9509,-1044.0,56.0,-384.0
9527,-1044.0,56.0,-384.0
9544,-1044.0,56.0,-384.0
9561,-1044.0,56.0,-384.0
9577,-948.0,128.0,-380.0
9594,-948.0,128.0,-380.0
9610,-948.0,128.0,-380.0
9627,-948.0,128.0,-380.0
9644,-948.0,128.0,-380.0
9660,-948.0,128.0,-380.0
9677,-1032.0,152.0,-480.0
9693,-1032.0,152.0,-480.0
9710,-1032.0,152.0,-480.0
9727,-1032.0,152.0,-480.0
9743,-1032.0,152.0,-480.0
9760,-1032.0,152.0,-480.0
9777,-836.0,204.0,-408.0
9794,-836.0,204.0,-408.0
9810,-836.0,204.0,-408.0
9826,-836.0,204.0,-408.0
9843,-836.0,204.0,-408.0
9860,-836.0,204.0,-408.0
9877,-836.0,204.0,-408.0
9893,-948.0,208.0,-388.0
9910,-948.0,208.0,-388.0
9927,-948.0,208.0,-388.0
9944,-948.0,208.0,-388.0
9960,-948.0,208.0,-388.0
9977,-948.0,208.0,-388.0
9994,-1064.0,96.0,-456.0
10011,-1064.0,96.0,-456.0
10026,-1064.0,96.0,-456.0
10044,-1064.0,96.0,-456.0
10060,-1064.0,96.0,-456.0
10076,-1064.0,96.0,-456.0
10094,-1028.0,180.0,-388.0
10110,-1028.0,180.0,-388.0
10127,-1028.0,180.0,-388.0
10143,-1028.0,180.0,-388.0
10160,-1028.0,180.0,-388.0
10177,-1028.0,180.0,-388.0
10193,-940.0,76.0,-360.0
10211,-940.0,76.0,-360.0
10227,-940.0,76.0,-360.0
10243,-940.0,76.0,-360.0
10261,-940.0,76.0,-360.0
10277,-940.0,76.0,-360.0
10293,-1020.0,56.0,-304.0
10310,-1020.0,56.0,-304.0
10327,-1020.0,56.0,-304.0
10343,-1020.0,56.0,-304.0
10360,-1020.0,56.0,-304.0
10376,-1020.0,56.0,-304.0
10393,-1020.0,56.0,-304.0
10410,-1076.0,56.0,-396.0
10427,-1076.0,56.0,-396.0
10443,-1076.0,56.0,-396.0
10460,-1076.0,56.0,-396.0
10477,-1076.0,56.0,-396.0
10493,-1076.0,56.0,-396.0
10510,-1004.0,0.0,-316.0
10527,-1004.0,0.0,-316.0
10544,-1004.0,0.0,-316.0
10560,-1004.0,0.0,-316.0
10577,-1004.0,0.0,-316.0
10594,-1004.0,0.0,-316.0
10610,-1016.0,-88.0,-388.0
10627,-1016.0,-88.0,-388.0
10644,-1016.0,-88.0,-388.0
10660,-1016.0,-88.0,-388.0
10677,-1016.0,-88.0,-388.0
10694,-1016.0,-88.0,-388.0
10710,-1000.0,-96.0,-360.0
10726,-1000.0,-96.0,-360.0
10743,-1000.0,-96.0,-360.0
10760,-1000.0,-96.0,-360.0
10777,-1000.0,-96.0,-360.0
10794,-1000.0,-96.0,-360.0
10810,-1000.0,-96.0,-360.0
10827,-980.0,-144.0,-300.0
10843,-980.0,-144.0,-300.0
10860,-980.0,-144.0,-300.0
10877,-980.0,-144.0,-300.0
10894,-980.0,-144.0,-300.0
10910,-980.0,-144.0,-300.0
10927,-1080.0,-136.0,-368.0
10944,-1080.0,-136.0,-368.0
10960,-1080.0,-136.0,-368.0
10977,-1080.0,-136.0,-368.0
10993,-1080.0,-136.0,-368.0
11011,-1080.0,-136.0,-368.0
11027,-1012.0,-52.0,-484.0
11043,-1012.0,-52.0,-484.0
11060,-1012.0,-52.0,-484.0
11077,-1012.0,-52.0,-484.0
11093,-1012.0,-52.0,-484.0
11110,-1012.0,-52.0,-484.0
11127,-1060.0,-104.0,-412.0
11144,-1060.0,-104.0,-412.0
11160,-1060.0,-104.0,-412.0
11177,-1060.0,-104.0,-412.0
11193,-1060.0,-104.0,-412.0
11211,-1060.0,-104.0,-412.0
11227,-996.0,-60.0,-376.0
11243,-996.0,-60.0,-376.0
11261,-996.0,-60.0,-376.0
11278,-996.0,-60.0,-376.0
11293,-996.0,-60.0,-376.0
11311,-996.0,-60.0,-376.0
11328,-996.0,-60.0,-376.0
11344,-1072.0,20.0,-396.0
11361,-1072.0,20.0,-396.0
11377,-1072.0,20.0,-396.0
11394,-1072.0,20.0,-396.0
11410,-1072.0,20.0,-396.0
11427,-1072.0,20.0,-396.0
11444,-984.0,36.0,-220.0
11460,-984.0,36.0,-220.0
11477,-984.0,36.0,-220.0
11494,-984.0,36.0,-220.0
11511,-984.0,36.0,-220.0
11527,-984.0,36.0,-220.0
11544,-1028.0,60.0,-260.0
11561,-1028.0,60.0,-260.0
11577,-1028.0,60.0,-260.0
11594,-1028.0,60.0,-260.0
11610,-1028.0,60.0,-260.0
11627,-1028.0,60.0,-260.0
11644,-1076.0,148.0,-256.0
11660,-1076.0,148.0,-256.0
11677,-1076.0,148.0,-256.0
11694,-1076.0,148.0,-256.0
11710,-1076.0,148.0,-256.0
11727,-1076.0,148.0,-256.0
11744,-992.0,104.0,-348.0
11761,-992.0,104.0,-348.0
11777,-992.0,104.0,-348.0
11794,-992.0,104.0,-348.0
11811,-992.0,104.0,-348.0
11827,-992.0,104.0,-348.0
11844,-992.0,104.0,-348.0
11861,-1036.0,64.0,-340.0
11878,-1036.0,64.0,-340.0
11894,-1036.0,64.0,-340.0
11911,-1036.0,64.0,-340.0
11928,-1036.0,64.0,-340.0
11943,-1036.0,64.0,-340.0
11960,-1032.0,68.0,-344.0
11978,-1032.0,68.0,-344.0
11994,-1032.0,68.0,-344.0
12011,-1032.0,68.0,-344.0
12027,-1032.0,68.0,-344.0
12044,-1032.0,68.0,-344.0
12060,-1012.0,132.0,-324.0
12077,-1012.0,132.0,-324.0
12094,-1012.0,132.0,-324.0
12110,-1012.0,132.0,-324.0
12128,-1012.0,132.0,-324.0
12144,-1012.0,132.0,-324.0
12160,-1044.0,76.0,-364.0
12177,-1044.0,76.0,-364.0
12194,-1044.0,76.0,-364.0
12211,-1044.0,76.0,-364.0
12228,-1044.0,76.0,-364.0
12244,-1044.0,76.0,-364.0
12261,-1044.0,76.0,-364.0
12277,-1036.0,124.0,-308.0
12294,-1036.0,124.0,-308.0
12310,-1036.0,124.0,-308.0
12327,-1036.0,124.0,-308.0
12344,-1036.0,124.0,-308.0
12360,-1036.0,124.0,-308.0
12378,-1040.0,124.0,-332.0
12393,-1040.0,124.0,-332.0
12411,-1040.0,124.0,-332.0
12428,-1040.0,124.0,-332.0
12443,-1040.0,124.0,-332.0
12461,-1040.0,124.0,-332.0
12477,-1032.0,76.0,-260.0
12493,-1032.0,76.0,-260.0
12511,-1032.0,76.0,-260.0
12527,-1032.0,76.0,-260.0
12543,-1032.0,76.0,-260.0
12561,-1032.0,76.0,-260.0
12577,-1032.0,-36.0,-240.0
12593,-1032.0,-36.0,-240.0
12610,-1032.0,-36.0,-240.0
12627,-1032.0,-36.0,-240.0
12643,-1032.0,-36.0,-240.0
12661,-1032.0,-36.0,-240.0
12677,-1032.0,-36.0,-240.0
12693,-1084.0,-12.0,-248.0
12710,-1084.0,-12.0,-248.0
12727,-1084.0,-12.0,-248.0
12743,-1084.0,-12.0,-248.0
12761,-1084.0,-12.0,-248.0
12777,-1084.0,-12.0,-248.0
12794,-1012.0,-36.0,-248.0
12810,-1012.0,-36.0,-248.0
12827,-1012.0,-36.0,-248.0
12844,-1012.0,-36.0,-248.0
12860,-1012.0,-36.0,-248.0
12876,-1012.0,-36.0,-248.0
12893,-1024.0,-116.0,-108.0
12910,-1024.0,-116.0,-108.0
12927,-1024.0,-116.0,-108.0
12944,-1024.0,-116.0,-108.0
12962,-1024.0,-116.0,-108.0
12981,-1024.0,-116.0,-108.0
13000,-1072.0,-164.0,-148.0
13017,-1072.0,-164.0,-148.0
13034,-1072.0,-164.0,-148.0
13051,-1072.0,-164.0,-148.0
13067,-1072.0,-164.0,-148.0
13085,-1072.0,-164.0,-148.0
13101,-1028.0,-152.0,-124.0
13118,-1028.0,-152.0,-124.0
13134,-1028.0,-152.0,-124.0
13150,-1028.0,-152.0,-124.0
13167,-1028.0,-152.0,-124.0
13184,-1028.0,-152.0,-124.0
13200,-1012.0,-116.0,-92.0
13217,-1012.0,-116.0,-92.0
13234,-1012.0,-116.0,-92.0
13250,-1012.0,-116.0,-92.0
13267,-1012.0,-116.0,-92.0
13284,-1012.0,-116.0,-92.0
13300,-1036.0,-160.0,-148.0
13317,-1036.0,-160.0,-148.0
13334,-1036.0,-160.0,-148.0
13350,-1036.0,-160.0,-148.0
13366,-1036.0,-160.0,-148.0
13384,-1036.0,-160.0,-148.0
13400,-1036.0,-160.0,-148.0
13417,-1052.0,-100.0,-200.0
13433,-1052.0,-100.0,-200.0
13450,-1052.0,-100.0,-200.0
13467,-1052.0,-100.0,-200.0
13484,-1052.0,-100.0,-200.0
13500,-1052.0,-100.0,-200.0
13517,-1052.0,-152.0,-204.0
13533,-1052.0,-152.0,-204.0
13550,-1052.0,-152.0,-204.0
13567,-1052.0,-152.0,-204.0
13584,-1052.0,-152.0,-204.0
13600,-1052.0,-152.0,-204.0
13616,-1052.0,-36.0,-236.0
13634,-1052.0,-36.0,-236.0
13651,-1052.0,-36.0,-236.0
13667,-1052.0,-36.0,-236.0
13684,-1052.0,-36.0,-236.0
13700,-1052.0,-36.0,-236.0
13717,-1032.0,8.0,-252.0
13734,-1032.0,8.0,-252.0
13750,-1032.0,8.0,-252.0
13767,-1032.0,8.0,-252.0
13784,-1032.0,8.0,-252.0
13800,-1032.0,8.0,-252.0
13817,-1032.0,8.0,-252.0
13834,-1084.0,116.0,-336.0
13851,-1084.0,116.0,-336.0
13867,-1084.0,116.0,-336.0
13883,-1084.0,116.0,-336.0
13901,-1084.0,116.0,-336.0
13917,-1084.0,116.0,-336.0
13934,-988.0,8.0,-376.0
13950,-988.0,8.0,-376.0
13966,-988.0,8.0,-376.0
13984,-988.0,8.0,-376.0
14000,-988.0,8.0,-376.0
14017,-988.0,8.0,-376.0
14034,-1044.0,-20.0,-356.0
14050,-1044.0,-20.0,-356.0
14068,-1044.0,-20.0,-356.0
14084,-1044.0,-20.0,-356.0
14101,-1044.0,-20.0,-356.0
14117,-1044.0,-20.0,-356.0
14133,-1012.0,-8.0,-364.0
14151,-1012.0,-8.0,-364.0
14167,-1012.0,-8.0,-364.0
14184,-1012.0,-8.0,-364.0
14200,-1012.0,-8.0,-364.0
14218,-1012.0,-8.0,-364.0
14234,-984.0,36.0,-384.0
14251,-984.0,36.0,-384.0
14267,-984.0,36.0,-384.0
14284,-984.0,36.0,-384.0
14301,-984.0,36.0,-384.0
14317,-984.0,36.0,-384.0
14334,-984.0,36.0,-384.0
14351,-988.0,44.0,-400.0
14367,-988.0,44.0,-400.0
14384,-988.0,44.0,-400.0
14400,-988.0,44.0,-400.0
14417,-988.0,44.0,-400.0
14433,-988.0,44.0,-400.0
14451,-1080.0,28.0,-360.0
14468,-1080.0,28.0,-360.0
14484,-1080.0,28.0,-360.0
14500,-1080.0,28.0,-360.0
14518,-1080.0,28.0,-360.0
14534,-1080.0,28.0,-360.0
14551,-972.0,108.0,-300.0
14568,-972.0,108.0,-300.0
14584,-972.0,108.0,-300.0
14600,-972.0,108.0,-300.0
14618,-972.0,108.0,-300.0
14634,-972.0,108.0,-300.0
14651,-1096.0,-12.0,-296.0
14667,-1096.0,-12.0,-296.0
14684,-1096.0,-12.0,-296.0
14700,-1096.0,-12.0,-296.0
14718,-1096.0,-12.0,-296.0
14734,-1096.0,-12.0,-296.0
14751,-1084.0,-24.0,-244.0
14767,-1084.0,-24.0,-244.0
14784,-1084.0,-24.0,-244.0
14800,-1084.0,-24.0,-244.0
14817,-1084.0,-24.0,-244.0
14834,-1084.0,-24.0,-244.0
14850,-1084.0,-24.0,-244.0
14868,-1048.0,-92.0,-152.0
14884,-1048.0,-92.0,-152.0
14900,-1048.0,-92.0,-152.0
14918,-1048.0,-92.0,-152.0
14934,-1048.0,-92.0,-152.0
14951,-1048.0,-92.0,-152.0
14968,-1028.0,-72.0,-120.0
14985,-1028.0,-72.0,-120.0
15001,-1028.0,-72.0,-120.0
15017,-1028.0,-72.0,-120.0
15034,-1028.0,-72.0,-120.0
15051,-1028.0,-72.0,-120.0
15067,-1016.0,-96.0,-84.0
15084,-1016.0,-96.0,-84.0
15101,-1016.0,-96.0,-84.0
15117,-1016.0,-96.0,-84.0
15134,-1016.0,-96.0,-84.0
15151,-1016.0,-96.0,-84.0
15167,-1040.0,-220.0,-60.0
15184,-1040.0,-220.0,-60.0
15201,-1040.0,-220.0,-60.0
15218,-1040.0,-220.0,-60.0
15233,-1040.0,-220.0,-60.0
15251,-1040.0,-220.0,-60.0
15267,-1040.0,-220.0,-60.0
15285,-1048.0,-168.0,-52.0
15301,-1048.0,-168.0,-52.0
15317,-1048.0,-168.0,-52.0
15334,-1048.0,-168.0,-52.0
15351,-1048.0,-168.0,-52.0
15368,-1048.0,-168.0,-52.0
15383,-1028.0,-220.0,-32.0
15401,-1028.0,-220.0,-32.0
15418,-1028.0,-220.0,-32.0
15434,-1028.0,-220.0,-32.0
15451,-1028.0,-220.0,-32.0
15468,-1028.0,-220.0,-32.0
15484,-1020.0,-212.0,-36.0
15501,-1020.0,-212.0,-36.0
15517,-1020.0,-212.0,-36.0
15534,-1020.0,-212.0,-36.0
15550,-1020.0,-212.0,-36.0
15567,-1020.0,-212.0,-36.0
15583,-1020.0,-184.0,-52.0
15601,-1020.0,-184.0,-52.0
15618,-1020.0,-184.0,-52.0
15634,-1020.0,-184.0,-52.0
15651,-1020.0,-184.0,-52.0
15667,-1020.0,-184.0,-52.0
15684,-1028.0,-156.0,-104.0
15700,-1028.0,-156.0,-104.0
15717,-1028.0,-156.0,-104.0
15735,-1028.0,-156.0,-104.0
15750,-1028.0,-156.0,-104.0
15767,-1028.0,-156.0,-104.0
15784,-1028.0,-156.0,-104.0
15802,-1056.0,-96.0,-168.0
15817,-1056.0,-96.0,-168.0
15833,-1056.0,-96.0,-168.0
15851,-1056.0,-96.0,-168.0
15867,-1056.0,-96.0,-168.0
15883,-1056.0,-96.0,-168.0
15901,-1020.0,-64.0,-196.0
15918,-1020.0,-64.0,-196.0
15935,-1020.0,-64.0,-196.0
15951,-1020.0,-64.0,-196.0
15968,-1020.0,-64.0,-196.0
15984,-1020.0,-64.0,-196.0
16001,-1060.0,36.0,-208.0
16017,-1060.0,36.0,-208.0
16033,-1060.0,36.0,-208.0
16050,-1060.0,36.0,-208.0
16068,-1060.0,36.0,-208.0
16084,-1060.0,36.0,-208.0
16101,-1060.0,48.0,-272.0
16117,-1060.0,48.0,-272.0
16134,-1060.0,48.0,-272.0
16152,-1060.0,48.0,-272.0
16167,-1060.0,48.0,-272.0
16185,-1060.0,48.0,-272.0
16201,-1060.0,48.0,-272.0
16218,-1012.0,16.0,-352.0
16234,-1012.0,16.0,-352.0
16250,-1012.0,16.0,-352.0
16267,-1012.0,16.0,-352.0
16285,-1012.0,16.0,-352.0
16300,-1012.0,16.0,-352.0
16318,-1032.0,100.0,-348.0
16334,-1032.0,100.0,-348.0
16352,-1032.0,100.0,-348.0
16368,-1032.0,100.0,-348.0
16384,-1032.0,100.0,-348.0
16401,-1032.0,100.0,-348.0
16417,-1016.0,132.0,-328.0
16434,-1016.0,132.0,-328.0
16450,-1016.0,132.0,-328.0
16467,-1016.0,132.0,-328.0
16485,-1016.0,132.0,-328.0
16501,-1016.0,132.0,-328.0
16517,-1036.0,116.0,-324.0
16534,-1036.0,116.0,-324.0
16551,-1036.0,116.0,-324.0
16567,-1036.0,116.0,-324.0
16585,-1036.0,116.0,-324.0
16601,-1036.0,116.0,-324.0
16618,-1024.0,140.0,-336.0
16634,-1024.0,140.0,-336.0
16651,-1024.0,140.0,-336.0
16667,-1024.0,140.0,-336.0
16684,-1024.0,140.0,-336.0
16701,-1024.0,140.0,-336.0
16718,-1024.0,140.0,-336.0
16734,-992.0,108.0,-268.0
16750,-992.0,108.0,-268.0
16768,-992.0,108.0,-268.0
16784,-992.0,108.0,-268.0
16802,-992.0,108.0,-268.0
16819,-992.0,108.0,-268.0
16838,-1140.0,24.0,-224.0
16856,-1140.0,24.0,-224.0
16874,-1140.0,24.0,-224.0
16891,-1140.0,24.0,-224.0
16908,-1140.0,24.0,-224.0
16924,-1140.0,24.0,-224.0
16941,-1040.0,-16.0,-160.0
16959,-1040.0,-16.0,-160.0
16975,-1040.0,-16.0,-160.0
16992,-1040.0,-16.0,-160.0
17008,-1040.0,-16.0,-160.0
17024,-1040.0,-16.0,-160.0
17042,-1036.0,-144.0,-112.0
17058,-1036.0,-144.0,-112.0
17075,-1036.0,-144.0,-112.0
17091,-1036.0,-144.0,-112.0
17108,-1036.0,-144.0,-112.0
17124,-1036.0,-144.0,-112.0
17141,-1012.0,-184.0,-104.0
17157,-1012.0,-184.0,-104.0
17174,-1012.0,-184.0,-104.0
17191,-1012.0,-184.0,-104.0
17208,-1012.0,-184.0,-104.0
17225,-1012.0,-184.0,-104.0
17241,-1012.0,-188.0,-124.0
17258,-1012.0,-188.0,-124.0
17274,-1012.0,-188.0,-124.0
17291,-1012.0,-188.0,-124.0
17307,-1012.0,-188.0,-124.0
17324,-1012.0,-188.0,-124.0
17341,-1012.0,-188.0,-124.0
17357,-1040.0,-180.0,-116.0
17375,-1040.0,-180.0,-116.0
17391,-1040.0,-180.0,-116.0
17408,-1040.0,-180.0,-116.0
17424,-1040.0,-180.0,-116.0
17441,-1040.0,-180.0,-116.0
17457,-1060.0,-204.0,-104.0
17474,-1060.0,-204.0,-104.0
17492,-1060.0,-204.0,-104.0
17508,-1060.0,-204.0,-104.0
17524,-1060.0,-204.0,-104.0
17541,-1060.0,-204.0,-104.0
17558,-1020.0,-184.0,-136.0
17575,-1020.0,-184.0,-136.0
17592,-1020.0,-184.0,-136.0
17608,-1020.0,-184.0,-136.0
17625,-1020.0,-184.0,-136.0
17642,-1020.0,-184.0,-136.0
17658,-988.0,-176.0,-128.0
17675,-988.0,-176.0,-128.0
17691,-988.0,-176.0,-128.0
17708,-988.0,-176.0,-128.0
17724,-988.0,-176.0,-128.0
17741,-988.0,-176.0,-128.0
17758,-1056.0,-180.0,-200.0
17774,-1056.0,-180.0,-200.0
17792,-1056.0,-180.0,-200.0
17808,-1056.0,-180.0,-200.0
17825,-1056.0,-180.0,-200.0
17841,-1056.0,-180.0,-200.0
17858,-1056.0,-180.0,-200.0
17874,-1044.0,-140.0,-228.0
17891,-1044.0,-140.0,-228.0
17908,-1044.0,-140.0,-228.0
17925,-1044.0,-140.0,-228.0
17942,-1044.0,-140.0,-228.0
17959,-1044.0,-140.0,-228.0
17975,-1056.0,-68.0,-260.0
17992,-1056.0,-68.0,-260.0
18008,-1056.0,-68.0,-260.0
18025,-1056.0,-68.0,-260.0
18042,-1056.0,-68.0,-260.0
18058,-1056.0,-68.0,-260.0
18075,-1032.0,-20.0,-292.0
18092,-1032.0,-20.0,-292.0
18108,-1032.0,-20.0,-292.0
18125,-1032.0,-20.0,-292.0
18141,-1032.0,-20.0,-292.0
18158,-1032.0,-20.0,-292.0
18174,-1076.0,40.0,-312.0
18192,-1076.0,40.0,-312.0
18208,-1076.0,40.0,-312.0
18225,-1076.0,40.0,-312.0
18241,-1076.0,40.0,-312.0
18258,-1076.0,40.0,-312.0
18275,-1076.0,40.0,-312.0
18291,-1040.0,32.0,-348.0
18309,-1040.0,32.0,-348.0
18325,-1040.0,32.0,-348.0
18341,-1040.0,32.0,-348.0
18358,-1040.0,32.0,-348.0
18375,-1040.0,32.0,-348.0
18392,-1036.0,72.0,-348.0
18409,-1036.0,72.0,-348.0
18425,-1036.0,72.0,-348.0
18441,-1036.0,72.0,-348.0
18458,-1036.0,72.0,-348.0
18475,-1036.0,72.0,-348.0
18491,-1016.0,32.0,-348.0
18509,-1016.0,32.0,-348.0
18525,-1016.0,32.0,-348.0
18542,-1016.0,32.0,-348.0
18558,-1016.0,32.0,-348.0
18575,-1016.0,32.0,-348.0
18592,-1024.0,76.0,-360.0
18608,-1024.0,76.0,-360.0
18624,-1024.0,76.0,-360.0
18641,-1024.0,76.0,-360.0
18658,-1024.0,76.0,-360.0
18675,-1024.0,76.0,-360.0
18691,-1016.0,52.0,-356.0
18709,-1016.0,52.0,-356.0
18725,-1016.0,52.0,-356.0
18742,-1016.0,52.0,-356.0
18759,-1016.0,52.0,-356.0
18775,-1016.0,52.0,-356.0
18792,-1016.0,52.0,-356.0
18808,-1000.0,92.0,-368.0
18825,-1000.0,92.0,-368.0
18841,-1000.0,92.0,-368.0
18859,-1000.0,92.0,-368.0
18875,-1000.0,92.0,-368.0
18892,-1000.0,92.0,-368.0
18909,-1008.0,156.0,-412.0
18925,-1008.0,156.0,-412.0
18942,-1008.0,156.0,-412.0
18958,-1008.0,156.0,-412.0
18975,-1008.0,156.0,-412.0
18992,-1008.0,156.0,-412.0
19008,-1020.0,148.0,-356.0
19025,-1020.0,148.0,-356.0
19041,-1020.0,148.0,-356.0
19057,-1020.0,148.0,-356.0
19075,-1020.0,148.0,-356.0
19091,-1020.0,148.0,-356.0
19108,-1024.0,204.0,-360.0
19125,-1024.0,204.0,-360.0
19142,-1024.0,204.0,-360.0
19158,-1024.0,204.0,-360.0
19176,-1024.0,204.0,-360.0
19192,-1024.0,204.0,-360.0
19208,-1024.0,204.0,-360.0
19226,-1000.0,164.0,-328.0
19242,-1000.0,164.0,-328.0
19259,-1000.0,164.0,-328.0
19275,-1000.0,164.0,-328.0
19292,-1000.0,164.0,-328.0
19308,-1000.0,164.0,-328.0
19325,-1052.0,-72.0,-200.0
19342,-1052.0,-72.0,-200.0
19358,-1052.0,-72.0,-200.0
19375,-1052.0,-72.0,-200.0
19392,-1052.0,-72.0,-200.0
19408,-1052.0,-72.0,-200.0
19425,-1096.0,60.0,-104.0
19442,-1096.0,60.0,-104.0
19458,-1096.0,60.0,-104.0
19474,-1096.0,60.0,-104.0
19491,-1096.0,60.0,-104.0
19507,-1096.0,60.0,-104.0
19525,-1084.0,-148.0,-136.0
19542,-1084.0,-148.0,-136.0
19559,-1084.0,-148.0,-136.0
19575,-1084.0,-148.0,-136.0
19591,-1084.0,-148.0,-136.0
19609,-1084.0,-148.0,-136.0
19625,-916.0,-264.0,-228.0
19642,-916.0,-264.0,-228.0
19659,-916.0,-264.0,-228.0
19675,-916.0,-264.0,-228.0
19692,-916.0,-264.0,-228.0
19708,-916.0,-264.0,-228.0
19724,-916.0,-264.0,-228.0
19742,-1028.0,-276.0,-144.0
19758,-1028.0,-276.0,-144.0
19775,-1028.0,-276.0,-144.0
19792,-1028.0,-276.0,-144.0
19808,-1028.0,-276.0,-144.0
19826,-1028.0,-276.0,-144.0
19843,-1000.0,-224.0,-116.0
19858,-1000.0,-224.0,-116.0
19875,-1000.0,-224.0,-116.0
19892,-1000.0,-224.0,-116.0
19908,-1000.0,-224.0,-116.0
19926,-1000.0,-224.0,-116.0
19943,-1016.0,-260.0,-116.0
19958,-1016.0,-260.0,-116.0
19975,-1016.0,-260.0,-116.0
19992,-1016.0,-260.0,-116.0
20009,-1016.0,-260.0,-116.0
20025,-1016.0,-260.0,-116.0
20042,-1004.0,-268.0,-104.0
20059,-1004.0,-268.0,-104.0
20076,-1004.0,-268.0,-104.0
20092,-1004.0,-268.0,-104.0
20109,-1004.0,-268.0,-104.0
20125,-1004.0,-268.0,-104.0
20142,-1004.0,-268.0,-104.0
20159,-1024.0,-296.0,-160.0
20176,-1024.0,-296.0,-160.0
20192,-1024.0,-296.0,-160.0
20209,-1024.0,-296.0,-160.0
20225,-1024.0,-296.0,-160.0
20242,-1024.0,-296.0,-160.0
20259,-1012.0,-236.0,-200.0
20275,-1012.0,-236.0,-200.0
20291,-1012.0,-236.0,-200.0
20309,-1012.0,-236.0,-200.0
20324,-1012.0,-236.0,-200.0
20342,-1012.0,-236.0,-200.0
20359,-1052.0,-136.0,-224.0
20375,-1052.0,-136.0,-224.0
20392,-1052.0,-136.0,-224.0
20408,-1052.0,-136.0,-224.0
20425,-1052.0,-136.0,-224.0
20441,-1052.0,-136.0,-224.0
20459,-1008.0,-56.0,-236.0
20476,-1008.0,-56.0,-236.0
20491,-1008.0,-56.0,-236.0
20508,-1008.0,-56.0,-236.0
20526,-1008.0,-56.0,-236.0
20542,-1008.0,-56.0,-236.0
20558,-1060.0,-68.0,-276.0
20575,-1060.0,-68.0,-276.0
20592,-1060.0,-68.0,-276.0
20609,-1060.0,-68.0,-276.0
20626,-1060.0,-68.0,-276.0
20645,-1060.0,-68.0,-276.0
20663,-1052.0,-12.0,-316.0
20682,-1052.0,-12.0,-316.0
20700,-1052.0,-12.0,-316.0
20716,-1052.0,-12.0,-316.0
20732,-1052.0,-12.0,-316.0
20750,-1052.0,-12.0,-316.0
20766,-1052.0,24.0,-368.0
20783,-1052.0,24.0,-368.0
20799,-1052.0,24.0,-368.0
20816,-1052.0,24.0,-368.0
20833,-1052.0,24.0,-368.0
20849,-1052.0,24.0,-368.0
20866,-1052.0,24.0,-368.0
20882,-1020.0,84.0,-292.0
20899,-1020.0,84.0,-292.0
20916,-1020.0,84.0,-292.0
20933,-1020.0,84.0,-292.0
20949,-1020.0,84.0,-292.0
20966,-1020.0,84.0,-292.0
20982,-1028.0,84.0,-312.0
20999,-1028.0,84.0,-312.0
21016,-1028.0,84.0,-312.0
21032,-1028.0,84.0,-312.0
21049,-1028.0,84.0,-312.0
21065,-1028.0,84.0,-312.0
21083,-1064.0,164.0,-336.0
21099,-1064.0,164.0,-336.0
21116,-1064.0,164.0,-336.0
21132,-1064.0,164.0,-336.0
21149,-1064.0,164.0,-336.0
21165,-1064.0,164.0,-336.0
21182,-1020.0,160.0,-276.0
21198,-1020.0,160.0,-276.0
21215,-1020.0,160.0,-276.0
21233,-1020.0,160.0,-276.0
21249,-1020.0,160.0,-276.0
21266,-1020.0,160.0,-276.0
21283,-1020.0,160.0,-276.0
21299,-1068.0,64.0,-224.0
21316,-1068.0,64.0,-224.0
21333,-1068.0,64.0,-224.0
21350,-1068.0,64.0,-224.0
21366,-1068.0,64.0,-224.0
21383,-1068.0,64.0,-224.0
21399,-1060.0,12.0,-172.0
21416,-1060.0,12.0,-172.0
21432,-1060.0,12.0,-172.0
21449,-1060.0,12.0,-172.0
21465,-1060.0,12.0,-172.0
21483,-1060.0,12.0,-172.0
21499,-1076.0,-64.0,-108.0
21516,-1076.0,-64.0,-108.0
21532,-1076.0,-64.0,-108.0
21549,-1076.0,-64.0,-108.0
21566,-1076.0,-64.0,-108.0
21582,-1076.0,-64.0,-108.0
21599,-1040.0,-116.0,-80.0
21616,-1040.0,-116.0,-80.0
21633,-1040.0,-116.0,-80.0
21649,-1040.0,-116.0,-80.0
21666,-1040.0,-116.0,-80.0
21682,-1040.0,-116.0,-80.0
21700,-968.0,-196.0,-28.0
21716,-968.0,-196.0,-28.0
21733,-968.0,-196.0,-28.0
21749,-968.0,-196.0,-28.0
21766,-968.0,-196.0,-28.0
21783,-968.0,-196.0,-28.0
21800,-968.0,-196.0,-28.0
21816,-1044.0,-180.0,-8.0
21833,-1044.0,-180.0,-8.0
21849,-1044.0,-180.0,-8.0
21866,-1044.0,-180.0,-8.0
21883,-1044.0,-180.0,-8.0
21899,-1044.0,-180.0,-8.0
21916,-1040.0,-144.0,-64.0
21933,-1040.0,-144.0,-64.0
21949,-1040.0,-144.0,-64.0
21966,-1040.0,-144.0,-64.0
21982,-1040.0,-144.0,-64.0
22000,-1040.0,-144.0,-64.0
22016,-1024.0,-180.0,-60.0
22033,-1024.0,-180.0,-60.0
22049,-1024.0,-180.0,-60.0
22066,-1024.0,-180.0,-60.0
22082,-1024.0,-180.0,-60.0
22100,-1024.0,-180.0,-60.0
22116,-1072.0,-196.0,-84.0
22133,-1072.0,-196.0,-84.0
22150,-1072.0,-196.0,-84.0
22166,-1072.0,-196.0,-84.0
22183,-1072.0,-196.0,-84.0
22200,-1072.0,-196.0,-84.0
22216,-1072.0,-196.0,-84.0
22233,-1052.0,-148.0,-68.0
22249,-1052.0,-148.0,-68.0
22266,-1052.0,-148.0,-68.0
22283,-1052.0,-148.0,-68.0
22300,-1052.0,-148.0,-68.0
22316,-1052.0,-148.0,-68.0
22333,-1060.0,-144.0,-140.0
22349,-1060.0,-144.0,-140.0
22366,-1060.0,-144.0,-140.0
22382,-1060.0,-144.0,-140.0
22399,-1060.0,-144.0,-140.0
22416,-1060.0,-144.0,-140.0
22433,-1024.0,-152.0,-132.0
22450,-1024.0,-152.0,-132.0
22466,-1024.0,-152.0,-132.0
22483,-1024.0,-152.0,-132.0
22500,-1024.0,-152.0,-132.0
22516,-1024.0,-152.0,-132.0
22533,-996.0,-232.0,-172.0
22549,-996.0,-232.0,-172.0
22567,-996.0,-232.0,-172.0
22583,-996.0,-232.0,-172.0
22600,-996.0,-232.0,-172.0
22616,-996.0,-232.0,-172.0
22633,-1072.0,-212.0,-188.0
22650,-1072.0,-212.0,-188.0
22667,-1072.0,-212.0,-188.0
22683,-1072.0,-212.0,-188.0
22700,-1072.0,-212.0,-188.0
22716,-1072.0,-212.0,-188.0
22733,-1072.0,-212.0,-188.0
22749,-1080.0,-56.0,-244.0
22766,-1080.0,-56.0,-244.0
22783,-1080.0,-56.0,-244.0
22799,-1080.0,-56.0,-244.0
22817,-1080.0,-56.0,-244.0
22832,-1080.0,-56.0,-244.0
22849,-1068.0,-56.0,-192.0
22866,-1068.0,-56.0,-192.0
22882,-1068.0,-56.0,-192.0
22900,-1068.0,-56.0,-192.0
22917,-1068.0,-56.0,-192.0
22933,-1068.0,-56.0,-192.0
22950,-1024.0,16.0,-252.0
22966,-1024.0,16.0,-252.0
22983,-1024.0,16.0,-252.0
22999,-1024.0,16.0,-252.0
23016,-1024.0,16.0,-252.0
23033,-1024.0,16.0,-252.0
23049,-1064.0,28.0,-296.0
23066,-1064.0,28.0,-296.0
23083,-1064.0,28.0,-296.0
23100,-1064.0,28.0,-296.0
23116,-1064.0,28.0,-296.0
23133,-1064.0,28.0,-296.0
23150,-1020.0,136.0,-212.0
23166,-1020.0,136.0,-212.0
23183,-1020.0,136.0,-212.0
23199,-1020.0,136.0,-212.0
23216,-1020.0,136.0,-212.0
23232,-1020.0,136.0,-212.0
23250,-1020.0,136.0,-212.0
23266,-1048.0,92.0,-252.0
23282,-1048.0,92.0,-252.0
23299,-1048.0,92.0,-252.0
23317,-1048.0,92.0,-252.0
23333,-1048.0,92.0,-252.0
23349,-1048.0,92.0,-252.0
23366,-988.0,72.0,-276.0
23383,-988.0,72.0,-276.0
23400,-988.0,72.0,-276.0
23416,-988.0,72.0,-276.0
23432,-988.0,72.0,-276.0
23450,-988.0,72.0,-276.0
23466,-1060.0,-36.0,-408.0
23483,-1060.0,-36.0,-408.0
23500,-1060.0,-36.0,-408.0
23516,-1060.0,-36.0,-408.0
23533,-1060.0,-36.0,-408.0
23549,-1060.0,-36.0,-408.0
23566,-1064.0,12.0,-308.0
23583,-1064.0,12.0,-308.0
23600,-1064.0,12.0,-308.0
23616,-1064.0,12.0,-308.0
23633,-1064.0,12.0,-308.0
23649,-1064.0,12.0,-308.0
23666,-1064.0,12.0,-308.0
23684,-1096.0,-64.0,-320.0
23699,-1096.0,-64.0,-320.0
23717,-1096.0,-64.0,-320.0
23733,-1096.0,-64.0,-320.0
23750,-1096.0,-64.0,-320.0
23767,-1096.0,-64.0,-320.0
23784,-1036.0,-16.0,-116.0
23799,-1036.0,-16.0,-116.0
23817,-1036.0,-16.0,-116.0
23833,-1036.0,-16.0,-116.0
23850,-1036.0,-16.0,-116.0
23867,-1036.0,-16.0,-116.0
23883,-1028.0,-112.0,-252.0
23900,-1028.0,-112.0,-252.0
23917,-1028.0,-112.0,-252.0
23933,-1028.0,-112.0,-252.0
23949,-1028.0,-112.0,-252.0
23966,-1028.0,-112.0,-252.0
23984,-1036.0,-96.0,-88.0
23999,-1036.0,-96.0,-88.0
24016,-1036.0,-96.0,-88.0
24032,-1036.0,-96.0,-88.0
24050,-1036.0,-96.0,-88.0
24067,-1036.0,-96.0,-88.0
24083,-1020.0,-252.0,-304.0
24100,-1020.0,-252.0,-304.0
24117,-1020.0,-252.0,-304.0
24133,-1020.0,-252.0,-304.0
24149,-1020.0,-252.0,-304.0
24167,-1020.0,-252.0,-304.0
24184,-1020.0,-252.0,-304.0
24202,-1020.0,-176.0,-164.0
24221,-1020.0,-176.0,-164.0
24239,-1020.0,-176.0,-164.0
24257,-1020.0,-176.0,-164.0
24274,-1020.0,-176.0,-164.0
24290,-1020.0,-176.0,-164.0
24306,-1024.0,-240.0,-172.0
24323,-1024.0,-240.0,-172.0
24341,-1024.0,-240.0,-172.0
24356,-1024.0,-240.0,-172.0
24374,-1024.0,-240.0,-172.0
24390,-1024.0,-240.0,-172.0
24407,-1012.0,-164.0,-184.0
24424,-1012.0,-164.0,-184.0
24440,-1012.0,-164.0,-184.0
24456,-1012.0,-164.0,-184.0
24474,-1012.0,-164.0,-184.0
24490,-1012.0,-164.0,-184.0
24507,-1028.0,-128.0,-180.0
24524,-1028.0,-128.0,-180.0
24540,-1028.0,-128.0,-180.0
24557,-1028.0,-128.0,-180.0
24573,-1028.0,-128.0,-180.0
24590,-1028.0,-128.0,-180.0
24606,-1032.0,-132.0,-236.0
24624,-1032.0,-132.0,-236.0
24640,-1032.0,-132.0,-236.0
24657,-1032.0,-132.0,-236.0
24674,-1032.0,-132.0,-236.0
24690,-1032.0,-132.0,-236.0
24707,-1012.0,-32.0,-204.0
24724,-1012.0,-32.0,-204.0
24740,-1012.0,-32.0,-204.0
24757,-1012.0,-32.0,-204.0
24773,-1012.0,-32.0,-204.0
24790,-1012.0,-32.0,-204.0
24807,-1012.0,-32.0,-204.0
24823,-1140.0,-40.0,-276.0
24841,-1140.0,-40.0,-276.0
24856,-1140.0,-40.0,-276.0
24873,-1140.0,-40.0,-276.0
24891,-1140.0,-40.0,-276.0
24907,-1140.0,-40.0,-276.0
24924,-1048.0,80.0,-252.0
24940,-1048.0,80.0,-252.0
24957,-1048.0,80.0,-252.0
24973,-1048.0,80.0,-252.0
24991,-1048.0,80.0,-252.0
25007,-1048.0,80.0,-252.0
25023,-1032.0,80.0,-212.0
25041,-1032.0,80.0,-212.0
25057,-1032.0,80.0,-212.0
25073,-1032.0,80.0,-212.0
25090,-1032.0,80.0,-212.0
25107,-1032.0,80.0,-212.0
25124,-1076.0,44.0,-220.0
25141,-1076.0,44.0,-220.0
25157,-1076.0,44.0,-220.0
25174,-1076.0,44.0,-220.0
25190,-1076.0,44.0,-220.0
25207,-1076.0,44.0,-220.0
25224,-1040.0,-24.0,-204.0
25240,-1040.0,-24.0,-204.0
25257,-1040.0,-24.0,-204.0
25274,-1040.0,-24.0,-204.0
25290,-1040.0,-24.0,-204.0
25307,-1040.0,-24.0,-204.0
25323,-1040.0,-24.0,-204.0
25341,-1060.0,12.0,-188.0
25357,-1060.0,12.0,-188.0
25374,-1060.0,12.0,-188.0
25389,-1060.0,12.0,-188.0
25407,-1060.0,12.0,-188.0
25423,-1060.0,12.0,-188.0
25440,-1048.0,-32.0,-188.0
25457,-1048.0,-32.0,-188.0
25473,-1048.0,-32.0,-188.0
25491,-1048.0,-32.0,-188.0
25507,-1048.0,-32.0,-188.0
25524,-1048.0,-32.0,-188.0
25540,-1036.0,-20.0,-180.0
25557,-1036.0,-20.0,-180.0
25574,-1036.0,-20.0,-180.0
25590,-1036.0,-20.0,-180.0
25607,-1036.0,-20.0,-180.0
25624,-1036.0,-20.0,-180.0
25640,-1076.0,-8.0,-180.0
25657,-1076.0,-8.0,-180.0
25673,-1076.0,-8.0,-180.0
25690,-1076.0,-8.0,-180.0
25708,-1076.0,-8.0,-180.0
25724,-1076.0,-8.0,-180.0
25740,-1076.0,-8.0,-180.0
25757,-1048.0,48.0,-176.0
25774,-1048.0,48.0,-176.0
25790,-1048.0,48.0,-176.0
25807,-1048.0,48.0,-176.0
25823,-1048.0,48.0,-176.0
25840,-1048.0,48.0,-176.0
25857,-1048.0,52.0,-184.0
25874,-1048.0,52.0,-184.0
25891,-1048.0,52.0,-184.0
25907,-1048.0,52.0,-184.0
25924,-1048.0,52.0,-184.0
25940,-1048.0,52.0,-184.0
25957,-1060.0,36.0,-176.0
25973,-1060.0,36.0,-176.0
25991,-1060.0,36.0,-176.0
26007,-1060.0,36.0,-176.0
26024,-1060.0,36.0,-176.0
26041,-1060.0,36.0,-176.0
26057,-1048.0,72.0,-212.0
26074,-1048.0,72.0,-212.0
26090,-1048.0,72.0,-212.0
26107,-1048.0,72.0,-212.0
26124,-1048.0,72.0,-212.0
26140,-1048.0,72.0,-212.0
26158,-1076.0,60.0,-180.0
26174,-1076.0,60.0,-180.0
26190,-1076.0,60.0,-180.0
26207,-1076.0,60.0,-180.0
26223,-1076.0,60.0,-180.0
26241,-1076.0,60.0,-180.0
26257,-1076.0,60.0,-180.0
26274,-1040.0,40.0,-168.0
26291,-1040.0,40.0,-168.0
26307,-1040.0,40.0,-168.0
26324,-1040.0,40.0,-168.0
26340,-1040.0,40.0,-168.0
26357,-1040.0,40.0,-168.0
26374,-1048.0,-16.0,-168.0
26391,-1048.0,-16.0,-168.0
26407,-1048.0,-16.0,-168.0
26424,-1048.0,-16.0,-168.0
26441,-1048.0,-16.0,-168.0
26457,-1048.0,-16.0,-168.0
26474,-1044.0,-64.0,-108.0
26491,-1044.0,-64.0,-108.0
26507,-1044.0,-64.0,-108.0
26524,-1044.0,-64.0,-108.0
26540,-1044.0,-64.0,-108.0
26557,-1044.0,-64.0,-108.0
26574,-1032.0,-104.0,-116.0
26590,-1032.0,-104.0,-116.0
26608,-1032.0,-104.0,-116.0
26624,-1032.0,-104.0,-116.0
26641,-1032.0,-104.0,-116.0
26657,-1032.0,-104.0,-116.0
26674,-1032.0,-104.0,-116.0
26691,-1036.0,-120.0,-116.0
26708,-1036.0,-120.0,-116.0
26724,-1036.0,-120.0,-116.0
26741,-1036.0,-120.0,-116.0
26757,-1036.0,-120.0,-116.0
26774,-1036.0,-120.0,-116.0
26791,-1056.0,-124.0,-176.0
26807,-1056.0,-124.0,-176.0
26824,-1056.0,-124.0,-176.0
26841,-1056.0,-124.0,-176.0
26857,-1056.0,-124.0,-176.0
26875,-1056.0,-124.0,-176.0
26891,-1068.0,-80.0,-184.0
26908,-1068.0,-80.0,-184.0
26924,-1068.0,-80.0,-184.0
26940,-1068.0,-80.0,-184.0
26957,-1068.0,-80.0,-184.0
26973,-1068.0,-80.0,-184.0
26991,-1024.0,-100.0,-176.0
27007,-1024.0,-100.0,-176.0
27025,-1024.0,-100.0,-176.0
27040,-1024.0,-100.0,-176.0
27058,-1024.0,-100.0,-176.0
27074,-1024.0,-100.0,-176.0
27090,-1024.0,-100.0,-176.0
27107,-1048.0,-120.0,-212.0
27124,-1048.0,-120.0,-212.0
27141,-1048.0,-120.0,-212.0
27158,-1048.0,-120.0,-212.0
27174,-1048.0,-120.0,-212.0
27191,-1048.0,-120.0,-212.0
27208,-1044.0,-120.0,-208.0
27224,-1044.0,-120.0,-208.0
27241,-1044.0,-120.0,-208.0
27257,-1044.0,-120.0,-208.0
27273,-1044.0,-120.0,-208.0
27291,-1044.0,-120.0,-208.0
27308,-1028.0,-136.0,-240.0
27324,-1028.0,-136.0,-240.0
27341,-1028.0,-136.0,-240.0
27357,-1028.0,-136.0,-240.0
27374,-1028.0,-136.0,-240.0
27391,-1028.0,-136.0,-240.0
27408,-1052.0,-172.0,-260.0
27425,-1052.0,-172.0,-260.0
27441,-1052.0,-172.0,-260.0
27458,-1052.0,-172.0,-260.0
27474,-1052.0,-172.0,-260.0
27491,-1052.0,-172.0,-260.0
27508,-1040.0,-176.0,-260.0
27524,-1040.0,-176.0,-260.0
27541,-1040.0,-176.0,-260.0
27557,-1040.0,-176.0,-260.0
27574,-1040.0,-176.0,-260.0
27591,-1040.0,-176.0,-260.0
27607,-1040.0,-176.0,-260.0
27624,-1032.0,-152.0,-244.0
27640,-1032.0,-152.0,-244.0
27658,-1032.0,-152.0,-244.0
27674,-1032.0,-152.0,-244.0
27690,-1032.0,-152.0,-244.0
27708,-1032.0,-152.0,-244.0
27724,-1056.0,-92.0,-248.0
27741,-1056.0,-92.0,-248.0
27758,-1056.0,-92.0,-248.0
27774,-1056.0,-92.0,-248.0
27791,-1056.0,-92.0,-248.0
27807,-1056.0,-92.0,-248.0
27824,-1036.0,-40.0,-200.0
27841,-1036.0,-40.0,-200.0
27857,-1036.0,-40.0,-200.0
27875,-1036.0,-40.0,-200.0
27891,-1036.0,-40.0,-200.0
27907,-1036.0,-40.0,-200.0
27924,-1120.0,8.0,-224.0
27941,-1120.0,8.0,-224.0
27958,-1120.0,8.0,-224.0
27974,-1120.0,8.0,-224.0
27991,-1120.0,8.0,-224.0
28008,-1120.0,8.0,-224.0
28024,-1020.0,56.0,-184.0
28040,-1020.0,56.0,-184.0
28058,-1020.0,56.0,-184.0
28074,-1020.0,56.0,-184.0
28091,-1020.0,56.0,-184.0
28108,-1020.0,56.0,-184.0
28124,-1020.0,56.0,-184.0
28141,-1072.0,32.0,-248.0
28157,-1072.0,32.0,-248.0
28174,-1072.0,32.0,-248.0
28193,-1072.0,32.0,-248.0
28212,-1072.0,32.0,-248.0
28230,-1072.0,32.0,-248.0
28248,-1020.0,76.0,-220.0
28264,-1020.0,76.0,-220.0
28281,-1020.0,76.0,-220.0
28298,-1020.0,76.0,-220.0
28315,-1020.0,76.0,-220.0
28331,-1020.0,76.0,-220.0
28348,-1060.0,76.0,-216.0
28365,-1060.0,76.0,-216.0
28381,-1060.0,76.0,-216.0
28398,-1060.0,76.0,-216.0
28414,-1060.0,76.0,-216.0
28431,-1060.0,76.0,-216.0
28447,-1060.0,132.0,-232.0
28465,-1060.0,132.0,-232.0
28480,-1060.0,132.0,-232.0
28498,-1060.0,132.0,-232.0
28515,-1060.0,132.0,-232.0
28531,-1060.0,132.0,-232.0
28547,-1036.0,112.0,-196.0
28564,-1036.0,112.0,-196.0
28581,-1036.0,112.0,-196.0
28598,-1036.0,112.0,-196.0
28614,-1036.0,112.0,-196.0
28631,-1036.0,112.0,-196.0
28647,-1060.0,96.0,-208.0
28664,-1060.0,96.0,-208.0
28681,-1060.0,96.0,-208.0
28697,-1060.0,96.0,-208.0
28714,-1060.0,96.0,-208.0
28731,-1060.0,96.0,-208.0
28747,-1060.0,96.0,-208.0
28765,-1076.0,-100.0,-164.0
28780,-1076.0,-100.0,-164.0
28798,-1076.0,-100.0,-164.0
28814,-1076.0,-100.0,-164.0
28831,-1076.0,-100.0,-164.0
28847,-1076.0,-100.0,-164.0
28864,-1036.0,-64.0,-156.0
28880,-1036.0,-64.0,-156.0
28898,-1036.0,-64.0,-156.0
28915,-1036.0,-64.0,-156.0
28931,-1036.0,-64.0,-156.0
28948,-1036.0,-64.0,-156.0
28965,-1036.0,-84.0,-132.0
28981,-1036.0,-84.0,-132.0
28997,-1036.0,-84.0,-132.0
29014,-1036.0,-84.0,-132.0
29031,-1036.0,-84.0,-132.0
29048,-1036.0,-84.0,-132.0
29064,-1044.0,-52.0,-144.0
29081,-1044.0,-52.0,-144.0
29098,-1044.0,-52.0,-144.0
29114,-1044.0,-52.0,-144.0
29131,-1044.0,-52.0,-144.0
29148,-1044.0,-52.0,-144.0
29164,-1044.0,-52.0,-144.0
29181,-1028.0,-148.0,-136.0
29197,-1028.0,-148.0,-136.0
29215,-1028.0,-148.0,-136.0
29231,-1028.0,-148.0,-136.0
29247,-1028.0,-148.0,-136.0
29265,-1028.0,-148.0,-136.0
29281,-1044.0,-204.0,-152.0
29298,-1044.0,-204.0,-152.0
29314,-1044.0,-204.0,-152.0
29331,-1044.0,-204.0,-152.0
29348,-1044.0,-204.0,-152.0
29364,-1044.0,-204.0,-152.0
29381,-1020.0,-196.0,-148.0
29398,-1020.0,-196.0,-148.0
29415,-1020.0,-196.0,-148.0
29431,-1020.0,-196.0,-148.0
29448,-1020.0,-196.0,-148.0
29464,-1020.0,-196.0,-148.0
29481,-1052.0,-192.0,-212.0
29498,-1052.0,-192.0,-212.0
29514,-1052.0,-192.0,-212.0
29532,-1052.0,-192.0,-212.0
29548,-1052.0,-192.0,-212.0
29565,-1052.0,-192.0,-212.0
29581,-944.0,-268.0,-192.0
29598,-944.0,-268.0,-192.0
29614,-944.0,-268.0,-192.0
29631,-944.0,-268.0,-192.0
29648,-944.0,-268.0,-192.0
29665,-944.0,-268.0,-192.0
29682,-944.0,-268.0,-192.0
29698,-1028.0,16.0,-264.0
29714,-1028.0,16.0,-264.0
29731,-1028.0,16.0,-264.0
29748,-1028.0,16.0,-264.0
29764,-1028.0,16.0,-264.0
29781,-1028.0,16.0,-264.0
29798,-1008.0,84.0,-320.0
29815,-1008.0,84.0,-320.0
29831,-1008.0,84.0,-320.0
29848,-1008.0,84.0,-320.0
29865,-1008.0,84.0,-320.0
29880,-1008.0,84.0,-320.0
29899,-980.0,108.0,-364.0
29915,-980.0,108.0,-364.0
29931,-980.0,108.0,-364.0
29948,-980.0,108.0,-364.0
29964,-980.0,108.0,-364.0
29981,-980.0,108.0,-364.0
29998,-1020.0,132.0,-416.0
30015,-1020.0,132.0,-416.0
30031,-1020.0,132.0,-416.0
30049,-1020.0,132.0,-416.0
30064,-1020.0,132.0,-416.0
30081,-1020.0,132.0,-416.0
30098,-992.0,164.0,-404.0
30115,-992.0,164.0,-404.0
30132,-992.0,164.0,-404.0
30148,-992.0,164.0,-404.0
30165,-992.0,164.0,-404.0
30182,-992.0,164.0,-404.0
30198,-992.0,164.0,-404.0
30215,-1020.0,136.0,-360.0
30231,-1020.0,136.0,-360.0
30248,-1020.0,136.0,-360.0
30265,-1020.0,136.0,-360.0
30282,-1020.0,136.0,-360.0
30298,-1020.0,136.0,-360.0
30315,-1008.0,96.0,-372.0
30331,-1008.0,96.0,-372.0
30348,-1008.0,96.0,-372.0
30364,-1008.0,96.0,-372.0
30381,-1008.0,96.0,-372.0
30398,-1008.0,96.0,-372.0
30415,-1032.0,80.0,-340.0
30432,-1032.0,80.0,-340.0
30448,-1032.0,80.0,-340.0
30464,-1032.0,80.0,-340.0
30481,-1032.0,80.0,-340.0
30498,-1032.0,80.0,-340.0
30515,-1044.0,40.0,-256.0
30532,-1044.0,40.0,-256.0
30549,-1044.0,40.0,-256.0
30565,-1044.0,40.0,-256.0
30581,-1044.0,40.0,-256.0
30598,-1044.0,40.0,-256.0
30615,-1044.0,40.0,-256.0
30632,-1032.0,-24.0,-228.0
30648,-1032.0,-24.0,-228.0
30665,-1032.0,-24.0,-228.0
30681,-1032.0,-24.0,-228.0
30698,-1032.0,-24.0,-228.0
30715,-1032.0,-24.0,-228.0
30732,-1044.0,4.0,-168.0
30749,-1044.0,4.0,-168.0
30765,-1044.0,4.0,-168.0
30782,-1044.0,4.0,-168.0
30798,-1044.0,4.0,-168.0
30815,-1044.0,4.0,-168.0
30831,-1076.0,24.0,-212.0
30848,-1076.0,24.0,-212.0
30864,-1076.0,24.0,-212.0
30881,-1076.0,24.0,-212.0
30897,-1076.0,24.0,-212.0
30915,-1076.0,24.0,-212.0
30932,-1052.0,28.0,-76.0
30949,-1052.0,28.0,-76.0
30965,-1052.0,28.0,-76.0
30982,-1052.0,28.0,-76.0
30999,-1052.0,28.0,-76.0
31015,-1052.0,28.0,-76.0
31031,-1016.0,-24.0,-212.0
31048,-1016.0,-24.0,-212.0
31065,-1016.0,-24.0,-212.0
31081,-1016.0,-24.0,-212.0
31098,-1016.0,-24.0,-212.0
31114,-1016.0,-24.0,-212.0
31132,-1016.0,-24.0,-212.0
31148,-1084.0,40.0,-192.0
31166,-1084.0,40.0,-192.0
31182,-1084.0,40.0,-192.0
31198,-1084.0,40.0,-192.0
31214,-1084.0,40.0,-192.0
31231,-1084.0,40.0,-192.0
31247,-1048.0,40.0,-144.0
31265,-1048.0,40.0,-144.0
31281,-1048.0,40.0,-144.0
31299,-1048.0,40.0,-144.0
31315,-1048.0,40.0,-144.0
31332,-1048.0,40.0,-144.0
31348,-1072.0,36.0,-184.0
31365,-1072.0,36.0,-184.0
31381,-1072.0,36.0,-184.0
31398,-1072.0,36.0,-184.0
31414,-1072.0,36.0,-184.0
31432,-1072.0,36.0,-184.0
31449,-1032.0,-8.0,-188.0
31465,-1032.0,-8.0,-188.0
31481,-1032.0,-8.0,-188.0
31498,-1032.0,-8.0,-188.0
31515,-1032.0,-8.0,-188.0
31532,-1032.0,-8.0,-188.0
31549,-1036.0,-32.0,-212.0
31565,-1036.0,-32.0,-212.0
31582,-1036.0,-32.0,-212.0
31598,-1036.0,-32.0,-212.0
31615,-1036.0,-32.0,-212.0
31632,-1036.0,-32.0,-212.0
31648,-1036.0,-32.0,-212.0
31665,-1032.0,-16.0,-236.0
31682,-1032.0,-16.0,-236.0
31699,-1032.0,-16.0,-236.0
31715,-1032.0,-16.0,-236.0
31732,-1032.0,-16.0,-236.0
31749,-1032.0,-16.0,-236.0
31765,-1040.0,-20.0,-284.0
31782,-1040.0,-20.0,-284.0
31798,-1040.0,-20.0,-284.0
31814,-1040.0,-20.0,-284.0
31831,-1040.0,-20.0,-284.0
31847,-1040.0,-20.0,-284.0
31865,-996.0,-56.0,-328.0
31882,-996.0,-56.0,-328.0
31898,-996.0,-56.0,-328.0
31915,-996.0,-56.0,-328.0
31932,-996.0,-56.0,-328.0
31949,-996.0,-56.0,-328.0
31965,-968.0,4.0,-336.0
31982,-968.0,4.0,-336.0
31998,-968.0,4.0,-336.0
32014,-968.0,4.0,-336.0
32032,-968.0,4.0,-336.0
32051,-968.0,4.0,-336.0
32069,-1088.0,8.0,-248.0
32088,-1088.0,8.0,-248.0
32105,-1088.0,8.0,-248.0
32122,-1088.0,8.0,-248.0
32139,-1088.0,8.0,-248.0
32156,-1088.0,8.0,-248.0
32172,-1124.0,76.0,-380.0
32189,-1124.0,76.0,-380.0
32205,-1124.0,76.0,-380.0
32222,-1124.0,76.0,-380.0
32238,-1124.0,76.0,-380.0
32255,-1124.0,76.0,-380.0
32271,-1124.0,76.0,-380.0
32289,-1076.0,188.0,-352.0
32305,-1076.0,188.0,-352.0
32322,-1076.0,188.0,-352.0
32338,-1076.0,188.0,-352.0
32355,-1076.0,188.0,-352.0
32371,-1076.0,188.0,-352.0
32388,-992.0,212.0,-340.0
32405,-992.0,212.0,-340.0
32422,-992.0,212.0,-340.0
32438,-992.0,212.0,-340.0
32455,-992.0,212.0,-340.0
32471,-992.0,212.0,-340.0
32489,-1028.0,228.0,-328.0
32504,-1028.0,228.0,-328.0
32522,-1028.0,228.0,-328.0
32539,-1028.0,228.0,-328.0
32555,-1028.0,228.0,-328.0
32572,-1028.0,228.0,-328.0
32588,-1052.0,32.0,-312.0
32605,-1052.0,32.0,-312.0
32621,-1052.0,32.0,-312.0
32638,-1052.0,32.0,-312.0
32655,-1052.0,32.0,-312.0
32672,-1052.0,32.0,-312.0
32688,-1052.0,32.0,-312.0
32704,-1088.0,-4.0,-220.0
32722,-1088.0,-4.0,-220.0
32738,-1088.0,-4.0,-220.0
32756,-1088.0,-4.0,-220.0
32772,-1088.0,-4.0,-220.0
32789,-1088.0,-4.0,-220.0
32805,-972.0,-8.0,-248.0
32822,-972.0,-8.0,-248.0
32838,-972.0,-8.0,-248.0
32855,-972.0,-8.0,-248.0
32872,-972.0,-8.0,-248.0
32889,-972.0,-8.0,-248.0
32905,-1044.0,-80.0,-220.0
32922,-1044.0,-80.0,-220.0
32939,-1044.0,-80.0,-220.0
32955,-1044.0,-80.0,-220.0
32972,-1044.0,-80.0,-220.0
32989,-1044.0,-80.0,-220.0
33006,-988.0,-76.0,-192.0
33022,-988.0,-76.0,-192.0
33039,-988.0,-76.0,-192.0
33055,-988.0,-76.0,-192.0
33071,-988.0,-76.0,-192.0
33088,-988.0,-76.0,-192.0
33105,-1092.0,-80.0,-228.0
33122,-1092.0,-80.0,-228.0
33139,-1092.0,-80.0,-228.0
33155,-1092.0,-80.0,-228.0
33172,-1092.0,-80.0,-228.0
33189,-1092.0,-80.0,-228.0
33206,-1092.0,-80.0,-228.0
33222,-1028.0,-92.0,-204.0
33238,-1028.0,-92.0,-204.0
33255,-1028.0,-92.0,-204.0
33272,-1028.0,-92.0,-204.0
33289,-1028.0,-92.0,-204.0
33306,-1028.0,-92.0,-204.0
33322,-1044.0,-176.0,-224.0
33339,-1044.0,-176.0,-224.0
33356,-1044.0,-176.0,-224.0
33372,-1044.0,-176.0,-224.0
33389,-1044.0,-176.0,-224.0
33405,-1044.0,-176.0,-224.0
33422,-992.0,-164.0,-260.0
33438,-992.0,-164.0,-260.0
33456,-992.0,-164.0,-260.0
33472,-992.0,-164.0,-260.0
33488,-992.0,-164.0,-260.0
33505,-992.0,-164.0,-260.0
33522,-1044.0,-68.0,-272.0
33539,-1044.0,-68.0,-272.0
33556,-1044.0,-68.0,-272.0
33573,-1044.0,-68.0,-272.0
33589,-1044.0,-68.0,-272.0
33606,-1044.0,-68.0,-272.0
33622,-1060.0,-4.0,-232.0
33639,-1060.0,-4.0,-232.0
33656,-1060.0,-4.0,-232.0
33672,-1060.0,-4.0,-232.0
33689,-1060.0,-4.0,-232.0
33705,-1060.0,-4.0,-232.0
33722,-1060.0,-4.0,-232.0
33739,-1036.0,-68.0,-228.0
33755,-1036.0,-68.0,-228.0
33773,-1036.0,-68.0,-228.0
33789,-1036.0,-68.0,-228.0
33805,-1036.0,-68.0,-228.0
33822,-1036.0,-68.0,-228.0
33839,-1056.0,-44.0,-236.0
33855,-1056.0,-44.0,-236.0
33872,-1056.0,-44.0,-236.0
33890,-1056.0,-44.0,-236.0
33906,-1056.0,-44.0,-236.0
33923,-1056.0,-44.0,-236.0
33939,-1032.0,-12.0,-228.0
33956,-1032.0,-12.0,-228.0
33972,-1032.0,-12.0,-228.0
33988,-1032.0,-12.0,-228.0
34006,-1032.0,-12.0,-228.0
34022,-1032.0,-12.0,-228.0
34039,-1032.0,-88.0,-240.0
34056,-1032.0,-88.0,-240.0
34072,-1032.0,-88.0,-240.0
34089,-1032.0,-88.0,-240.0
34106,-1032.0,-88.0,-240.0
34123,-1032.0,-88.0,-240.0
34139,-1032.0,-36.0,-236.0
34156,-1032.0,-36.0,-236.0
34172,-1032.0,-36.0,-236.0
34189,-1032.0,-36.0,-236.0
34205,-1032.0,-36.0,-236.0
34222,-1032.0,-36.0,-236.0
34238,-1032.0,-36.0,-236.0
34256,-1028.0,-84.0,-252.0
34273,-1028.0,-84.0,-252.0
34289,-1028.0,-84.0,-252.0
34306,-1028.0,-84.0,-252.0
34322,-1028.0,-84.0,-252.0
34339,-1028.0,-84.0,-252.0
34356,-1052.0,-96.0,-268.0
34373,-1052.0,-96.0,-268.0
34389,-1052.0,-96.0,-268.0
34406,-1052.0,-96.0,-268.0
34422,-1052.0,-96.0,-268.0
34438,-1052.0,-96.0,-268.0
34456,-1040.0,-96.0,-288.0
34472,-1040.0,-96.0,-288.0
34489,-1040.0,-96.0,-288.0
34506,-1040.0,-96.0,-288.0
34522,-1040.0,-96.0,-288.0
34539,-1040.0,-96.0,-288.0
34556,-1004.0,-68.0,-292.0
34572,-1004.0,-68.0,-292.0
34589,-1004.0,-68.0,-292.0
34606,-1004.0,-68.0,-292.0
34622,-1004.0,-68.0,-292.0
34640,-1004.0,-68.0,-292.0
34656,-1004.0,-68.0,-292.0
34672,-1052.0,-40.0,-312.0
34689,-1052.0,-40.0,-312.0
34706,-1052.0,-40.0,-312.0
34722,-1052.0,-40.0,-312.0
34738,-1052.0,-40.0,-312.0
34756,-1052.0,-40.0,-312.0
34773,-1036.0,-72.0,-284.0
34790,-1036.0,-72.0,-284.0
34806,-1036.0,-72.0,-284.0
34823,-1036.0,-72.0,-284.0
34839,-1036.0,-72.0,-284.0
34855,-1036.0,-72.0,-284.0
34873,-1016.0,-20.0,-292.0
34889,-1016.0,-20.0,-292.0
34906,-1016.0,-20.0,-292.0
34922,-1016.0,-20.0,-292.0
34940,-1016.0,-20.0,-292.0
34956,-1016.0,-20.0,-292.0
34972,-1024.0,-44.0,-296.0
34989,-1024.0,-44.0,-296.0
35005,-1024.0,-44.0,-296.0
35022,-1024.0,-44.0,-296.0
35038,-1024.0,-44.0,-296.0
35056,-1024.0,-44.0,-296.0
35072,-1024.0,-44.0,-296.0
35089,-1044.0,-52.0,-276.0
35106,-1044.0,-52.0,-276.0
35123,-1044.0,-52.0,-276.0
35139,-1044.0,-52.0,-276.0
35156,-1044.0,-52.0,-276.0
35172,-1044.0,-52.0,-276.0
35189,-1040.0,-44.0,-324.0
35206,-1040.0,-44.0,-324.0
35223,-1040.0,-44.0,-324.0
35239,-1040.0,-44.0,-324.0
35256,-1040.0,-44.0,-324.0
35273,-1040.0,-44.0,-324.0
35289,-1056.0,-80.0,-292.0
35306,-1056.0,-80.0,-292.0
35323,-1056.0,-80.0,-292.0
35339,-1056.0,-80.0,-292.0
35356,-1056.0,-80.0,-292.0
35373,-1056.0,-80.0,-292.0
35389,-1000.0,-36.0,-228.0
35406,-1000.0,-36.0,-228.0
35423,-1000.0,-36.0,-228.0
35439,-1000.0,-36.0,-228.0
35455,-1000.0,-36.0,-228.0
35472,-1000.0,-36.0,-228.0
35488,-1056.0,-40.0,-276.0
35506,-1056.0,-40.0,-276.0
35523,-1056.0,-40.0,-276.0
35539,-1056.0,-40.0,-276.0
35557,-1056.0,-40.0,-276.0
35574,-1056.0,-40.0,-276.0
35588,-1056.0,-40.0,-276.0
35606,-1004.0,-36.0,-288.0
35623,-1004.0,-36.0,-288.0
35639,-1004.0,-36.0,-288.0
35655,-1004.0,-36.0,-288.0
35673,-1004.0,-36.0,-288.0
35689,-1004.0,-36.0,-288.0
35705,-1044.0,-40.0,-292.0
35722,-1044.0,-40.0,-292.0
35738,-1044.0,-40.0,-292.0
35756,-1044.0,-40.0,-292.0
35772,-1044.0,-40.0,-292.0
35790,-1044.0,-40.0,-292.0
35808,-1036.0,36.0,-284.0
35827,-1036.0,36.0,-284.0
35846,-1036.0,36.0,-284.0
35862,-1036.0,36.0,-284.0
35879,-1036.0,36.0,-284.0
35896,-1036.0,36.0,-284.0
35914,-1000.0,96.0,-280.0
35930,-1000.0,96.0,-280.0
35947,-1000.0,96.0,-280.0
35963,-1000.0,96.0,-280.0
35980,-1000.0,96.0,-280.0
35997,-1000.0,96.0,-280.0
36013,-1064.0,108.0,-276.0
36030,-1064.0,108.0,-276.0
36047,-1064.0,108.0,-276.0
36063,-1064.0,108.0,-276.0
36080,-1064.0,108.0,-276.0
36096,-1064.0,108.0,-276.0
36113,-1128.0,80.0,-304.0
36130,-1128.0,80.0,-304.0
36146,-1128.0,80.0,-304.0
36162,-1128.0,80.0,-304.0
36180,-1128.0,80.0,-304.0
36196,-1128.0,80.0,-304.0
36213,-988.0,-44.0,-280.0
36230,-988.0,-44.0,-280.0
36246,-988.0,-44.0,-280.0
36263,-988.0,-44.0,-280.0
36279,-988.0,-44.0,-280.0
36296,-988.0,-44.0,-280.0
36313,-988.0,-44.0,-280.0
36329,-1004.0,48.0,-260.0
36347,-1004.0,48.0,-260.0
36363,-1004.0,48.0,-260.0
36380,-1004.0,48.0,-260.0
36396,-1004.0,48.0,-260.0
36412,-1004.0,48.0,-260.0
36429,-1036.0,56.0,-240.0
36446,-1036.0,56.0,-240.0
36463,-1036.0,56.0,-240.0
36479,-1036.0,56.0,-240.0
36496,-1036.0,56.0,-240.0
36512,-1036.0,56.0,-240.0
36529,-1008.0,36.0,-324.0
36547,-1008.0,36.0,-324.0
36563,-1008.0,36.0,-324.0
36580,-1008.0,36.0,-324.0
36596,-1008.0,36.0,-324.0
36613,-1008.0,36.0,-324.0
36630,-1032.0,12.0,-348.0
36646,-1032.0,12.0,-348.0
36664,-1032.0,12.0,-348.0
36680,-1032.0,12.0,-348.0
36696,-1032.0,12.0,-348.0
36713,-1032.0,12.0,-348.0
36729,-1032.0,12.0,-348.0
36746,-1040.0,8.0,-356.0
36763,-1040.0,8.0,-356.0
36780,-1040.0,8.0,-356.0
36796,-1040.0,8.0,-356.0
36813,-1040.0,8.0,-356.0
36830,-1040.0,8.0,-356.0
36847,-1024.0,-40.0,-320.0
36863,-1024.0,-40.0,-320.0
36880,-1024.0,-40.0,-320.0
36897,-1024.0,-40.0,-320.0
36914,-1024.0,-40.0,-320.0
36930,-1024.0,-40.0,-320.0
36947,-1016.0,12.0,-268.0
36963,-1016.0,12.0,-268.0
36980,-1016.0,12.0,-268.0
36996,-1016.0,12.0,-268.0
37013,-1016.0,12.0,-268.0
37030,-1016.0,12.0,-268.0
37047,-1024.0,152.0,-336.0
37063,-1024.0,152.0,-336.0
37080,-1024.0,152.0,-336.0
37096,-1024.0,152.0,-336.0
37114,-1024.0,152.0,-336.0
37130,-1024.0,152.0,-336.0
37146,-1000.0,88.0,-288.0
37163,-1000.0,88.0,-288.0
37180,-1000.0,88.0,-288.0
37196,-1000.0,88.0,-288.0
37213,-1000.0,88.0,-288.0
37229,-1000.0,88.0,-288.0
37247,-1000.0,88.0,-288.0
37263,-1104.0,-16.0,-316.0
37280,-1104.0,-16.0,-316.0
37297,-1104.0,-16.0,-316.0
37313,-1104.0,-16.0,-316.0
37330,-1104.0,-16.0,-316.0
37347,-1104.0,-16.0,-316.0
37364,-1044.0,24.0,-280.0
37380,-1044.0,24.0,-280.0
37396,-1044.0,24.0,-280.0
37413,-1044.0,24.0,-280.0
37430,-1044.0,24.0,-280.0
37446,-1044.0,24.0,-280.0
37464,-1044.0,16.0,-276.0
37480,-1044.0,16.0,-276.0
37497,-1044.0,16.0,-276.0
37513,-1044.0,16.0,-276.0
37530,-1044.0,16.0,-276.0
37547,-1044.0,16.0,-276.0
37563,-1032.0,-4.0,-312.0
37580,-1032.0,-4.0,-312.0
37596,-1032.0,-4.0,-312.0
37612,-1032.0,-4.0,-312.0
37630,-1032.0,-4.0,-312.0
37647,-1032.0,-4.0,-312.0
37663,-1020.0,24.0,-304.0
37680,-1020.0,24.0,-304.0
37697,-1020.0,24.0,-304.0
37714,-1020.0,24.0,-304.0
37730,-1020.0,24.0,-304.0
37747,-1020.0,24.0,-304.0
37764,-1020.0,24.0,-304.0
37780,-1044.0,32.0,-292.0
37797,-1044.0,32.0,-292.0
37814,-1044.0,32.0,-292.0
37830,-1044.0,32.0,-292.0
37847,-1044.0,32.0,-292.0
37863,-1044.0,32.0,-292.0
37880,-1052.0,40.0,-248.0
37897,-1052.0,40.0,-248.0
37913,-1052.0,40.0,-248.0
37930,-1052.0,40.0,-248.0
37946,-1052.0,40.0,-248.0
37963,-1052.0,40.0,-248.0
37980,-988.0,-20.0,-244.0
37996,-988.0,-20.0,-244.0
38014,-988.0,-20.0,-244.0
38030,-988.0,-20.0,-244.0
38046,-988.0,-20.0,-244.0
38063,-988.0,-20.0,-244.0
38079,-1044.0,-60.0,-364.0
38097,-1044.0,-60.0,-364.0
38113,-1044.0,-60.0,-364.0
38130,-1044.0,-60.0,-364.0
38147,-1044.0,-60.0,-364.0
38163,-1044.0,-60.0,-364.0
38181,-1008.0,-80.0,-316.0
38197,-1008.0,-80.0,-316.0
38213,-1008.0,-80.0,-316.0
38230,-1008.0,-80.0,-316.0
38246,-1008.0,-80.0,-316.0
38264,-1008.0,-80.0,-316.0
38280,-1008.0,-80.0,-316.0
38297,-968.0,-96.0,-356.0
38313,-968.0,-96.0,-356.0
38330,-968.0,-96.0,-356.0
38347,-968.0,-96.0,-356.0
38364,-968.0,-96.0,-356.0
38380,-968.0,-96.0,-356.0
38396,-1060.0,-48.0,-392.0
38414,-1060.0,-48.0,-392.0
38429,-1060.0,-48.0,-392.0
38447,-1060.0,-48.0,-392.0
38463,-1060.0,-48.0,-392.0
38480,-1060.0,-48.0,-392.0
38497,-968.0,48.0,-224.0
38513,-968.0,48.0,-224.0
38530,-968.0,48.0,-224.0
38547,-968.0,48.0,-224.0
38564,-968.0,48.0,-224.0
38579,-968.0,48.0,-224.0
38597,-1156.0,44.0,-276.0
38614,-1156.0,44.0,-276.0
38630,-1156.0,44.0,-276.0
38647,-1156.0,44.0,-276.0
38664,-1156.0,44.0,-276.0
38680,-1156.0,44.0,-276.0
38696,-1156.0,44.0,-276.0
38713,-976.0,116.0,-292.0
38730,-976.0,116.0,-292.0
38746,-976.0,116.0,-292.0
38763,-976.0,116.0,-292.0
38780,-976.0,116.0,-292.0
38797,-976.0,116.0,-292.0
38813,-1092.0,48.0,-388.0
38831,-1092.0,48.0,-388.0
38848,-1092.0,48.0,-388.0
38864,-1092.0,48.0,-388.0
38880,-1092.0,48.0,-388.0
38897,-1092.0,48.0,-388.0
38914,-1048.0,108.0,-396.0
38931,-1048.0,108.0,-396.0
38948,-1048.0,108.0,-396.0
38963,-1048.0,108.0,-396.0
38981,-1048.0,108.0,-396.0
38997,-1048.0,108.0,-396.0
39014,-940.0,128.0,-300.0
39030,-940.0,128.0,-300.0
39047,-940.0,128.0,-300.0
39063,-940.0,128.0,-300.0
39080,-940.0,128.0,-300.0
39097,-940.0,128.0,-300.0
39114,-940.0,128.0,-300.0
39130,-1020.0,112.0,-348.0
39147,-1020.0,112.0,-348.0
39164,-1020.0,112.0,-348.0
39181,-1020.0,112.0,-348.0
39196,-1020.0,112.0,-348.0
39214,-1020.0,112.0,-348.0
39231,-1120.0,20.0,-312.0
39247,-1120.0,20.0,-312.0
39263,-1120.0,20.0,-312.0
39280,-1120.0,20.0,-312.0
39297,-1120.0,20.0,-312.0
39314,-1120.0,20.0,-312.0
39330,-1048.0,-12.0,-232.0
39346,-1048.0,-12.0,-232.0
39364,-1048.0,-12.0,-232.0
39381,-1048.0,-12.0,-232.0
39397,-1048.0,-12.0,-232.0
39414,-1048.0,-12.0,-232.0
39429,-1036.0,-172.0,-228.0
39447,-1036.0,-172.0,-228.0
39464,-1036.0,-172.0,-228.0
39481,-1036.0,-172.0,-228.0
39496,-1036.0,-172.0,-228.0
39513,-1036.0,-172.0,-228.0
39529,-1052.0,40.0,-188.0
39547,-1052.0,40.0,-188.0
39564,-1052.0,40.0,-188.0
39580,-1052.0,40.0,-188.0
39597,-1052.0,40.0,-188.0
39613,-1052.0,40.0,-188.0
39630,-1052.0,40.0,-188.0
39647,-1052.0,12.0,-196.0
39664,-1052.0,12.0,-196.0
39682,-1052.0,12.0,-196.0
39701,-1052.0,12.0,-196.0
39720,-1052.0,12.0,-196.0
39737,-1060.0,0.0,-192.0
39754,-1060.0,0.0,-192.0
39770,-1060.0,0.0,-192.0
39787,-1060.0,0.0,-192.0
39803,-1060.0,0.0,-192.0
39821,-1060.0,0.0,-192.0
39837,-1060.0,0.0,-192.0
39854,-1036.0,-48.0,-212.0
39871,-1036.0,-48.0,-212.0
39887,-1036.0,-48.0,-212.0
39904,-1036.0,-48.0,-212.0
39920,-1036.0,-48.0,-212.0
39937,-1036.0,-48.0,-212.0
39954,-1060.0,-28.0,-168.0
39970,-1060.0,-28.0,-168.0
39986,-1060.0,-28.0,-168.0
40003,-1060.0,-28.0,-168.0
40020,-1060.0,-28.0,-168.0
40037,-1060.0,-28.0,-168.0
40054,-1036.0,-92.0,-168.0
40070,-1036.0,-92.0,-168.0
40087,-1036.0,-92.0,-168.0
40103,-1036.0,-92.0,-168.0
40120,-1036.0,-92.0,-168.0
40136,-1036.0,-92.0,-168.0
40153,-1024.0,-144.0,-200.0
40170,-1024.0,-144.0,-200.0
40187,-1024.0,-144.0,-200.0
40203,-1024.0,-144.0,-200.0
40220,-1024.0,-144.0,-200.0
40236,-1024.0,-144.0,-200.0
40254,-1024.0,-144.0,-200.0
40270,-1068.0,-148.0,-232.0
40286,-1068.0,-148.0,-232.0
40303,-1068.0,-148.0,-232.0
40320,-1068.0,-148.0,-232.0
40336,-1068.0,-148.0,-232.0
40353,-1068.0,-148.0,-232.0
40370,-1092.0,-148.0,-196.0
40386,-1092.0,-148.0,-196.0
40404,-1092.0,-148.0,-196.0
40420,-1092.0,-148.0,-196.0
40437,-1092.0,-148.0,-196.0
40454,-1092.0,-148.0,-196.0
40471,-960.0,-128.0,-252.0
40487,-960.0,-128.0,-252.0
40504,-960.0,-128.0,-252.0
40520,-960.0,-128.0,-252.0
40537,-960.0,-128.0,-252.0
40553,-960.0,-128.0,-252.0
40570,-1024.0,-160.0,-284.0
40587,-1024.0,-160.0,-284.0
40604,-1024.0,-160.0,-284.0
40620,-1024.0,-160.0,-284.0
40637,-1024.0,-160.0,-284.0
40653,-1024.0,-160.0,-284.0
40670,-1144.0,-8.0,-288.0
40687,-1144.0,-8.0,-288.0
40704,-1144.0,-8.0,-288.0
40720,-1144.0,-8.0,-288.0
40737,-1144.0,-8.0,-288.0
40753,-1144.0,-8.0,-288.0
40771,-1144.0,-8.0,-288.0
40787,-1028.0,8.0,-216.0
40804,-1028.0,8.0,-216.0
40820,-1028.0,8.0,-216.0
40837,-1028.0,8.0,-216.0
40853,-1028.0,8.0,-216.0
40870,-1028.0,8.0,-216.0
40887,-1048.0,76.0,-220.0
40903,-1048.0,76.0,-220.0
40921,-1048.0,76.0,-220.0
40937,-1048.0,76.0,-220.0
40954,-1048.0,76.0,-220.0
40970,-1048.0,76.0,-220.0
40987,-1060.0,140.0,-256.0
41004,-1060.0,140.0,-256.0
41021,-1060.0,140.0,-256.0
41037,-1060.0,140.0,-256.0
41054,-1060.0,140.0,-256.0
41071,-1060.0,140.0,-256.0
41087,-1016.0,180.0,-236.0
41103,-1016.0,180.0,-236.0
41120,-1016.0,180.0,-236.0
41138,-1016.0,180.0,-236.0
41154,-1016.0,180.0,-236.0
41170,-1016.0,180.0,-236.0
41187,-1016.0,180.0,-236.0
41203,-1024.0,196.0,-232.0
41221,-1024.0,196.0,-232.0
41237,-1024.0,196.0,-232.0
41254,-1024.0,196.0,-232.0
41270,-1024.0,196.0,-232.0
41287,-1024.0,196.0,-232.0
41304,-1040.0,160.0,-188.0
41321,-1040.0,160.0,-188.0
41337,-1040.0,160.0,-188.0
41354,-1040.0,160.0,-188.0
41371,-1040.0,160.0,-188.0
41387,-1040.0,160.0,-188.0
41404,-1060.0,124.0,-192.0
41421,-1060.0,124.0,-192.0
41437,-1060.0,124.0,-192.0
41454,-1060.0,124.0,-192.0
41471,-1060.0,124.0,-192.0
41487,-1060.0,124.0,-192.0
41504,-1032.0,168.0,-164.0
41520,-1032.0,168.0,-164.0
41537,-1032.0,168.0,-164.0
41553,-1032.0,168.0,-164.0
41571,-1032.0,168.0,-164.0
41587,-1032.0,168.0,-164.0
41604,-1056.0,204.0,-132.0
41621,-1056.0,204.0,-132.0
41637,-1056.0,204.0,-132.0
41653,-1056.0,204.0,-132.0
41670,-1056.0,204.0,-132.0
41688,-1056.0,204.0,-132.0
41705,-1056.0,204.0,-132.0
41721,-1040.0,136.0,-160.0
41738,-1040.0,136.0,-160.0
41754,-1040.0,136.0,-160.0
41771,-1040.0,136.0,-160.0
41788,-1040.0,136.0,-160.0
41804,-1040.0,136.0,-160.0
41821,-1024.0,136.0,-192.0
41837,-1024.0,136.0,-192.0
41854,-1024.0,136.0,-192.0
41871,-1024.0,136.0,-192.0
41888,-1024.0,136.0,-192.0
41904,-1024.0,136.0,-192.0
41921,-1048.0,64.0,-140.0
41937,-1048.0,64.0,-140.0
41954,-1048.0,64.0,-140.0
41970,-1048.0,64.0,-140.0
41987,-1048.0,64.0,-140.0
42003,-1048.0,64.0,-140.0
42020,-1024.0,92.0,-160.0
42037,-1024.0,92.0,-160.0
42054,-1024.0,92.0,-160.0
42070,-1024.0,92.0,-160.0
42087,-1024.0,92.0,-160.0
42105,-1024.0,92.0,-160.0
42120,-1024.0,92.0,-160.0
42137,-1064.0,-16.0,-208.0
42154,-1064.0,-16.0,-208.0
42171,-1064.0,-16.0,-208.0
42187,-1064.0,-16.0,-208.0
42204,-1064.0,-16.0,-208.0
42221,-1064.0,-16.0,-208.0
42237,-1096.0,-44.0,-208.0
42254,-1096.0,-44.0,-208.0
42271,-1096.0,-44.0,-208.0
42287,-1096.0,-44.0,-208.0
42304,-1096.0,-44.0,-208.0
42320,-1096.0,-44.0,-208.0
42337,-1016.0,-72.0,-236.0
42354,-1016.0,-72.0,-236.0
42370,-1016.0,-72.0,-236.0
42387,-1016.0,-72.0,-236.0
42404,-1016.0,-72.0,-236.0
42420,-1016.0,-72.0,-236.0
42437,-1016.0,-64.0,-224.0
42454,-1016.0,-64.0,-224.0
42470,-1016.0,-64.0,-224.0
42487,-1016.0,-64.0,-224.0
42504,-1016.0,-64.0,-224.0
42521,-1016.0,-64.0,-224.0
42537,-1076.0,-52.0,-252.0
42554,-1076.0,-52.0,-252.0
42570,-1076.0,-52.0,-252.0
42587,-1076.0,-52.0,-252.0
42604,-1076.0,-52.0,-252.0
42620,-1076.0,-52.0,-252.0
42638,-1076.0,-52.0,-252.0
42654,-1080.0,-60.0,-216.0
42671,-1080.0,-60.0,-216.0
42687,-1080.0,-60.0,-216.0
42705,-1080.0,-60.0,-216.0
42721,-1080.0,-60.0,-216.0
42737,-1080.0,-60.0,-216.0
42754,-1088.0,-4.0,-184.0
42771,-1088.0,-4.0,-184.0
42787,-1088.0,-4.0,-184.0
42804,-1088.0,-4.0,-184.0
42820,-1088.0,-4.0,-184.0
42837,-1088.0,-4.0,-184.0
42853,-988.0,68.0,-204.0
42871,-988.0,68.0,-204.0
42888,-988.0,68.0,-204.0
42904,-988.0,68.0,-204.0
42920,-988.0,68.0,-204.0
42938,-988.0,68.0,-204.0
42954,-1120.0,136.0,-208.0
42970,-1120.0,136.0,-208.0
42987,-1120.0,136.0,-208.0
43004,-1120.0,136.0,-208.0
43021,-1120.0,136.0,-208.0
43037,-1120.0,136.0,-208.0
43054,-1000.0,156.0,-216.0
43071,-1000.0,156.0,-216.0
43087,-1000.0,156.0,-216.0
43104,-1000.0,156.0,-216.0
43121,-1000.0,156.0,-216.0
43137,-1000.0,156.0,-216.0
43153,-1000.0,156.0,-216.0
43171,-1040.0,116.0,-288.0
43188,-1040.0,116.0,-288.0
43204,-1040.0,116.0,-288.0
43222,-1040.0,116.0,-288.0
43237,-1040.0,116.0,-288.0
43253,-1040.0,116.0,-288.0
43271,-1012.0,152.0,-264.0
43287,-1012.0,152.0,-264.0
43304,-1012.0,152.0,-264.0
43321,-1012.0,152.0,-264.0
43337,-1012.0,152.0,-264.0
43355,-1012.0,152.0,-264.0
43371,-1052.0,136.0,-208.0
43387,-1052.0,136.0,-208.0
43404,-1052.0,136.0,-208.0
43421,-1052.0,136.0,-208.0
43437,-1052.0,136.0,-208.0
43454,-1052.0,136.0,-208.0
43471,-1044.0,84.0,-192.0
43487,-1044.0,84.0,-192.0
43504,-1044.0,84.0,-192.0
43521,-1044.0,84.0,-192.0
43537,-1044.0,84.0,-192.0
43553,-1044.0,84.0,-192.0
43572,-1044.0,84.0,-192.0
43591,-1040.0,68.0,-240.0
43610,-1040.0,68.0,-240.0
43627,-1040.0,68.0,-240.0
43644,-1040.0,68.0,-240.0
43661,-1040.0,68.0,-240.0
43678,-1092.0,16.0,-280.0
43695,-1092.0,16.0,-280.0
43711,-1092.0,16.0,-280.0
43728,-1092.0,16.0,-280.0
43744,-1092.0,16.0,-280.0
43761,-1092.0,16.0,-280.0
43778,-1092.0,16.0,-280.0
43795,-1008.0,112.0,-236.0
43811,-1008.0,112.0,-236.0
43828,-1008.0,112.0,-236.0
43844,-1008.0,112.0,-236.0
43861,-1008.0,112.0,-236.0
43877,-1008.0,112.0,-236.0
43894,-1052.0,12.0,-304.0
43910,-1052.0,12.0,-304.0
43928,-1052.0,12.0,-304.0
43944,-1052.0,12.0,-304.0
43961,-1052.0,12.0,-304.0
43977,-1052.0,12.0,-304.0
43994,-1012.0,-32.0,-252.0
44010,-1012.0,-32.0,-252.0
44027,-1012.0,-32.0,-252.0
44044,-1012.0,-32.0,-252.0
44060,-1012.0,-32.0,-252.0
44077,-1012.0,-32.0,-252.0
44094,-1036.0,-28.0,-204.0
44111,-1036.0,-28.0,-204.0
44127,-1036.0,-28.0,-204.0
44144,-1036.0,-28.0,-204.0
44160,-1036.0,-28.0,-204.0
44177,-1036.0,-28.0,-204.0
44194,-1036.0,-28.0,-204.0
44210,-1068.0,-108.0,-184.0
44228,-1068.0,-108.0,-184.0
44244,-1068.0,-108.0,-184.0
44261,-1068.0,-108.0,-184.0
44277,-1068.0,-108.0,-184.0
44295,-1068.0,-108.0,-184.0
44311,-1024.0,-92.0,-168.0
44328,-1024.0,-92.0,-168.0
44344,-1024.0,-92.0,-168.0
44361,-1024.0,-92.0,-168.0
44377,-1024.0,-92.0,-168.0
44394,-1024.0,-92.0,-168.0
44411,-1072.0,-100.0,-160.0
44427,-1072.0,-100.0,-160.0
44444,-1072.0,-100.0,-160.0
44461,-1072.0,-100.0,-160.0
44478,-1072.0,-100.0,-160.0
44494,-1072.0,-100.0,-160.0
44511,-1036.0,-48.0,-132.0
44528,-1036.0,-48.0,-132.0
44544,-1036.0,-48.0,-132.0
44561,-1036.0,-48.0,-132.0
44578,-1036.0,-48.0,-132.0
44594,-1036.0,-48.0,-132.0
44611,-1016.0,-116.0,-188.0
44627,-1016.0,-116.0,-188.0
44644,-1016.0,-116.0,-188.0
44660,-1016.0,-116.0,-188.0
44678,-1016.0,-116.0,-188.0
44695,-1016.0,-116.0,-188.0
44711,-1016.0,-116.0,-188.0
44727,-1076.0,-68.0,-216.0
44744,-1076.0,-68.0,-216.0
44761,-1076.0,-68.0,-216.0
44778,-1076.0,-68.0,-216.0
44795,-1076.0,-68.0,-216.0
44811,-1076.0,-68.0,-216.0
44828,-1028.0,16.0,-180.0
44845,-1028.0,16.0,-180.0
44861,-1028.0,16.0,-180.0
44878,-1028.0,16.0,-180.0
44894,-1028.0,16.0,-180.0
44911,-1028.0,16.0,-180.0
44927,-1060.0,-20.0,-220.0
44944,-1060.0,-20.0,-220.0
44961,-1060.0,-20.0,-220.0
44978,-1060.0,-20.0,-220.0
44994,-1060.0,-20.0,-220.0
45011,-1060.0,-20.0,-220.0
45028,-1056.0,12.0,-252.0
45044,-1056.0,12.0,-252.0
45061,-1056.0,12.0,-252.0
45079,-1056.0,12.0,-252.0
45094,-1056.0,12.0,-252.0
45112,-1056.0,12.0,-252.0
45128,-1140.0,140.0,-264.0
45145,-1140.0,140.0,-264.0
45161,-1140.0,140.0,-264.0
45178,-1140.0,140.0,-264.0
45194,-1140.0,140.0,-264.0
45211,-1140.0,140.0,-264.0
45228,-1140.0,140.0,-264.0
45245,-1000.0,52.0,-312.0
45262,-1000.0,52.0,-312.0
45278,-1000.0,52.0,-312.0
45294,-1000.0,52.0,-312.0
45311,-1000.0,52.0,-312.0
45328,-1000.0,52.0,-312.0
45344,-1020.0,156.0,-316.0
45362,-1020.0,156.0,-316.0
45378,-1020.0,156.0,-316.0
45395,-1020.0,156.0,-316.0
45411,-1020.0,156.0,-316.0
45428,-1020.0,156.0,-316.0
45444,-1004.0,72.0,-300.0
45461,-1004.0,72.0,-300.0
45478,-1004.0,72.0,-300.0
45495,-1004.0,72.0,-300.0
45512,-1004.0,72.0,-300.0
45528,-1004.0,72.0,-300.0
45545,-1048.0,56.0,-304.0
45561,-1048.0,56.0,-304.0
45578,-1048.0,56.0,-304.0
45594,-1048.0,56.0,-304.0
45612,-1048.0,56.0,-304.0
45628,-1048.0,56.0,-304.0
45645,-1048.0,56.0,-304.0
45661,-1028.0,96.0,-340.0
45678,-1028.0,96.0,-340.0
45694,-1028.0,96.0,-340.0
45711,-1028.0,96.0,-340.0
45728,-1028.0,96.0,-340.0
45744,-1028.0,96.0,-340.0
45761,-1012.0,96.0,-316.0
45778,-1012.0,96.0,-316.0
45794,-1012.0,96.0,-316.0
45811,-1012.0,96.0,-316.0
45828,-1012.0,96.0,-316.0
45845,-1012.0,96.0,-316.0
45861,-1032.0,72.0,-304.0
45878,-1032.0,72.0,-304.0
45894,-1032.0,72.0,-304.0
45911,-1032.0,72.0,-304.0
45929,-1032.0,72.0,-304.0
45944,-1032.0,72.0,-304.0
45961,-1004.0,152.0,-400.0
45978,-1004.0,152.0,-400.0
45995,-1004.0,152.0,-400.0
46011,-1004.0,152.0,-400.0
46028,-1004.0,152.0,-400.0
46045,-1004.0,152.0,-400.0
46061,-992.0,52.0,-380.0
46078,-992.0,52.0,-380.0
46095,-992.0,52.0,-380.0
46112,-992.0,52.0,-380.0
46128,-992.0,52.0,-380.0
46145,-992.0,52.0,-380.0
46162,-992.0,52.0,-380.0
46178,-980.0,96.0,-400.0
46195,-980.0,96.0,-400.0
46212,-980.0,96.0,-400.0
46229,-980.0,96.0,-400.0
46245,-980.0,96.0,-400.0
46261,-980.0,96.0,-400.0
46278,-996.0,96.0,-296.0
46294,-996.0,96.0,-296.0
46312,-996.0,96.0,-296.0
46328,-996.0,96.0,-296.0
46344,-996.0,96.0,-296.0
46361,-996.0,96.0,-296.0
46379,-1100.0,132.0,-288.0
46394,-1100.0,132.0,-288.0
46412,-1100.0,132.0,-288.0
46428,-1100.0,132.0,-288.0
46444,-1100.0,132.0,-288.0
46462,-1100.0,132.0,-288.0
46478,-1004.0,32.0,-216.0
46495,-1004.0,32.0,-216.0
46511,-1004.0,32.0,-216.0
46527,-1004.0,32.0,-216.0
46545,-1004.0,32.0,-216.0
46562,-1004.0,32.0,-216.0
46578,-1004.0,32.0,-216.0
46595,-1100.0,52.0,-284.0
46611,-1100.0,52.0,-284.0
46628,-1100.0,52.0,-284.0
46646,-1100.0,52.0,-284.0
46661,-1100.0,52.0,-284.0
46678,-1100.0,52.0,-284.0
46694,-1040.0,-40.0,-280.0
46712,-1040.0,-40.0,-280.0
46729,-1040.0,-40.0,-280.0
46744,-1040.0,-40.0,-280.0
46762,-1040.0,-40.0,-280.0
46779,-1040.0,-40.0,-280.0
46795,-1092.0,20.0,-324.0
46812,-1092.0,20.0,-324.0
46828,-1092.0,20.0,-324.0
46846,-1092.0,20.0,-324.0
46862,-1092.0,20.0,-324.0
46879,-1092.0,20.0,-324.0
46895,-972.0,-36.0,-272.0
46911,-972.0,-36.0,-272.0
46929,-972.0,-36.0,-272.0
46946,-972.0,-36.0,-272.0
46961,-972.0,-36.0,-272.0
46979,-972.0,-36.0,-272.0
46995,-948.0,-48.0,-296.0
47011,-948.0,-48.0,-296.0
47027,-948.0,-48.0,-296.0
47045,-948.0,-48.0,-296.0
47061,-948.0,-48.0,-296.0
47078,-948.0,-48.0,-296.0
47095,-948.0,-48.0,-296.0
47111,-1100.0,116.0,-280.0
47129,-1100.0,116.0,-280.0
47145,-1100.0,116.0,-280.0
47162,-1100.0,116.0,-280.0
47179,-1100.0,116.0,-280.0
47196,-1100.0,116.0,-280.0
47211,-1072.0,80.0,-332.0
47228,-1072.0,80.0,-332.0
47244,-1072.0,80.0,-332.0
47262,-1072.0,80.0,-332.0
47278,-1072.0,80.0,-332.0
47295,-1072.0,80.0,-332.0
47312,-1104.0,108.0,-276.0
47327,-1104.0,108.0,-276.0
47345,-1104.0,108.0,-276.0
47362,-1104.0,108.0,-276.0
47379,-1104.0,108.0,-276.0
47395,-1104.0,108.0,-276.0
47411,-1012.0,76.0,-240.0
47428,-1012.0,76.0,-240.0
47444,-1012.0,76.0,-240.0
47461,-1012.0,76.0,-240.0
47480,-1012.0,76.0,-240.0
47499,-1012.0,76.0,-240.0
47518,-980.0,140.0,-220.0
47535,-980.0,140.0,-220.0
47551,-980.0,140.0,-220.0
47569,-980.0,140.0,-220.0
47586,-980.0,140.0,-220.0
47602,-980.0,140.0,-220.0
47619,-1000.0,68.0,-232.0
47636,-1000.0,68.0,-232.0
47652,-1000.0,68.0,-232.0
47669,-1000.0,68.0,-232.0
47685,-1000.0,68.0,-232.0
47702,-1000.0,68.0,-232.0
47718,-1000.0,68.0,-232.0
47735,-1112.0,24.0,-192.0
47751,-1112.0,24.0,-192.0
47768,-1112.0,24.0,-192.0
47785,-1112.0,24.0,-192.0
47801,-1112.0,24.0,-192.0
47819,-1112.0,24.0,-192.0
47834,-1188.0,148.0,-296.0
47851,-1188.0,148.0,-296.0
47868,-1188.0,148.0,-296.0
47885,-1188.0,148.0,-296.0
47901,-1188.0,148.0,-296.0
47918,-1188.0,148.0,-296.0
47935,-908.0,96.0,-216.0
47952,-908.0,96.0,-216.0
47968,-908.0,96.0,-216.0
47985,-908.0,96.0,-216.0
48002,-908.0,96.0,-216.0
48018,-908.0,96.0,-216.0
48035,-1004.0,240.0,-172.0
48052,-1004.0,240.0,-172.0
48068,-1004.0,240.0,-172.0
48085,-1004.0,240.0,-172.0
48101,-1004.0,240.0,-172.0
48119,-1004.0,240.0,-172.0
48135,-972.0,20.0,-268.0
48151,-972.0,20.0,-268.0
48169,-972.0,20.0,-268.0
48185,-972.0,20.0,-268.0
48202,-972.0,20.0,-268.0
48219,-972.0,20.0,-268.0
48236,-972.0,20.0,-268.0
48252,-1060.0,156.0,-332.0
48268,-1060.0,156.0,-332.0
48285,-1060.0,156.0,-332.0
48302,-1060.0,156.0,-332.0
48319,-1060.0,156.0,-332.0
48335,-1060.0,156.0,-332.0
48352,-1024.0,144.0,-292.0
48368,-1024.0,144.0,-292.0
48385,-1024.0,144.0,-292.0
48402,-1024.0,144.0,-292.0
48418,-1024.0,144.0,-292.0
48435,-1024.0,144.0,-292.0
48452,-1008.0,152.0,-356.0
48468,-1008.0,152.0,-356.0
48485,-1008.0,152.0,-356.0
48501,-1008.0,152.0,-356.0
48518,-1008.0,152.0,-356.0
48535,-1008.0,152.0,-356.0
48552,-1044.0,112.0,-316.0
48569,-1044.0,112.0,-316.0
48586,-1044.0,112.0,-316.0
48602,-1044.0,112.0,-316.0
48619,-1044.0,112.0,-316.0
48635,-1044.0,112.0,-316.0
48652,-1044.0,112.0,-316.0
48669,-992.0,32.0,-232.0
48686,-992.0,32.0,-232.0
48702,-992.0,32.0,-232.0
48719,-992.0,32.0,-232.0
48736,-992.0,32.0,-232.0
48752,-992.0,32.0,-232.0
48769,-1052.0,56.0,-272.0
48785,-1052.0,56.0,-272.0
48802,-1052.0,56.0,-272.0
48819,-1052.0,56.0,-272.0
48836,-1052.0,56.0,-272.0
48852,-1052.0,56.0,-272.0
48868,-1084.0,60.0,-200.0
48885,-1084.0,60.0,-200.0
48902,-1084.0,60.0,-200.0
48918,-1084.0,60.0,-200.0
48936,-1084.0,60.0,-200.0
48952,-1084.0,60.0,-200.0
48969,-1000.0,-8.0,-140.0
48986,-1000.0,-8.0,-140.0
49002,-1000.0,-8.0,-140.0
49019,-1000.0,-8.0,-140.0
49035,-1000.0,-8.0,-140.0
49052,-1000.0,-8.0,-140.0
49068,-1056.0,-88.0,-236.0
49086,-1056.0,-88.0,-236.0
49102,-1056.0,-88.0,-236.0
49118,-1056.0,-88.0,-236.0
49135,-1056.0,-88.0,-236.0
49152,-1056.0,-88.0,-236.0
49168,-1056.0,-88.0,-236.0
49186,-1136.0,-12.0,-164.0
49202,-1136.0,-12.0,-164.0
49219,-1136.0,-12.0,-164.0
49235,-1136.0,-12.0,-164.0
49252,-1136.0,-12.0,-164.0
49268,-1136.0,-12.0,-164.0
49285,-1000.0,-4.0,-212.0
49302,-1000.0,-4.0,-212.0
49319,-1000.0,-4.0,-212.0
49335,-1000.0,-4.0,-212.0
49352,-1000.0,-4.0,-212.0
49369,-1000.0,-4.0,-212.0
49385,-1056.0,-36.0,-184.0
49402,-1056.0,-36.0,-184.0
49419,-1056.0,-36.0,-184.0
49436,-1056.0,-36.0,-184.0
49452,-1056.0,-36.0,-184.0
49469,-1056.0,-36.0,-184.0
49486,-1016.0,-40.0,-76.0
49502,-1016.0,-40.0,-76.0
49519,-1016.0,-40.0,-76.0
49536,-1016.0,-40.0,-76.0
49552,-1016.0,-40.0,-76.0
49569,-1016.0,-40.0,-76.0
49585,-1116.0,-28.0,-88.0
49602,-1116.0,-28.0,-88.0
49619,-1116.0,-28.0,-88.0
49635,-1116.0,-28.0,-88.0
49652,-1116.0,-28.0,-88.0
49669,-1116.0,-28.0,-88.0
49686,-1116.0,-28.0,-88.0
49702,-1020.0,112.0,-268.0
49719,-1020.0,112.0,-268.0
49736,-1020.0,112.0,-268.0
