MILLIS,X,Y,Z
1322,-1076.0,16.0,-216.0
1448,-1052.0,-252.0,-232.0
1466,-1052.0,-252.0,-232.0
1481,-1052.0,-252.0,-232.0
1500,-1052.0,-252.0,-232.0
1517,-1052.0,-252.0,-232.0
1534,-1052.0,-252.0,-232.0
1551,-1044.0,-124.0,-244.0
1569,-1044.0,-124.0,-244.0
1584,-1044.0,-124.0,-244.0
1602,-1044.0,-124.0,-244.0
1619,-1044.0,-124.0,-244.0
1635,-1044.0,-124.0,-244.0
1652,-1044.0,-124.0,-244.0
1668,-1048.0,-144.0,-240.0
1685,-1048.0,-144.0,-240.0
1702,-1048.0,-144.0,-240.0
1718,-1048.0,-144.0,-240.0
1735,-1048.0,-144.0,-240.0
1752,-1048.0,-144.0,-240.0
1768,-1016.0,-20.0,-228.0
1784,-1016.0,-20.0,-228.0
1801,-1016.0,-20.0,-228.0
1818,-1016.0,-20.0,-228.0
1834,-1016.0,-20.0,-228.0
1850,-1016.0,-20.0,-228.0
1868,-1048.0,-8.0,-212.0
1884,-1048.0,-8.0,-212.0
1900,-1048.0,-8.0,-212.0
1917,-1048.0,-8.0,-212.0
1934,-1048.0,-8.0,-212.0
1951,-1048.0,-8.0,-212.0
1967,-1024.0,16.0,-220.0
1984,-1024.0,16.0,-220.0
2001,-1024.0,16.0,-220.0
2017,-1024.0,16.0,-220.0
2034,-1024.0,16.0,-220.0
2050,-1024.0,16.0,-220.0
2067,-1024.0,16.0,-220.0
2084,-1068.0,-12.0,-256.0
2101,-1068.0,-12.0,-256.0
2117,-1068.0,-12.0,-256.0
2134,-1068.0,-12.0,-256.0
2150,-1068.0,-12.0,-256.0
2168,-1068.0,-12.0,-256.0
2184,-1044.0,0.0,-216.0
2200,-1044.0,0.0,-216.0
2218,-1044.0,0.0,-216.0
2234,-1044.0,0.0,-216.0
2251,-1044.0,0.0,-216.0
2268,-1044.0,0.0,-216.0
2284,-1048.0,8.0,-176.0
2301,-1048.0,8.0,-176.0
2317,-1048.0,8.0,-176.0
2334,-1048.0,8.0,-176.0
2350,-1048.0,8.0,-176.0
2368,-1048.0,8.0,-176.0
2384,-1072.0,8.0,-136.0
2401,-1072.0,8.0,-136.0
2417,-1072.0,8.0,-136.0
2435,-1072.0,8.0,-136.0
2451,-1072.0,8.0,-136.0
2467,-1072.0,8.0,-136.0
2484,-1072.0,8.0,-136.0
2501,-1064.0,24.0,-160.0
2518,-1064.0,24.0,-160.0
2534,-1064.0,24.0,-160.0
2550,-1064.0,24.0,-160.0
2568,-1064.0,24.0,-160.0
2584,-1064.0,24.0,-160.0
2602,-1108.0,16.0,-164.0
2617,-1108.0,16.0,-164.0
2635,-1108.0,16.0,-164.0
2650,-1108.0,16.0,-164.0
2668,-1108.0,16.0,-164.0
2684,-1108.0,16.0,-164.0
2701,-1056.0,-120.0,-116.0
2718,-1056.0,-120.0,-116.0
2735,-1056.0,-120.0,-116.0
2752,-1056.0,-120.0,-116.0
2768,-1056.0,-120.0,-116.0
2784,-1056.0,-120.0,-116.0
2802,-1052.0,-204.0,-96.0
2818,-1052.0,-204.0,-96.0
2835,-1052.0,-204.0,-96.0
2851,-1052.0,-204.0,-96.0
2868,-1052.0,-204.0,-96.0
2884,-1052.0,-204.0,-96.0
2901,-1028.0,-312.0,-120.0
2917,-1028.0,-312.0,-120.0
2934,-1028.0,-312.0,-120.0
2951,-1028.0,-312.0,-120.0
2968,-1028.0,-312.0,-120.0
2984,-1028.0,-312.0,-120.0
3002,-1028.0,-312.0,-120.0
3017,-1000.0,-360.0,-128.0
3034,-1000.0,-360.0,-128.0
3052,-1000.0,-360.0,-128.0
3068,-1000.0,-360.0,-128.0
3085,-1000.0,-360.0,-128.0
3101,-1000.0,-360.0,-128.0
3118,-1096.0,-168.0,-120.0
3134,-1096.0,-168.0,-120.0
3151,-1096.0,-168.0,-120.0
3168,-1096.0,-168.0,-120.0
3184,-1096.0,-168.0,-120.0
3201,-1096.0,-168.0,-120.0
3217,-940.0,-20.0,-164.0
3234,-940.0,-20.0,-164.0
3251,-940.0,-20.0,-164.0
3267,-940.0,-20.0,-164.0
3285,-940.0,-20.0,-164.0
3301,-940.0,-20.0,-164.0
3318,-1040.0,32.0,-256.0
3334,-1040.0,32.0,-256.0
3351,-1040.0,32.0,-256.0
3368,-1040.0,32.0,-256.0
3384,-1040.0,32.0,-256.0
3401,-1040.0,32.0,-256.0
3418,-956.0,-124.0,-248.0
3435,-956.0,-124.0,-248.0
3451,-956.0,-124.0,-248.0
3468,-956.0,-124.0,-248.0
3484,-956.0,-124.0,-248.0
3501,-956.0,-124.0,-248.0
3518,-956.0,-124.0,-248.0
3534,-1048.0,-96.0,-288.0
3551,-1048.0,-96.0,-288.0
3568,-1048.0,-96.0,-288.0
3584,-1048.0,-96.0,-288.0
3601,-1048.0,-96.0,-288.0
3618,-1048.0,-96.0,-288.0
3634,-1052.0,-100.0,-284.0
3651,-1052.0,-100.0,-284.0
3668,-1052.0,-100.0,-284.0
3684,-1052.0,-100.0,-284.0
3700,-1052.0,-100.0,-284.0
3717,-1052.0,-100.0,-284.0
3734,-1056.0,-108.0,-320.0
3751,-1056.0,-108.0,-320.0
3767,-1056.0,-108.0,-320.0
3785,-1056.0,-108.0,-320.0
3801,-1056.0,-108.0,-320.0
3817,-1056.0,-108.0,-320.0
3834,-1140.0,-108.0,-392.0
3851,-1140.0,-108.0,-392.0
3867,-1140.0,-108.0,-392.0
3885,-1140.0,-108.0,-392.0
3901,-1140.0,-108.0,-392.0
3918,-1140.0,-108.0,-392.0
3935,-1140.0,-108.0,-392.0
3951,-996.0,-8.0,-376.0
3968,-996.0,-8.0,-376.0
3984,-996.0,-8.0,-376.0
4001,-996.0,-8.0,-376.0
4018,-996.0,-8.0,-376.0
4034,-996.0,-8.0,-376.0
4051,-912.0,228.0,-260.0
4067,-912.0,228.0,-260.0
4084,-912.0,228.0,-260.0
4101,-912.0,228.0,-260.0
4118,-912.0,228.0,-260.0
4134,-912.0,228.0,-260.0
4151,-1040.0,124.0,-368.0
4168,-1040.0,124.0,-368.0
4185,-1040.0,124.0,-368.0
4201,-1040.0,124.0,-368.0
4217,-1040.0,124.0,-368.0
4235,-1040.0,124.0,-368.0
4251,-1352.0,-220.0,-380.0
4268,-1352.0,-220.0,-380.0
4284,-1352.0,-220.0,-380.0
4301,-1352.0,-220.0,-380.0
4318,-1352.0,-220.0,-380.0
4335,-1352.0,-220.0,-380.0
4352,-1032.0,-20.0,-112.0
4368,-1032.0,-20.0,-112.0
4384,-1032.0,-20.0,-112.0
4401,-1032.0,-20.0,-112.0
4417,-1032.0,-20.0,-112.0
4435,-1032.0,-20.0,-112.0
4451,-1032.0,-20.0,-112.0
4468,-916.0,-180.0,-44.0
4484,-916.0,-180.0,-44.0
4501,-916.0,-180.0,-44.0
4518,-916.0,-180.0,-44.0
4534,-916.0,-180.0,-44.0
4551,-916.0,-180.0,-44.0
4567,-1076.0,-296.0,-8.0
4584,-1076.0,-296.0,-8.0
4601,-1076.0,-296.0,-8.0
4618,-1076.0,-296.0,-8.0
4635,-1076.0,-296.0,-8.0
4651,-1076.0,-296.0,-8.0
4667,-1032.0,-288.0,24.0
4685,-1032.0,-288.0,24.0
4701,-1032.0,-288.0,24.0
4718,-1032.0,-288.0,24.0
4734,-1032.0,-288.0,24.0
4751,-1032.0,-288.0,24.0
4768,-956.0,-228.0,44.0
4784,-956.0,-228.0,44.0
4801,-956.0,-228.0,44.0
4817,-956.0,-228.0,44.0
4834,-956.0,-228.0,44.0
4851,-956.0,-228.0,44.0
4868,-956.0,-228.0,44.0
4885,-1016.0,-272.0,-8.0
4901,-1016.0,-272.0,-8.0
4918,-1016.0,-272.0,-8.0
4934,-1016.0,-272.0,-8.0
4951,-1016.0,-272.0,-8.0
4970,-1016.0,-272.0,-8.0
4988,-1060.0,-236.0,-12.0
5007,-1060.0,-236.0,-12.0
5025,-1060.0,-236.0,-12.0
5042,-1060.0,-236.0,-12.0
5059,-1060.0,-236.0,-12.0
5075,-1040.0,-284.0,-52.0
5093,-1040.0,-284.0,-52.0
5109,-1040.0,-284.0,-52.0
5126,-1040.0,-284.0,-52.0
5142,-1040.0,-284.0,-52.0
5159,-1040.0,-284.0,-52.0
5175,-1040.0,-284.0,-52.0
5192,-1020.0,-272.0,-92.0
5209,-1020.0,-272.0,-92.0
5225,-1020.0,-272.0,-92.0
5242,-1020.0,-272.0,-92.0
5259,-1020.0,-272.0,-92.0
5276,-1020.0,-272.0,-92.0
5293,-1040.0,-244.0,-128.0
5309,-1040.0,-244.0,-128.0
5326,-1040.0,-244.0,-128.0
5342,-1040.0,-244.0,-128.0
5359,-1040.0,-244.0,-128.0
5376,-1040.0,-244.0,-128.0
5392,-1020.0,-184.0,-148.0
5409,-1020.0,-184.0,-148.0
5425,-1020.0,-184.0,-148.0
5442,-1020.0,-184.0,-148.0
5459,-1020.0,-184.0,-148.0
5476,-1020.0,-184.0,-148.0
5492,-988.0,-192.0,-188.0
5509,-988.0,-192.0,-188.0
5525,-988.0,-192.0,-188.0
5542,-988.0,-192.0,-188.0
5558,-988.0,-192.0,-188.0
5576,-988.0,-192.0,-188.0
5592,-988.0,-192.0,-188.0
5609,-1048.0,-124.0,-240.0
5625,-1048.0,-124.0,-240.0
5642,-1048.0,-124.0,-240.0
5659,-1048.0,-124.0,-240.0
5676,-1048.0,-124.0,-240.0
5692,-1048.0,-124.0,-240.0
5709,-1164.0,-12.0,-276.0
5725,-1164.0,-12.0,-276.0
5743,-1164.0,-12.0,-276.0
5759,-1164.0,-12.0,-276.0
5776,-1164.0,-12.0,-276.0
5792,-1164.0,-12.0,-276.0
5809,-1080.0,100.0,-308.0
5825,-1080.0,100.0,-308.0
5842,-1080.0,100.0,-308.0
5858,-1080.0,100.0,-308.0
5876,-1080.0,100.0,-308.0
5892,-1080.0,100.0,-308.0
5909,-972.0,24.0,-268.0
5925,-972.0,24.0,-268.0
5942,-972.0,24.0,-268.0
5959,-972.0,24.0,-268.0
5975,-972.0,24.0,-268.0
5993,-972.0,24.0,-268.0
6009,-972.0,24.0,-268.0
6026,-1028.0,-36.0,-288.0
6043,-1028.0,-36.0,-288.0
6060,-1028.0,-36.0,-288.0
6076,-1028.0,-36.0,-288.0
6092,-1028.0,-36.0,-288.0
6109,-1028.0,-36.0,-288.0
6126,-1136.0,-4.0,-348.0
6143,-1136.0,-4.0,-348.0
6159,-1136.0,-4.0,-348.0
6176,-1136.0,-4.0,-348.0
6193,-1136.0,-4.0,-348.0
6209,-1136.0,-4.0,-348.0
6226,-1052.0,152.0,-384.0
6242,-1052.0,152.0,-384.0
6259,-1052.0,152.0,-384.0
6275,-1052.0,152.0,-384.0
6292,-1052.0,152.0,-384.0
6309,-1052.0,152.0,-384.0
6326,-992.0,212.0,-292.0
6343,-992.0,212.0,-292.0
6360,-992.0,212.0,-292.0
6375,-992.0,212.0,-292.0
6393,-992.0,212.0,-292.0
6409,-992.0,212.0,-292.0
6426,-1068.0,-28.0,-228.0
6443,-1068.0,-28.0,-228.0
6459,-1068.0,-28.0,-228.0
6476,-1068.0,-28.0,-228.0
6492,-1068.0,-28.0,-228.0
6509,-1068.0,-28.0,-228.0
6526,-1068.0,-28.0,-228.0
6543,-1064.0,64.0,-152.0
6560,-1064.0,64.0,-152.0
6576,-1064.0,64.0,-152.0
6593,-1064.0,64.0,-152.0
6609,-1064.0,64.0,-152.0
6626,-1064.0,64.0,-152.0
6642,-1044.0,-88.0,-124.0
6659,-1044.0,-88.0,-124.0
6676,-1044.0,-88.0,-124.0
6692,-1044.0,-88.0,-124.0
6709,-1044.0,-88.0,-124.0
6726,-1044.0,-88.0,-124.0
6742,-1096.0,-128.0,-100.0
6759,-1096.0,-128.0,-100.0
6775,-1096.0,-128.0,-100.0
6792,-1096.0,-128.0,-100.0
6809,-1096.0,-128.0,-100.0
6825,-1096.0,-128.0,-100.0
6843,-1068.0,-68.0,-80.0
6860,-1068.0,-68.0,-80.0
6876,-1068.0,-68.0,-80.0
6893,-1068.0,-68.0,-80.0
6909,-1068.0,-68.0,-80.0
6926,-1068.0,-68.0,-80.0
6943,-1056.0,-88.0,-108.0
6959,-1056.0,-88.0,-108.0
6976,-1056.0,-88.0,-108.0
6993,-1056.0,-88.0,-108.0
7009,-1056.0,-88.0,-108.0
7026,-1056.0,-88.0,-108.0
7042,-1056.0,-88.0,-108.0
7059,-1056.0,-184.0,-120.0
7076,-1056.0,-184.0,-120.0
7092,-1056.0,-184.0,-120.0
7109,-1056.0,-184.0,-120.0
7126,-1056.0,-184.0,-120.0
7142,-1056.0,-184.0,-120.0
7159,-1012.0,-200.0,-148.0
7176,-1012.0,-200.0,-148.0
7192,-1012.0,-200.0,-148.0
7209,-1012.0,-200.0,-148.0
7226,-1012.0,-200.0,-148.0
7242,-1012.0,-200.0,-148.0
7259,-1052.0,-196.0,-140.0
7277,-1052.0,-196.0,-140.0
7293,-1052.0,-196.0,-140.0
7310,-1052.0,-196.0,-140.0
7326,-1052.0,-196.0,-140.0
7343,-1052.0,-196.0,-140.0
7359,-1000.0,-120.0,-128.0
7376,-1000.0,-120.0,-128.0
7392,-1000.0,-120.0,-128.0
7410,-1000.0,-120.0,-128.0
7426,-1000.0,-120.0,-128.0
7443,-1000.0,-120.0,-128.0
7459,-1000.0,-120.0,-128.0
7475,-1020.0,-108.0,-124.0
7493,-1020.0,-108.0,-124.0
7509,-1020.0,-108.0,-124.0
7526,-1020.0,-108.0,-124.0
7543,-1020.0,-108.0,-124.0
7559,-1020.0,-108.0,-124.0
7575,-992.0,-36.0,-180.0
7593,-992.0,-36.0,-180.0
7609,-992.0,-36.0,-180.0
7627,-992.0,-36.0,-180.0
7642,-992.0,-36.0,-180.0
7659,-992.0,-36.0,-180.0
7677,-1152.0,20.0,-204.0
7693,-1152.0,20.0,-204.0
7710,-1152.0,20.0,-204.0
7727,-1152.0,20.0,-204.0
7743,-1152.0,20.0,-204.0
7760,-1152.0,20.0,-204.0
7776,-1120.0,48.0,-220.0
7793,-1120.0,48.0,-220.0
7809,-1120.0,48.0,-220.0
7826,-1120.0,48.0,-220.0
7842,-1120.0,48.0,-220.0
7860,-1120.0,48.0,-220.0
7876,-1032.0,-28.0,-172.0
7893,-1032.0,-28.0,-172.0
7909,-1032.0,-28.0,-172.0
7926,-1032.0,-28.0,-172.0
7943,-1032.0,-28.0,-172.0
7960,-1032.0,-28.0,-172.0
7976,-1032.0,-28.0,-172.0
7993,-1024.0,-100.0,-192.0
8009,-1024.0,-100.0,-192.0
8025,-1024.0,-100.0,-192.0
8043,-1024.0,-100.0,-192.0
8060,-1024.0,-100.0,-192.0
8077,-1024.0,-100.0,-192.0
8093,-1152.0,-196.0,-312.0
8110,-1152.0,-196.0,-312.0
8126,-1152.0,-196.0,-312.0
8143,-1152.0,-196.0,-312.0
8160,-1152.0,-196.0,-312.0
8177,-1152.0,-196.0,-312.0
8192,-1064.0,-156.0,-256.0
8209,-1064.0,-156.0,-256.0
8226,-1064.0,-156.0,-256.0
8243,-1064.0,-156.0,-256.0
8259,-1064.0,-156.0,-256.0
8276,-1064.0,-156.0,-256.0
8293,-1008.0,-188.0,-236.0
8310,-1008.0,-188.0,-236.0
8327,-1008.0,-188.0,-236.0
8342,-1008.0,-188.0,-236.0
8360,-1008.0,-188.0,-236.0
8377,-1008.0,-188.0,-236.0
8392,-1008.0,-188.0,-236.0
8410,-1108.0,0.0,-188.0
8426,-1108.0,0.0,-188.0
8444,-1108.0,0.0,-188.0
8459,-1108.0,0.0,-188.0
8476,-1108.0,0.0,-188.0
8492,-1108.0,0.0,-188.0
8509,-944.0,-4.0,-236.0
8525,-944.0,-4.0,-236.0
8543,-944.0,-4.0,-236.0
8560,-944.0,-4.0,-236.0
8577,-944.0,-4.0,-236.0
8593,-944.0,-4.0,-236.0
8610,-1116.0,-24.0,-200.0
8626,-1116.0,-24.0,-200.0
8643,-1116.0,-24.0,-200.0
8660,-1116.0,-24.0,-200.0
8679,-1116.0,-24.0,-200.0
8698,-1116.0,-24.0,-200.0
8716,-1128.0,68.0,-184.0
8734,-1128.0,68.0,-184.0
8751,-1128.0,68.0,-184.0
8767,-1128.0,68.0,-184.0
8783,-1128.0,68.0,-184.0
8800,-1128.0,68.0,-184.0
8817,-1072.0,160.0,-196.0
8834,-1072.0,160.0,-196.0
8850,-1072.0,160.0,-196.0
8867,-1072.0,160.0,-196.0
8884,-1072.0,160.0,-196.0
8900,-1072.0,160.0,-196.0
8916,-1040.0,-188.0,-152.0
8933,-1040.0,-188.0,-152.0
8950,-1040.0,-188.0,-152.0
8967,-1040.0,-188.0,-152.0
8983,-1040.0,-188.0,-152.0
9000,-1040.0,-188.0,-152.0
9017,-1016.0,-116.0,-116.0
9033,-1016.0,-116.0,-116.0
9050,-1016.0,-116.0,-116.0
9066,-1016.0,-116.0,-116.0
9083,-1016.0,-116.0,-116.0
9100,-1016.0,-116.0,-116.0
9116,-1016.0,-116.0,-116.0
9133,-1088.0,-84.0,-140.0
9150,-1088.0,-84.0,-140.0
9166,-1088.0,-84.0,-140.0
9183,-1088.0,-84.0,-140.0
9200,-1088.0,-84.0,-140.0
9216,-1088.0,-84.0,-140.0
9233,-1040.0,-64.0,-124.0
9249,-1040.0,-64.0,-124.0
9266,-1040.0,-64.0,-124.0
9284,-1040.0,-64.0,-124.0
9299,-1040.0,-64.0,-124.0
9317,-1040.0,-64.0,-124.0
9334,-1088.0,236.0,-64.0
9350,-1088.0,236.0,-64.0
9367,-1088.0,236.0,-64.0
9384,-1088.0,236.0,-64.0
9400,-1088.0,236.0,-64.0
9417,-1088.0,236.0,-64.0
9433,-1044.0,196.0,-120.0
9450,-1044.0,196.0,-120.0
9467,-1044.0,196.0,-120.0
9483,-1044.0,196.0,-120.0
9500,-1044.0,196.0,-120.0
9517,-1044.0,196.0,-120.0
9533,-1044.0,196.0,-120.0
9550,-1084.0,56.0,-80.0
9566,-1084.0,56.0,-80.0
9584,-1084.0,56.0,-80.0
9600,-1084.0,56.0,-80.0
9617,-1084.0,56.0,-80.0
9633,-1084.0,56.0,-80.0
9650,-976.0,-36.0,-176.0
9666,-976.0,-36.0,-176.0
9684,-976.0,-36.0,-176.0
9700,-976.0,-36.0,-176.0
9717,-976.0,-36.0,-176.0
9733,-976.0,-36.0,-176.0
9751,-1012.0,-36.0,-156.0
9767,-1012.0,-36.0,-156.0
9784,-1012.0,-36.0,-156.0
9800,-1012.0,-36.0,-156.0
9817,-1012.0,-36.0,-156.0
9834,-1012.0,-36.0,-156.0
9851,-1076.0,0.0,-228.0
9867,-1076.0,0.0,-228.0
9883,-1076.0,0.0,-228.0
9900,-1076.0,0.0,-228.0
9916,-1076.0,0.0,-228.0
9934,-1076.0,0.0,-228.0
9950,-1084.0,-144.0,-288.0
9967,-1084.0,-144.0,-288.0
9983,-1084.0,-144.0,-288.0
10001,-1084.0,-144.0,-288.0
10017,-1084.0,-144.0,-288.0
10033,-1084.0,-144.0,-288.0
10050,-1084.0,-144.0,-288.0
10066,-1060.0,-124.0,-300.0
10083,-1060.0,-124.0,-300.0
10100,-1060.0,-124.0,-300.0
10116,-1060.0,-124.0,-300.0
10134,-1060.0,-124.0,-300.0
10150,-1060.0,-124.0,-300.0
10167,-972.0,-88.0,-240.0
10183,-972.0,-88.0,-240.0
10200,-972.0,-88.0,-240.0
10216,-972.0,-88.0,-240.0
10233,-972.0,-88.0,-240.0
10250,-972.0,-88.0,-240.0
10267,-1032.0,-124.0,-236.0
10283,-1032.0,-124.0,-236.0
10300,-1032.0,-124.0,-236.0
10317,-1032.0,-124.0,-236.0
10333,-1032.0,-124.0,-236.0
10351,-1032.0,-124.0,-236.0
10366,-1084.0,-128.0,-320.0
10384,-1084.0,-128.0,-320.0
10400,-1084.0,-128.0,-320.0
10417,-1084.0,-128.0,-320.0
10433,-1084.0,-128.0,-320.0
10450,-1084.0,-128.0,-320.0
10467,-1048.0,-68.0,-288.0
10484,-1048.0,-68.0,-288.0
10501,-1048.0,-68.0,-288.0
10517,-1048.0,-68.0,-288.0
10534,-1048.0,-68.0,-288.0
10550,-1048.0,-68.0,-288.0
10567,-1048.0,-68.0,-288.0
10584,-1032.0,-32.0,-272.0
10600,-1032.0,-32.0,-272.0
10617,-1032.0,-32.0,-272.0
10634,-1032.0,-32.0,-272.0
10650,-1032.0,-32.0,-272.0
10667,-1032.0,-32.0,-272.0
10684,-1024.0,-68.0,-256.0
10701,-1024.0,-68.0,-256.0
10717,-1024.0,-68.0,-256.0
10734,-1024.0,-68.0,-256.0
10750,-1024.0,-68.0,-256.0
10767,-1024.0,-68.0,-256.0
10784,-1024.0,4.0,-248.0
10800,-1024.0,4.0,-248.0
10818,-1024.0,4.0,-248.0
10833,-1024.0,4.0,-248.0
10851,-1024.0,4.0,-248.0
10867,-1024.0,4.0,-248.0
10884,-1068.0,52.0,-252.0
10900,-1068.0,52.0,-252.0
10918,-1068.0,52.0,-252.0
10933,-1068.0,52.0,-252.0
10950,-1068.0,52.0,-252.0
10968,-1068.0,52.0,-252.0
10983,-1068.0,52.0,-252.0
11000,-1076.0,144.0,-276.0
11017,-1076.0,144.0,-276.0
11034,-1076.0,144.0,-276.0
11050,-1076.0,144.0,-276.0
11067,-1076.0,144.0,-276.0
11084,-1076.0,144.0,-276.0
11100,-992.0,200.0,-244.0
11117,-992.0,200.0,-244.0
11134,-992.0,200.0,-244.0
11150,-992.0,200.0,-244.0
11168,-992.0,200.0,-244.0
11184,-992.0,200.0,-244.0
11200,-972.0,240.0,-212.0
11217,-972.0,240.0,-212.0
11233,-972.0,240.0,-212.0
11251,-972.0,240.0,-212.0
11266,-972.0,240.0,-212.0
11284,-972.0,240.0,-212.0
11301,-1104.0,-56.0,-324.0
11317,-1104.0,-56.0,-324.0
11333,-1104.0,-56.0,-324.0
11351,-1104.0,-56.0,-324.0
11367,-1104.0,-56.0,-324.0
11383,-1104.0,-56.0,-324.0
11401,-1008.0,-84.0,-192.0
11417,-1008.0,-84.0,-192.0
11434,-1008.0,-84.0,-192.0
11450,-1008.0,-84.0,-192.0
11467,-1008.0,-84.0,-192.0
11484,-1008.0,-84.0,-192.0
11500,-1008.0,-84.0,-192.0
11518,-1080.0,-180.0,-132.0
11534,-1080.0,-180.0,-132.0
11551,-1080.0,-180.0,-132.0
11566,-1080.0,-180.0,-132.0
11583,-1080.0,-180.0,-132.0
11601,-1080.0,-180.0,-132.0
11617,-1116.0,-12.0,-156.0
11635,-1116.0,-12.0,-156.0
11650,-1116.0,-12.0,-156.0
11667,-1116.0,-12.0,-156.0
11683,-1116.0,-12.0,-156.0
11701,-1116.0,-12.0,-156.0
11718,-1036.0,-124.0,-172.0
11734,-1036.0,-124.0,-172.0
11751,-1036.0,-124.0,-172.0
11767,-1036.0,-124.0,-172.0
11784,-1036.0,-124.0,-172.0
11800,-1036.0,-124.0,-172.0
11817,-1080.0,-260.0,-228.0
11835,-1080.0,-260.0,-228.0
11850,-1080.0,-260.0,-228.0
11868,-1080.0,-260.0,-228.0
11885,-1080.0,-260.0,-228.0
11900,-1080.0,-260.0,-228.0
11917,-1080.0,-260.0,-228.0
11934,-1020.0,-200.0,-200.0
11951,-1020.0,-200.0,-200.0
11968,-1020.0,-200.0,-200.0
11983,-1020.0,-200.0,-200.0
12001,-1020.0,-200.0,-200.0
12018,-1020.0,-200.0,-200.0
12034,-1032.0,-196.0,-184.0
12050,-1032.0,-196.0,-184.0
12067,-1032.0,-196.0,-184.0
12084,-1032.0,-196.0,-184.0
12101,-1032.0,-196.0,-184.0
12117,-1032.0,-196.0,-184.0
12133,-1000.0,-108.0,-228.0
12150,-1000.0,-108.0,-228.0
12168,-1000.0,-108.0,-228.0
12185,-1000.0,-108.0,-228.0
12200,-1000.0,-108.0,-228.0
12217,-1000.0,-108.0,-228.0
12233,-1036.0,-80.0,-220.0
12251,-1036.0,-80.0,-220.0
12273,-1036.0,-80.0,-220.0
12290,-1036.0,-80.0,-220.0
12307,-1036.0,-80.0,-220.0
12324,-1036.0,-80.0,-220.0
12341,-1064.0,-52.0,-240.0
12358,-1064.0,-52.0,-240.0
12375,-1064.0,-52.0,-240.0
12391,-1064.0,-52.0,-240.0
12408,-1064.0,-52.0,-240.0
12425,-1064.0,-52.0,-240.0
12441,-1036.0,92.0,-216.0
12457,-1036.0,92.0,-216.0
12475,-1036.0,92.0,-216.0
12491,-1036.0,92.0,-216.0
12508,-1036.0,92.0,-216.0
12525,-1036.0,92.0,-216.0
12541,-1036.0,92.0,-216.0
12557,-1072.0,212.0,-300.0
12574,-1072.0,212.0,-300.0
12591,-1072.0,212.0,-300.0
12608,-1072.0,212.0,-300.0
12624,-1072.0,212.0,-300.0
12641,-1072.0,212.0,-300.0
12658,-1056.0,188.0,-240.0
12674,-1056.0,188.0,-240.0
12691,-1056.0,188.0,-240.0
12707,-1056.0,188.0,-240.0
12725,-1056.0,188.0,-240.0
12741,-1056.0,188.0,-240.0
12758,-1056.0,80.0,-240.0
12774,-1056.0,80.0,-240.0
12790,-1056.0,80.0,-240.0
12807,-1056.0,80.0,-240.0
12825,-1056.0,80.0,-240.0
12841,-1056.0,80.0,-240.0
12857,-1036.0,-48.0,-192.0
12875,-1036.0,-48.0,-192.0
12892,-1036.0,-48.0,-192.0
12908,-1036.0,-48.0,-192.0
12925,-1036.0,-48.0,-192.0
12940,-1036.0,-48.0,-192.0
12958,-1076.0,-196.0,-104.0
12975,-1076.0,-196.0,-104.0
12991,-1076.0,-196.0,-104.0
13008,-1076.0,-196.0,-104.0
13024,-1076.0,-196.0,-104.0
13041,-1076.0,-196.0,-104.0
13058,-1076.0,-196.0,-104.0
13074,-1116.0,-192.0,-48.0
13091,-1116.0,-192.0,-48.0
13108,-1116.0,-192.0,-48.0
13125,-1116.0,-192.0,-48.0
13141,-1116.0,-192.0,-48.0
13159,-1116.0,-192.0,-48.0
13174,-1020.0,-204.0,-44.0
13191,-1020.0,-204.0,-44.0
13208,-1020.0,-204.0,-44.0
13224,-1020.0,-204.0,-44.0
13241,-1020.0,-204.0,-44.0
13257,-1020.0,-204.0,-44.0
13274,-1004.0,-208.0,-52.0
13291,-1004.0,-208.0,-52.0
13308,-1004.0,-208.0,-52.0
13324,-1004.0,-208.0,-52.0
13341,-1004.0,-208.0,-52.0
13357,-1004.0,-208.0,-52.0
13375,-1064.0,-188.0,-96.0
13391,-1064.0,-188.0,-96.0
13408,-1064.0,-188.0,-96.0
13424,-1064.0,-188.0,-96.0
13442,-1064.0,-188.0,-96.0
13459,-1064.0,-188.0,-96.0
13474,-1048.0,-164.0,-104.0
13492,-1048.0,-164.0,-104.0
13508,-1048.0,-164.0,-104.0
13525,-1048.0,-164.0,-104.0
13542,-1048.0,-164.0,-104.0
13558,-1048.0,-164.0,-104.0
13575,-1048.0,-164.0,-104.0
13592,-1068.0,-128.0,-112.0
13608,-1068.0,-128.0,-112.0
13624,-1068.0,-128.0,-112.0
13641,-1068.0,-128.0,-112.0
13658,-1068.0,-128.0,-112.0
13675,-1068.0,-128.0,-112.0
13691,-1052.0,-144.0,-100.0
13708,-1052.0,-144.0,-100.0
13725,-1052.0,-144.0,-100.0
13741,-1052.0,-144.0,-100.0
13758,-1052.0,-144.0,-100.0
13775,-1052.0,-144.0,-100.0
13791,-1048.0,-136.0,-136.0
13809,-1048.0,-136.0,-136.0
13825,-1048.0,-136.0,-136.0
13842,-1048.0,-136.0,-136.0
13859,-1048.0,-136.0,-136.0
13875,-1048.0,-136.0,-136.0
13892,-1052.0,-140.0,-156.0
13908,-1052.0,-140.0,-156.0
13925,-1052.0,-140.0,-156.0
13942,-1052.0,-140.0,-156.0
13958,-1052.0,-140.0,-156.0
13974,-1052.0,-140.0,-156.0
13992,-1052.0,-140.0,-156.0
14008,-1036.0,-44.0,-72.0
14025,-1036.0,-44.0,-72.0
14041,-1036.0,-44.0,-72.0
14058,-1036.0,-44.0,-72.0
14075,-1036.0,-44.0,-72.0
14091,-1036.0,-44.0,-72.0
14109,-1044.0,-72.0,-216.0
14125,-1044.0,-72.0,-216.0
14142,-1044.0,-72.0,-216.0
14158,-1044.0,-72.0,-216.0
14175,-1044.0,-72.0,-216.0
14192,-1044.0,-72.0,-216.0
14208,-1040.0,-52.0,-136.0
14225,-1040.0,-52.0,-136.0
14242,-1040.0,-52.0,-136.0
14258,-1040.0,-52.0,-136.0
14275,-1040.0,-52.0,-136.0
14292,-1040.0,-52.0,-136.0
14308,-1024.0,-184.0,-140.0
14325,-1024.0,-184.0,-140.0
14342,-1024.0,-184.0,-140.0
14359,-1024.0,-184.0,-140.0
14375,-1024.0,-184.0,-140.0
14392,-1024.0,-184.0,-140.0
14409,-1040.0,-144.0,-132.0
14425,-1040.0,-144.0,-132.0
14441,-1040.0,-144.0,-132.0
14458,-1040.0,-144.0,-132.0
14475,-1040.0,-144.0,-132.0
14491,-1040.0,-144.0,-132.0
14508,-1040.0,-144.0,-132.0
14525,-1048.0,-148.0,-124.0
14542,-1048.0,-148.0,-124.0
14559,-1048.0,-148.0,-124.0
14575,-1048.0,-148.0,-124.0
14591,-1048.0,-148.0,-124.0
14608,-1048.0,-148.0,-124.0
14625,-1016.0,-176.0,-92.0
14642,-1016.0,-176.0,-92.0
14658,-1016.0,-176.0,-92.0
14676,-1016.0,-176.0,-92.0
14692,-1016.0,-176.0,-92.0
14709,-1016.0,-176.0,-92.0
14725,-1060.0,-156.0,-72.0
14742,-1060.0,-156.0,-72.0
14759,-1060.0,-156.0,-72.0
14775,-1060.0,-156.0,-72.0
14792,-1060.0,-156.0,-72.0
14808,-1060.0,-156.0,-72.0
14825,-1064.0,-140.0,-112.0
14842,-1064.0,-140.0,-112.0
14858,-1064.0,-140.0,-112.0
14875,-1064.0,-140.0,-112.0
14891,-1064.0,-140.0,-112.0
14908,-1064.0,-140.0,-112.0
14925,-1064.0,-140.0,-112.0
14941,-1060.0,-156.0,-84.0
14958,-1060.0,-156.0,-84.0
14976,-1060.0,-156.0,-84.0
14991,-1060.0,-156.0,-84.0
15009,-1060.0,-156.0,-84.0
15025,-1060.0,-156.0,-84.0
15042,-1012.0,-244.0,-88.0
15059,-1012.0,-244.0,-88.0
15075,-1012.0,-244.0,-88.0
15091,-1012.0,-244.0,-88.0
15108,-1012.0,-244.0,-88.0
15125,-1012.0,-244.0,-88.0
15142,-1060.0,-96.0,-112.0
15158,-1060.0,-96.0,-112.0
15175,-1060.0,-96.0,-112.0
15191,-1060.0,-96.0,-112.0
15208,-1060.0,-96.0,-112.0
15224,-1060.0,-96.0,-112.0
15241,-1064.0,-228.0,-120.0
15259,-1064.0,-228.0,-120.0
15275,-1064.0,-228.0,-120.0
15292,-1064.0,-228.0,-120.0
15308,-1064.0,-228.0,-120.0
15325,-1064.0,-228.0,-120.0
15341,-1024.0,-152.0,-88.0
15358,-1024.0,-152.0,-88.0
15374,-1024.0,-152.0,-88.0
15391,-1024.0,-152.0,-88.0
15409,-1024.0,-152.0,-88.0
15424,-1024.0,-152.0,-88.0
15442,-1024.0,-152.0,-88.0
15459,-1048.0,-156.0,-124.0
15475,-1048.0,-156.0,-124.0
15492,-1048.0,-156.0,-124.0
15508,-1048.0,-156.0,-124.0
15525,-1048.0,-156.0,-124.0
15542,-1048.0,-156.0,-124.0
15559,-1052.0,-256.0,-204.0
15575,-1052.0,-256.0,-204.0
15592,-1052.0,-256.0,-204.0
15608,-1052.0,-256.0,-204.0
15626,-1052.0,-256.0,-204.0
15641,-1052.0,-256.0,-204.0
15658,-1028.0,-204.0,-164.0
15674,-1028.0,-204.0,-164.0
15691,-1028.0,-204.0,-164.0
15709,-1028.0,-204.0,-164.0
15725,-1028.0,-204.0,-164.0
15742,-1028.0,-204.0,-164.0
15759,-980.0,-260.0,-144.0
15775,-980.0,-260.0,-144.0
15791,-980.0,-260.0,-144.0
15809,-980.0,-260.0,-144.0
15832,-980.0,-260.0,-144.0
15849,-980.0,-260.0,-144.0
15866,-1140.0,-48.0,-160.0
15883,-1140.0,-48.0,-160.0
15899,-1140.0,-48.0,-160.0
15916,-1140.0,-48.0,-160.0
15933,-1140.0,-48.0,-160.0
15950,-1140.0,-48.0,-160.0
15967,-1152.0,28.0,-216.0
15983,-1152.0,28.0,-216.0
16000,-1152.0,28.0,-216.0
16016,-1152.0,28.0,-216.0
16033,-1152.0,28.0,-216.0
16050,-1152.0,28.0,-216.0
16066,-1152.0,28.0,-216.0
16083,-1100.0,96.0,-228.0
16100,-1100.0,96.0,-228.0
16116,-1100.0,96.0,-228.0
16133,-1100.0,96.0,-228.0
16150,-1100.0,96.0,-228.0
16166,-1100.0,96.0,-228.0
16183,-1080.0,-52.0,-268.0
16199,-1080.0,-52.0,-268.0
16216,-1080.0,-52.0,-268.0
16233,-1080.0,-52.0,-268.0
16249,-1080.0,-52.0,-268.0
16266,-1080.0,-52.0,-268.0
16282,-1024.0,-24.0,-184.0
16299,-1024.0,-24.0,-184.0
16316,-1024.0,-24.0,-184.0
16332,-1024.0,-24.0,-184.0
16350,-1024.0,-24.0,-184.0
16366,-1024.0,-24.0,-184.0
16382,-1068.0,-56.0,-120.0
16399,-1068.0,-56.0,-120.0
16416,-1068.0,-56.0,-120.0
16432,-1068.0,-56.0,-120.0
16450,-1068.0,-56.0,-120.0
16465,-1068.0,-56.0,-120.0
16483,-1060.0,-12.0,-88.0
16500,-1060.0,-12.0,-88.0
16516,-1060.0,-12.0,-88.0
16533,-1060.0,-12.0,-88.0
16550,-1060.0,-12.0,-88.0
16566,-1060.0,-12.0,-88.0
16583,-1060.0,-12.0,-88.0
16599,-1060.0,-44.0,-104.0
16616,-1060.0,-44.0,-104.0
16633,-1060.0,-44.0,-104.0
16650,-1060.0,-44.0,-104.0
16666,-1060.0,-44.0,-104.0
16683,-1060.0,-44.0,-104.0
16699,-1040.0,-68.0,-100.0
16716,-1040.0,-68.0,-100.0
16733,-1040.0,-68.0,-100.0
16749,-1040.0,-68.0,-100.0
16766,-1040.0,-68.0,-100.0
16783,-1040.0,-68.0,-100.0
16800,-952.0,-72.0,-124.0
16816,-952.0,-72.0,-124.0
16833,-952.0,-72.0,-124.0
16849,-952.0,-72.0,-124.0
16867,-952.0,-72.0,-124.0
16883,-952.0,-72.0,-124.0
16899,-1108.0,-292.0,-252.0
16916,-1108.0,-292.0,-252.0
16933,-1108.0,-292.0,-252.0
16950,-1108.0,-292.0,-252.0
16967,-1108.0,-292.0,-252.0
16983,-1108.0,-292.0,-252.0
17000,-1072.0,-212.0,-268.0
17016,-1072.0,-212.0,-268.0
17033,-1072.0,-212.0,-268.0
17050,-1072.0,-212.0,-268.0
17067,-1072.0,-212.0,-268.0
17083,-1072.0,-212.0,-268.0
17100,-1072.0,-212.0,-268.0
17117,-1008.0,-156.0,-132.0
17133,-1008.0,-156.0,-132.0
17150,-1008.0,-156.0,-132.0
17167,-1008.0,-156.0,-132.0
17183,-1008.0,-156.0,-132.0
17200,-1008.0,-156.0,-132.0
17216,-1008.0,4.0,-124.0
17233,-1008.0,4.0,-124.0
17249,-1008.0,4.0,-124.0
17267,-1008.0,4.0,-124.0
17283,-1008.0,4.0,-124.0
17300,-1008.0,4.0,-124.0
17317,-1052.0,-12.0,-132.0
17333,-1052.0,-12.0,-132.0
17350,-1052.0,-12.0,-132.0
17366,-1052.0,-12.0,-132.0
17383,-1052.0,-12.0,-132.0
17400,-1052.0,-12.0,-132.0
17416,-1092.0,120.0,-180.0
17433,-1092.0,120.0,-180.0
17450,-1092.0,120.0,-180.0
17467,-1092.0,120.0,-180.0
17483,-1092.0,120.0,-180.0
17500,-1092.0,120.0,-180.0
17516,-1092.0,120.0,-180.0
17533,-1072.0,32.0,-124.0
17549,-1072.0,32.0,-124.0
17566,-1072.0,32.0,-124.0
17582,-1072.0,32.0,-124.0
17600,-1072.0,32.0,-124.0
17616,-1072.0,32.0,-124.0
17633,-1060.0,4.0,-132.0
17649,-1060.0,4.0,-132.0
17666,-1060.0,4.0,-132.0
17683,-1060.0,4.0,-132.0
17700,-1060.0,4.0,-132.0
17717,-1060.0,4.0,-132.0
17734,-980.0,-8.0,-128.0
17750,-980.0,-8.0,-128.0
17767,-980.0,-8.0,-128.0
17783,-980.0,-8.0,-128.0
17800,-980.0,-8.0,-128.0
17816,-980.0,-8.0,-128.0
17833,-1216.0,-64.0,-232.0
17850,-1216.0,-64.0,-232.0
17866,-1216.0,-64.0,-232.0
17883,-1216.0,-64.0,-232.0
17900,-1216.0,-64.0,-232.0
17916,-1216.0,-64.0,-232.0
17932,-1216.0,-64.0,-232.0
17950,-1128.0,16.0,-192.0
17966,-1128.0,16.0,-192.0
17983,-1128.0,16.0,-192.0
18000,-1128.0,16.0,-192.0
18016,-1128.0,16.0,-192.0
18034,-1128.0,16.0,-192.0
18050,-756.0,192.0,-104.0
18067,-756.0,192.0,-104.0
18083,-756.0,192.0,-104.0
18100,-756.0,192.0,-104.0
18117,-756.0,192.0,-104.0
18133,-756.0,192.0,-104.0
18150,-1284.0,-188.0,-136.0
18167,-1284.0,-188.0,-136.0
18183,-1284.0,-188.0,-136.0
18200,-1284.0,-188.0,-136.0
18216,-1284.0,-188.0,-136.0
18233,-1284.0,-188.0,-136.0
18250,-848.0,-64.0,-188.0
18267,-848.0,-64.0,-188.0
18283,-848.0,-64.0,-188.0
18300,-848.0,-64.0,-188.0
18317,-848.0,-64.0,-188.0
18334,-848.0,-64.0,-188.0
18350,-1016.0,-60.0,-188.0
18367,-1016.0,-60.0,-188.0
18383,-1016.0,-60.0,-188.0
18400,-1016.0,-60.0,-188.0
18417,-1016.0,-60.0,-188.0
18433,-1016.0,-60.0,-188.0
18449,-1016.0,-60.0,-188.0
18467,-1172.0,0.0,-204.0
18483,-1172.0,0.0,-204.0
18500,-1172.0,0.0,-204.0
18516,-1172.0,0.0,-204.0
18533,-1172.0,0.0,-204.0
18550,-1172.0,0.0,-204.0
18567,-1148.0,0.0,-252.0
18584,-1148.0,0.0,-252.0
18600,-1148.0,0.0,-252.0
18617,-1148.0,0.0,-252.0
18633,-1148.0,0.0,-252.0
18651,-1148.0,0.0,-252.0
18667,-1000.0,60.0,-92.0
18683,-1000.0,60.0,-92.0
18700,-1000.0,60.0,-92.0
18716,-1000.0,60.0,-92.0
18733,-1000.0,60.0,-92.0
18750,-1000.0,60.0,-92.0
18767,-1116.0,48.0,-96.0
18784,-1116.0,48.0,-96.0
18799,-1116.0,48.0,-96.0
18816,-1116.0,48.0,-96.0
18834,-1116.0,48.0,-96.0
18850,-1116.0,48.0,-96.0
18867,-1040.0,60.0,-52.0
18884,-1040.0,60.0,-52.0
18900,-1040.0,60.0,-52.0
18917,-1040.0,60.0,-52.0
18933,-1040.0,60.0,-52.0
18950,-1040.0,60.0,-52.0
18967,-1040.0,60.0,-52.0
18984,-1064.0,32.0,-32.0
19000,-1064.0,32.0,-32.0
19017,-1064.0,32.0,-32.0
19033,-1064.0,32.0,-32.0
19050,-1064.0,32.0,-32.0
19067,-1064.0,32.0,-32.0
19083,-1040.0,40.0,-32.0
19100,-1040.0,40.0,-32.0
19117,-1040.0,40.0,-32.0
19133,-1040.0,40.0,-32.0
19150,-1040.0,40.0,-32.0
19167,-1040.0,40.0,-32.0
19184,-1068.0,-40.0,-44.0
19201,-1068.0,-40.0,-44.0
19216,-1068.0,-40.0,-44.0
19234,-1068.0,-40.0,-44.0
19250,-1068.0,-40.0,-44.0
19267,-1068.0,-40.0,-44.0
19283,-1052.0,56.0,-92.0
19300,-1052.0,56.0,-92.0
19318,-1052.0,56.0,-92.0
19333,-1052.0,56.0,-92.0
19350,-1052.0,56.0,-92.0
19366,-1052.0,56.0,-92.0
19384,-1000.0,232.0,-60.0
19401,-1000.0,232.0,-60.0
19416,-1000.0,232.0,-60.0
19434,-1000.0,232.0,-60.0
19456,-1000.0,232.0,-60.0
19474,-1000.0,232.0,-60.0
19491,-1024.0,260.0,-104.0
19507,-1024.0,260.0,-104.0
19524,-1024.0,260.0,-104.0
19541,-1024.0,260.0,-104.0
19557,-1024.0,260.0,-104.0
19574,-1024.0,260.0,-104.0
19591,-1032.0,180.0,-92.0
19608,-1032.0,180.0,-92.0
19625,-1032.0,180.0,-92.0
19641,-1032.0,180.0,-92.0
19658,-1032.0,180.0,-92.0
19674,-1032.0,180.0,-92.0
19691,-1032.0,180.0,-92.0
19708,-1064.0,148.0,-128.0
19724,-1064.0,148.0,-128.0
19741,-1064.0,148.0,-128.0
19758,-1064.0,148.0,-128.0
19774,-1064.0,148.0,-128.0
19791,-1064.0,148.0,-128.0
19807,-1072.0,220.0,-112.0
19824,-1072.0,220.0,-112.0
19841,-1072.0,220.0,-112.0
19858,-1072.0,220.0,-112.0
19874,-1072.0,220.0,-112.0
19891,-1072.0,220.0,-112.0
19907,-1044.0,216.0,-200.0
19924,-1044.0,216.0,-200.0
19940,-1044.0,216.0,-200.0
19957,-1044.0,216.0,-200.0
19974,-1044.0,216.0,-200.0
19990,-1044.0,216.0,-200.0
20007,-1000.0,284.0,-152.0
20024,-1000.0,284.0,-152.0
20041,-1000.0,284.0,-152.0
20058,-1000.0,284.0,-152.0
20074,-1000.0,284.0,-152.0
20090,-1000.0,284.0,-152.0
20107,-1000.0,284.0,-152.0
20125,-1044.0,228.0,-204.0
20141,-1044.0,228.0,-204.0
20158,-1044.0,228.0,-204.0
20174,-1044.0,228.0,-204.0
20191,-1044.0,228.0,-204.0
20208,-1044.0,228.0,-204.0
20224,-1112.0,244.0,-116.0
20241,-1112.0,244.0,-116.0
20257,-1112.0,244.0,-116.0
20274,-1112.0,244.0,-116.0
20291,-1112.0,244.0,-116.0
20308,-1112.0,244.0,-116.0
20324,-1072.0,332.0,20.0
20341,-1072.0,332.0,20.0
20358,-1072.0,332.0,20.0
20375,-1072.0,332.0,20.0
20391,-1072.0,332.0,20.0
20407,-1072.0,332.0,20.0
20424,-988.0,92.0,28.0
20441,-988.0,92.0,28.0
20457,-988.0,92.0,28.0
20474,-988.0,92.0,28.0
20491,-988.0,92.0,28.0
20508,-988.0,92.0,28.0
20524,-1068.0,-8.0,-16.0
20542,-1068.0,-8.0,-16.0
20557,-1068.0,-8.0,-16.0
20575,-1068.0,-8.0,-16.0
20591,-1068.0,-8.0,-16.0
20608,-1068.0,-8.0,-16.0
20625,-1068.0,-8.0,-16.0
20641,-1080.0,24.0,-52.0
20658,-1080.0,24.0,-52.0
20674,-1080.0,24.0,-52.0
20692,-1080.0,24.0,-52.0
20708,-1080.0,24.0,-52.0
20724,-1080.0,24.0,-52.0
20741,-1008.0,-4.0,-88.0
20758,-1008.0,-4.0,-88.0
20774,-1008.0,-4.0,-88.0
20791,-1008.0,-4.0,-88.0
20808,-1008.0,-4.0,-88.0
20824,-1008.0,-4.0,-88.0
20840,-1008.0,20.0,-116.0
20858,-1008.0,20.0,-116.0
20875,-1008.0,20.0,-116.0
20891,-1008.0,20.0,-116.0
20908,-1008.0,20.0,-116.0
20925,-1008.0,20.0,-116.0
20941,-1180.0,36.0,-152.0
20958,-1180.0,36.0,-152.0
20975,-1180.0,36.0,-152.0
20992,-1180.0,36.0,-152.0
21008,-1180.0,36.0,-152.0
21025,-1180.0,36.0,-152.0
21041,-1084.0,92.0,-156.0
21058,-1084.0,92.0,-156.0
21074,-1084.0,92.0,-156.0
21092,-1084.0,92.0,-156.0
21108,-1084.0,92.0,-156.0
21125,-1084.0,92.0,-156.0
21141,-1084.0,92.0,-156.0
21157,-952.0,132.0,-108.0
21174,-952.0,132.0,-108.0
21191,-952.0,132.0,-108.0
21207,-952.0,132.0,-108.0
21224,-952.0,132.0,-108.0
21241,-952.0,132.0,-108.0
21258,-1032.0,316.0,-176.0
21274,-1032.0,316.0,-176.0
21290,-1032.0,316.0,-176.0
21308,-1032.0,316.0,-176.0
21325,-1032.0,316.0,-176.0
21342,-1032.0,316.0,-176.0
21358,-1108.0,224.0,-276.0
21375,-1108.0,224.0,-276.0
21391,-1108.0,224.0,-276.0
21408,-1108.0,224.0,-276.0
21425,-1108.0,224.0,-276.0
21441,-1108.0,224.0,-276.0
21458,-960.0,272.0,-216.0
21474,-960.0,272.0,-216.0
21492,-960.0,272.0,-216.0
21508,-960.0,272.0,-216.0
21525,-960.0,272.0,-216.0
21541,-960.0,272.0,-216.0
21558,-960.0,272.0,-216.0
21575,-972.0,296.0,-176.0
21591,-972.0,296.0,-176.0
21608,-972.0,296.0,-176.0
21625,-972.0,296.0,-176.0
21642,-972.0,296.0,-176.0
21658,-972.0,296.0,-176.0
21675,-1120.0,164.0,-180.0
21691,-1120.0,164.0,-180.0
21709,-1120.0,164.0,-180.0
21725,-1120.0,164.0,-180.0
21742,-1120.0,164.0,-180.0
21758,-1120.0,164.0,-180.0
21774,-1132.0,184.0,-240.0
21792,-1132.0,184.0,-240.0
21808,-1132.0,184.0,-240.0
21825,-1132.0,184.0,-240.0
21842,-1132.0,184.0,-240.0
21859,-1132.0,184.0,-240.0
21875,-1064.0,28.0,-136.0
21891,-1064.0,28.0,-136.0
21908,-1064.0,28.0,-136.0
21924,-1064.0,28.0,-136.0
21941,-1064.0,28.0,-136.0
21958,-1064.0,28.0,-136.0
21975,-1008.0,-68.0,-132.0
21991,-1008.0,-68.0,-132.0
22008,-1008.0,-68.0,-132.0
22025,-1008.0,-68.0,-132.0
22041,-1008.0,-68.0,-132.0
22058,-1008.0,-68.0,-132.0
22075,-1008.0,-68.0,-132.0
22090,-1012.0,-84.0,-108.0
22108,-1012.0,-84.0,-108.0
22125,-1012.0,-84.0,-108.0
22142,-1012.0,-84.0,-108.0
22158,-1012.0,-84.0,-108.0
22175,-1012.0,-84.0,-108.0
22191,-1080.0,-84.0,-108.0
22208,-1080.0,-84.0,-108.0
22224,-1080.0,-84.0,-108.0
22250,-1080.0,-84.0,-108.0
22268,-1080.0,-84.0,-108.0
22285,-1080.0,-84.0,-108.0
22301,-1080.0,-56.0,-180.0
22318,-1080.0,-56.0,-180.0
22335,-1080.0,-56.0,-180.0
22351,-1080.0,-56.0,-180.0
22368,-1080.0,-56.0,-180.0
22385,-1080.0,-56.0,-180.0
22401,-1072.0,-60.0,-48.0
22417,-1072.0,-60.0,-48.0
22434,-1072.0,-60.0,-48.0
22451,-1072.0,-60.0,-48.0
22468,-1072.0,-60.0,-48.0
22484,-1072.0,-60.0,-48.0
22501,-1040.0,-12.0,-64.0
22518,-1040.0,-12.0,-64.0
22534,-1040.0,-12.0,-64.0
22550,-1040.0,-12.0,-64.0
22568,-1040.0,-12.0,-64.0
22584,-1040.0,-12.0,-64.0
22601,-1080.0,-148.0,-68.0
22617,-1080.0,-148.0,-68.0
22635,-1080.0,-148.0,-68.0
22651,-1080.0,-148.0,-68.0
22667,-1080.0,-148.0,-68.0
22684,-1080.0,-148.0,-68.0
22701,-1064.0,-64.0,-24.0
22718,-1064.0,-64.0,-24.0
22734,-1064.0,-64.0,-24.0
22751,-1064.0,-64.0,-24.0
22767,-1064.0,-64.0,-24.0
22784,-1064.0,-64.0,-24.0
22801,-1064.0,-64.0,-24.0
22817,-1044.0,-24.0,-56.0
22834,-1044.0,-24.0,-56.0
22850,-1044.0,-24.0,-56.0
22868,-1044.0,-24.0,-56.0
22885,-1044.0,-24.0,-56.0
22901,-1044.0,-24.0,-56.0
22918,-1084.0,140.0,-112.0
22934,-1084.0,140.0,-112.0
22951,-1084.0,140.0,-112.0
22968,-1084.0,140.0,-112.0
22984,-1084.0,140.0,-112.0
23001,-1084.0,140.0,-112.0
23018,-1036.0,0.0,-92.0
23034,-1036.0,0.0,-92.0
23051,-1036.0,0.0,-92.0
23068,-1036.0,0.0,-92.0
23084,-1036.0,0.0,-92.0
23101,-1036.0,0.0,-92.0
23117,-1080.0,-60.0,-68.0
23134,-1080.0,-60.0,-68.0
23151,-1080.0,-60.0,-68.0
23168,-1080.0,-60.0,-68.0
23184,-1080.0,-60.0,-68.0
23201,-1080.0,-60.0,-68.0
23217,-1080.0,-60.0,-68.0
23234,-1060.0,-12.0,-52.0
23251,-1060.0,-12.0,-52.0
23267,-1060.0,-12.0,-52.0
23284,-1060.0,-12.0,-52.0
23301,-1060.0,-12.0,-52.0
23318,-1060.0,-12.0,-52.0
23335,-1088.0,-40.0,-72.0
23351,-1088.0,-40.0,-72.0
23368,-1088.0,-40.0,-72.0
23384,-1088.0,-40.0,-72.0
23401,-1088.0,-40.0,-72.0
23417,-1088.0,-40.0,-72.0
23435,-1028.0,-28.0,-40.0
23452,-1028.0,-28.0,-40.0
23468,-1028.0,-28.0,-40.0
23485,-1028.0,-28.0,-40.0
23501,-1028.0,-28.0,-40.0
23518,-1028.0,-28.0,-40.0
23534,-1092.0,-28.0,-68.0
23551,-1092.0,-28.0,-68.0
23568,-1092.0,-28.0,-68.0
23585,-1092.0,-28.0,-68.0
23601,-1092.0,-28.0,-68.0
23618,-1092.0,-28.0,-68.0
23634,-1048.0,72.0,-40.0
23651,-1048.0,72.0,-40.0
23667,-1048.0,72.0,-40.0
23685,-1048.0,72.0,-40.0
23701,-1048.0,72.0,-40.0
23718,-1048.0,72.0,-40.0
23734,-1048.0,72.0,-40.0
23752,-1036.0,-76.0,-36.0
23767,-1036.0,-76.0,-36.0
23785,-1036.0,-76.0,-36.0
23801,-1036.0,-76.0,-36.0
23818,-1036.0,-76.0,-36.0
23835,-1036.0,-76.0,-36.0
23851,-1048.0,-76.0,-68.0
23868,-1048.0,-76.0,-68.0
23884,-1048.0,-76.0,-68.0
23902,-1048.0,-76.0,-68.0
23918,-1048.0,-76.0,-68.0
23935,-1048.0,-76.0,-68.0
23951,-1060.0,24.0,-144.0
23968,-1060.0,24.0,-144.0
23984,-1060.0,24.0,-144.0
24001,-1060.0,24.0,-144.0
24018,-1060.0,24.0,-144.0
24035,-1060.0,24.0,-144.0
24051,-1076.0,0.0,-100.0
24068,-1076.0,0.0,-100.0
24085,-1076.0,0.0,-100.0
24101,-1076.0,0.0,-100.0
24119,-1076.0,0.0,-100.0
24135,-1076.0,0.0,-100.0
24151,-1084.0,52.0,-124.0
24168,-1084.0,52.0,-124.0
24184,-1084.0,52.0,-124.0
24202,-1084.0,52.0,-124.0
24219,-1084.0,52.0,-124.0
24235,-1084.0,52.0,-124.0
24251,-1084.0,52.0,-124.0
24268,-1028.0,60.0,-116.0
24285,-1028.0,60.0,-116.0
24302,-1028.0,60.0,-116.0
24318,-1028.0,60.0,-116.0
24334,-1028.0,60.0,-116.0
24351,-1028.0,60.0,-116.0
24368,-1080.0,96.0,-156.0
24385,-1080.0,96.0,-156.0
24402,-1080.0,96.0,-156.0
24418,-1080.0,96.0,-156.0
24435,-1080.0,96.0,-156.0
24451,-1080.0,96.0,-156.0
24469,-1036.0,40.0,-156.0
24484,-1036.0,40.0,-156.0
24502,-1036.0,40.0,-156.0
24518,-1036.0,40.0,-156.0
24535,-1036.0,40.0,-156.0
24552,-1036.0,40.0,-156.0
24568,-1052.0,-8.0,-132.0
24585,-1052.0,-8.0,-132.0
24602,-1052.0,-8.0,-132.0
24618,-1052.0,-8.0,-132.0
24635,-1052.0,-8.0,-132.0
24652,-1052.0,-8.0,-132.0
24668,-1056.0,-28.0,-140.0
24685,-1056.0,-28.0,-140.0
24701,-1056.0,-28.0,-140.0
24718,-1056.0,-28.0,-140.0
24734,-1056.0,-28.0,-140.0
24751,-1056.0,-28.0,-140.0
24768,-1056.0,-28.0,-140.0
24785,-1060.0,4.0,-156.0
24801,-1060.0,4.0,-156.0
24819,-1060.0,4.0,-156.0
24834,-1060.0,4.0,-156.0
24851,-1060.0,4.0,-156.0
24867,-1060.0,4.0,-156.0
24884,-1056.0,36.0,-128.0
24902,-1056.0,36.0,-128.0
24917,-1056.0,36.0,-128.0
24936,-1056.0,36.0,-128.0
24952,-1056.0,36.0,-128.0
24968,-1056.0,36.0,-128.0
24985,-1060.0,64.0,-140.0
25002,-1060.0,64.0,-140.0
25019,-1060.0,64.0,-140.0
25035,-1060.0,64.0,-140.0
25051,-1060.0,64.0,-140.0
25068,-1060.0,64.0,-140.0
25085,-1068.0,44.0,-172.0
25101,-1068.0,44.0,-172.0
25118,-1068.0,44.0,-172.0
25135,-1068.0,44.0,-172.0
25152,-1068.0,44.0,-172.0
25168,-1068.0,44.0,-172.0
25185,-1068.0,44.0,-172.0
25201,-1036.0,24.0,-176.0
25219,-1036.0,24.0,-176.0
25234,-1036.0,24.0,-176.0
25252,-1036.0,24.0,-176.0
25269,-1036.0,24.0,-176.0
25286,-1036.0,24.0,-176.0
25302,-1056.0,32.0,-160.0
25317,-1056.0,32.0,-160.0
25336,-1056.0,32.0,-160.0
25352,-1056.0,32.0,-160.0
25369,-1056.0,32.0,-160.0
25385,-1056.0,32.0,-160.0
25402,-1036.0,40.0,-144.0
25418,-1036.0,40.0,-144.0
25435,-1036.0,40.0,-144.0
25452,-1036.0,40.0,-144.0
25469,-1036.0,40.0,-144.0
25485,-1036.0,40.0,-144.0
25501,-1076.0,36.0,-180.0
25519,-1076.0,36.0,-180.0
25534,-1076.0,36.0,-180.0
25552,-1076.0,36.0,-180.0
25568,-1076.0,36.0,-180.0
25585,-1076.0,36.0,-180.0
25602,-1008.0,-12.0,-212.0
25618,-1008.0,-12.0,-212.0
25635,-1008.0,-12.0,-212.0
25651,-1008.0,-12.0,-212.0
25668,-1008.0,-12.0,-212.0
25686,-1008.0,-12.0,-212.0
25701,-1008.0,-12.0,-212.0
25718,-1032.0,60.0,-236.0
25735,-1032.0,60.0,-236.0
25752,-1032.0,60.0,-236.0
25768,-1032.0,60.0,-236.0
25785,-1032.0,60.0,-236.0
25801,-1032.0,60.0,-236.0
25818,-1104.0,120.0,-276.0
25835,-1104.0,120.0,-276.0
25851,-1104.0,120.0,-276.0
25868,-1104.0,120.0,-276.0
25885,-1104.0,120.0,-276.0
25901,-1104.0,120.0,-276.0
25917,-1060.0,80.0,-256.0
25934,-1060.0,80.0,-256.0
25952,-1060.0,80.0,-256.0
25969,-1060.0,80.0,-256.0
25985,-1060.0,80.0,-256.0
26001,-1060.0,80.0,-256.0
26018,-1060.0,68.0,-256.0
26034,-1060.0,68.0,-256.0
26053,-1060.0,68.0,-256.0
26072,-1060.0,68.0,-256.0
26090,-1060.0,68.0,-256.0
26108,-1060.0,68.0,-256.0
26125,-988.0,-8.0,-212.0
26141,-988.0,-8.0,-212.0
26158,-988.0,-8.0,-212.0
26176,-988.0,-8.0,-212.0
26192,-988.0,-8.0,-212.0
26208,-988.0,-8.0,-212.0
26225,-1048.0,52.0,-252.0
26242,-1048.0,52.0,-252.0
26259,-1048.0,52.0,-252.0
26275,-1048.0,52.0,-252.0
26292,-1048.0,52.0,-252.0
26309,-1048.0,52.0,-252.0
26325,-1048.0,52.0,-252.0
26342,-1024.0,84.0,-204.0
26359,-1024.0,84.0,-204.0
26374,-1024.0,84.0,-204.0
26392,-1024.0,84.0,-204.0
26408,-1024.0,84.0,-204.0
26425,-1024.0,84.0,-204.0
26442,-1040.0,192.0,-220.0
26458,-1040.0,192.0,-220.0
26475,-1040.0,192.0,-220.0
26491,-1040.0,192.0,-220.0
26508,-1040.0,192.0,-220.0
26525,-1040.0,192.0,-220.0
26542,-1032.0,144.0,-248.0
26559,-1032.0,144.0,-248.0
26575,-1032.0,144.0,-248.0
26592,-1032.0,144.0,-248.0
26608,-1032.0,144.0,-248.0
26625,-1032.0,144.0,-248.0
26641,-1040.0,164.0,-240.0
26659,-1040.0,164.0,-240.0
26674,-1040.0,164.0,-240.0
26692,-1040.0,164.0,-240.0
26708,-1040.0,164.0,-240.0
26725,-1040.0,164.0,-240.0
26741,-1020.0,144.0,-188.0
26758,-1020.0,144.0,-188.0
26775,-1020.0,144.0,-188.0
26791,-1020.0,144.0,-188.0
26809,-1020.0,144.0,-188.0
26825,-1020.0,144.0,-188.0
26842,-1020.0,144.0,-188.0
26859,-1020.0,184.0,-220.0
26875,-1020.0,184.0,-220.0
26892,-1020.0,184.0,-220.0
26908,-1020.0,184.0,-220.0
26925,-1020.0,184.0,-220.0
26942,-1020.0,184.0,-220.0
26959,-1044.0,200.0,-172.0
26975,-1044.0,200.0,-172.0
26992,-1044.0,200.0,-172.0
27008,-1044.0,200.0,-172.0
27026,-1044.0,200.0,-172.0
27042,-1044.0,200.0,-172.0
27059,-1064.0,92.0,-180.0
27075,-1064.0,92.0,-180.0
27092,-1064.0,92.0,-180.0
27108,-1064.0,92.0,-180.0
27125,-1064.0,92.0,-180.0
27141,-1064.0,92.0,-180.0
27159,-1020.0,160.0,-184.0
27175,-1020.0,160.0,-184.0
27192,-1020.0,160.0,-184.0
27208,-1020.0,160.0,-184.0
27225,-1020.0,160.0,-184.0
27242,-1020.0,160.0,-184.0
27259,-1032.0,188.0,-196.0
27275,-1032.0,188.0,-196.0
27292,-1032.0,188.0,-196.0
27308,-1032.0,188.0,-196.0
27325,-1032.0,188.0,-196.0
27342,-1032.0,188.0,-196.0
27359,-1032.0,188.0,-196.0
27375,-1036.0,188.0,-192.0
27392,-1036.0,188.0,-192.0
27408,-1036.0,188.0,-192.0
27425,-1036.0,188.0,-192.0
27442,-1036.0,188.0,-192.0
27458,-1036.0,188.0,-192.0
27476,-1088.0,272.0,-212.0
27492,-1088.0,272.0,-212.0
27509,-1088.0,272.0,-212.0
27525,-1088.0,272.0,-212.0
27542,-1088.0,272.0,-212.0
27559,-1088.0,272.0,-212.0
27575,-964.0,264.0,-224.0
27592,-964.0,264.0,-224.0
27609,-964.0,264.0,-224.0
27626,-964.0,264.0,-224.0
27643,-964.0,264.0,-224.0
27658,-964.0,264.0,-224.0
27676,-1016.0,204.0,-212.0
27692,-1016.0,204.0,-212.0
27709,-1016.0,204.0,-212.0
27725,-1016.0,204.0,-212.0
27742,-1016.0,204.0,-212.0
27759,-1016.0,204.0,-212.0
27775,-1016.0,204.0,-212.0
27792,-872.0,-100.0,-112.0
27809,-872.0,-100.0,-112.0
27825,-872.0,-100.0,-112.0
27842,-872.0,-100.0,-112.0
27858,-872.0,-100.0,-112.0
27875,-872.0,-100.0,-112.0
27891,-1144.0,20.0,-216.0
27908,-1144.0,20.0,-216.0
27926,-1144.0,20.0,-216.0
27942,-1144.0,20.0,-216.0
27959,-1144.0,20.0,-216.0
27975,-1144.0,20.0,-216.0
27992,-1148.0,60.0,-252.0
28008,-1148.0,60.0,-252.0
28026,-1148.0,60.0,-252.0
28042,-1148.0,60.0,-252.0
28059,-1148.0,60.0,-252.0
28076,-1148.0,60.0,-252.0
28093,-1028.0,136.0,-272.0
28109,-1028.0,136.0,-272.0
28125,-1028.0,136.0,-272.0
28142,-1028.0,136.0,-272.0
28158,-1028.0,136.0,-272.0
28175,-1028.0,136.0,-272.0
28192,-1028.0,136.0,-272.0
28208,-1064.0,132.0,-184.0
28226,-1064.0,132.0,-184.0
28243,-1064.0,132.0,-184.0
28258,-1064.0,132.0,-184.0
28275,-1064.0,132.0,-184.0
28292,-1064.0,132.0,-184.0
28309,-1028.0,224.0,-124.0
28326,-1028.0,224.0,-124.0
28343,-1028.0,224.0,-124.0
28359,-1028.0,224.0,-124.0
28376,-1028.0,224.0,-124.0
28392,-1028.0,224.0,-124.0
28409,-1016.0,200.0,-104.0
28426,-1016.0,200.0,-104.0
28442,-1016.0,200.0,-104.0
28459,-1016.0,200.0,-104.0
28475,-1016.0,200.0,-104.0
28492,-1016.0,200.0,-104.0
28509,-1028.0,292.0,-136.0
28525,-1028.0,292.0,-136.0
28542,-1028.0,292.0,-136.0
28559,-1028.0,292.0,-136.0
28576,-1028.0,292.0,-136.0
28592,-1028.0,292.0,-136.0
28609,-1000.0,304.0,-124.0
28625,-1000.0,304.0,-124.0
28642,-1000.0,304.0,-124.0
