MILLIS,X,Y,Z
1373,-1052.0,-52.0,-228.0
1498,-1036.0,-128.0,-212.0
1514,-1036.0,-128.0,-212.0
1531,-1036.0,-128.0,-212.0
1550,-1036.0,-128.0,-212.0
1567,-1036.0,-128.0,-212.0
1585,-1036.0,-128.0,-212.0
1601,-1064.0,-164.0,-180.0
1617,-1064.0,-164.0,-180.0
1635,-1064.0,-164.0,-180.0
1651,-1064.0,-164.0,-180.0
1667,-1064.0,-164.0,-180.0
1683,-1064.0,-164.0,-180.0
1701,-1248.0,88.0,-100.0
1718,-1248.0,88.0,-100.0
1735,-1248.0,88.0,-100.0
1750,-1248.0,88.0,-100.0
1767,-1248.0,88.0,-100.0
1783,-1248.0,88.0,-100.0
1801,-968.0,56.0,-280.0
1817,-968.0,56.0,-280.0
1834,-968.0,56.0,-280.0
1851,-968.0,56.0,-280.0
1867,-968.0,56.0,-280.0
1884,-968.0,56.0,-280.0
1900,-1116.0,188.0,-228.0
1917,-1116.0,188.0,-228.0
1933,-1116.0,188.0,-228.0
1950,-1116.0,188.0,-228.0
1967,-1116.0,188.0,-228.0
1983,-1116.0,188.0,-228.0
2000,-1116.0,188.0,-228.0
2016,-968.0,344.0,-232.0
2033,-968.0,344.0,-232.0
2049,-968.0,344.0,-232.0
2066,-968.0,344.0,-232.0
2083,-968.0,344.0,-232.0
2100,-968.0,344.0,-232.0
2116,-1000.0,228.0,-180.0
2134,-1000.0,228.0,-180.0
2150,-1000.0,228.0,-180.0
2166,-1000.0,228.0,-180.0
2183,-1000.0,228.0,-180.0
2199,-1000.0,228.0,-180.0
2217,-1032.0,292.0,-180.0
2233,-1032.0,292.0,-180.0
2250,-1032.0,292.0,-180.0
2267,-1032.0,292.0,-180.0
2284,-1032.0,292.0,-180.0
2300,-1032.0,292.0,-180.0
2317,-1004.0,244.0,-204.0
2333,-1004.0,244.0,-204.0
2350,-1004.0,244.0,-204.0
2367,-1004.0,244.0,-204.0
2383,-1004.0,244.0,-204.0
2401,-1004.0,244.0,-204.0
2417,-1004.0,244.0,-204.0
2434,-1020.0,304.0,-192.0
2450,-1020.0,304.0,-192.0
2467,-1020.0,304.0,-192.0
2484,-1020.0,304.0,-192.0
2500,-1020.0,304.0,-192.0
2517,-1020.0,304.0,-192.0
2534,-972.0,256.0,-180.0
2550,-972.0,256.0,-180.0
2567,-972.0,256.0,-180.0
2584,-972.0,256.0,-180.0
2600,-972.0,256.0,-180.0
2617,-972.0,256.0,-180.0
2634,-1116.0,76.0,-236.0
2651,-1116.0,76.0,-236.0
2667,-1116.0,76.0,-236.0
2684,-1116.0,76.0,-236.0
2701,-1116.0,76.0,-236.0
2717,-1116.0,76.0,-236.0
2734,-1128.0,-64.0,-132.0
2750,-1128.0,-64.0,-132.0
2767,-1128.0,-64.0,-132.0
2784,-1128.0,-64.0,-132.0
2801,-1128.0,-64.0,-132.0
2817,-1128.0,-64.0,-132.0
2833,-1112.0,36.0,-100.0
2850,-1112.0,36.0,-100.0
2867,-1112.0,36.0,-100.0
2884,-1112.0,36.0,-100.0
2900,-1112.0,36.0,-100.0
2917,-1112.0,36.0,-100.0
2933,-1112.0,36.0,-100.0
2950,-1008.0,-40.0,-200.0
2967,-1008.0,-40.0,-200.0
2983,-1008.0,-40.0,-200.0
3000,-1008.0,-40.0,-200.0
3017,-1008.0,-40.0,-200.0
3034,-1008.0,-40.0,-200.0
3050,-1056.0,-44.0,-208.0
3067,-1056.0,-44.0,-208.0
3084,-1056.0,-44.0,-208.0
3100,-1056.0,-44.0,-208.0
3118,-1056.0,-44.0,-208.0
3133,-1056.0,-44.0,-208.0
3151,-1008.0,-52.0,-236.0
3167,-1008.0,-52.0,-236.0
3184,-1008.0,-52.0,-236.0
3200,-1008.0,-52.0,-236.0
3217,-1008.0,-52.0,-236.0
3233,-1008.0,-52.0,-236.0
3250,-1068.0,-20.0,-232.0
3267,-1068.0,-20.0,-232.0
3284,-1068.0,-20.0,-232.0
3300,-1068.0,-20.0,-232.0
3317,-1068.0,-20.0,-232.0
3333,-1068.0,-20.0,-232.0
3350,-1068.0,-20.0,-232.0
3366,-1076.0,-20.0,-248.0
3384,-1076.0,-20.0,-248.0
3400,-1076.0,-20.0,-248.0
3416,-1076.0,-20.0,-248.0
3433,-1076.0,-20.0,-248.0
3450,-1076.0,-20.0,-248.0
3467,-1028.0,-48.0,-264.0
3484,-1028.0,-48.0,-264.0
3500,-1028.0,-48.0,-264.0
3517,-1028.0,-48.0,-264.0
3534,-1028.0,-48.0,-264.0
3550,-1028.0,-48.0,-264.0
3566,-1052.0,-16.0,-256.0
3584,-1052.0,-16.0,-256.0
3600,-1052.0,-16.0,-256.0
3616,-1052.0,-16.0,-256.0
3634,-1052.0,-16.0,-256.0
3650,-1052.0,-16.0,-256.0
3666,-1008.0,-28.0,-232.0
3684,-1008.0,-28.0,-232.0
3700,-1008.0,-28.0,-232.0
3717,-1008.0,-28.0,-232.0
3733,-1008.0,-28.0,-232.0
3750,-1008.0,-28.0,-232.0
3767,-1048.0,-36.0,-220.0
3783,-1048.0,-36.0,-220.0
3800,-1048.0,-36.0,-220.0
3818,-1048.0,-36.0,-220.0
3834,-1048.0,-36.0,-220.0
3851,-1048.0,-36.0,-220.0
3866,-1048.0,-36.0,-220.0
3884,-1052.0,-132.0,-268.0
3900,-1052.0,-132.0,-268.0
3917,-1052.0,-132.0,-268.0
3933,-1052.0,-132.0,-268.0
3950,-1052.0,-132.0,-268.0
3967,-1052.0,-132.0,-268.0
3984,-1012.0,-136.0,-248.0
4000,-1012.0,-136.0,-248.0
4017,-1012.0,-136.0,-248.0
4033,-1012.0,-136.0,-248.0
4050,-1012.0,-136.0,-248.0
4067,-1012.0,-136.0,-248.0
4084,-1096.0,-140.0,-212.0
4100,-1096.0,-140.0,-212.0
4116,-1096.0,-140.0,-212.0
4133,-1096.0,-140.0,-212.0
4151,-1096.0,-140.0,-212.0
4168,-1096.0,-140.0,-212.0
4183,-1240.0,-12.0,-136.0
4200,-1240.0,-12.0,-136.0
4217,-1240.0,-12.0,-136.0
4233,-1240.0,-12.0,-136.0
4250,-1240.0,-12.0,-136.0
4267,-1240.0,-12.0,-136.0
4283,-1240.0,-12.0,-136.0
4299,-1008.0,112.0,-200.0
4317,-1008.0,112.0,-200.0
4334,-1008.0,112.0,-200.0
4350,-1008.0,112.0,-200.0
4367,-1008.0,112.0,-200.0
4383,-1008.0,112.0,-200.0
4400,-1032.0,120.0,-228.0
4417,-1032.0,120.0,-228.0
4434,-1032.0,120.0,-228.0
4450,-1032.0,120.0,-228.0
4467,-1032.0,120.0,-228.0
4483,-1032.0,120.0,-228.0
4500,-1028.0,192.0,-208.0
4517,-1028.0,192.0,-208.0
4533,-1028.0,192.0,-208.0
4550,-1028.0,192.0,-208.0
4566,-1028.0,192.0,-208.0
4584,-1028.0,192.0,-208.0
4601,-1028.0,156.0,-224.0
4617,-1028.0,156.0,-224.0
4633,-1028.0,156.0,-224.0
4650,-1028.0,156.0,-224.0
4666,-1028.0,156.0,-224.0
4683,-1028.0,156.0,-224.0
4699,-1028.0,156.0,-224.0
4717,-1048.0,140.0,-228.0
4734,-1048.0,140.0,-228.0
4751,-1048.0,140.0,-228.0
4766,-1048.0,140.0,-228.0
4783,-1048.0,140.0,-228.0
4800,-1048.0,140.0,-228.0
4817,-1024.0,140.0,-232.0
4834,-1024.0,140.0,-232.0
4850,-1024.0,140.0,-232.0
4867,-1024.0,140.0,-232.0
4883,-1024.0,140.0,-232.0
4900,-1024.0,140.0,-232.0
4918,-1040.0,84.0,-200.0
4936,-1040.0,84.0,-200.0
4954,-1040.0,84.0,-200.0
4973,-1040.0,84.0,-200.0
4990,-1040.0,84.0,-200.0
5007,-1040.0,84.0,-200.0
5024,-1020.0,80.0,-260.0
5042,-1020.0,80.0,-260.0
5058,-1020.0,80.0,-260.0
5075,-1020.0,80.0,-260.0
5092,-1020.0,80.0,-260.0
5108,-1020.0,80.0,-260.0
5124,-916.0,184.0,-288.0
5142,-916.0,184.0,-288.0
5158,-916.0,184.0,-288.0
5175,-916.0,184.0,-288.0
5192,-916.0,184.0,-288.0
5208,-916.0,184.0,-288.0
5224,-1024.0,48.0,-180.0
5241,-1024.0,48.0,-180.0
5258,-1024.0,48.0,-180.0
5275,-1024.0,48.0,-180.0
5292,-1024.0,48.0,-180.0
5308,-1024.0,48.0,-180.0
5325,-1104.0,-64.0,-224.0
5341,-1104.0,-64.0,-224.0
5358,-1104.0,-64.0,-224.0
5374,-1104.0,-64.0,-224.0
5392,-1104.0,-64.0,-224.0
5408,-1104.0,-64.0,-224.0
5425,-1104.0,-64.0,-224.0
5441,-1072.0,-136.0,-248.0
5459,-1072.0,-136.0,-248.0
5475,-1072.0,-136.0,-248.0
5491,-1072.0,-136.0,-248.0
5508,-1072.0,-136.0,-248.0
5524,-1072.0,-136.0,-248.0
5542,-972.0,-128.0,-208.0
5558,-972.0,-128.0,-208.0
5575,-972.0,-128.0,-208.0
5591,-972.0,-128.0,-208.0
5608,-972.0,-128.0,-208.0
5625,-972.0,-128.0,-208.0
5641,-1044.0,-84.0,-160.0
5658,-1044.0,-84.0,-160.0
5675,-1044.0,-84.0,-160.0
5691,-1044.0,-84.0,-160.0
5709,-1044.0,-84.0,-160.0
5725,-1044.0,-84.0,-160.0
5742,-1116.0,-32.0,-256.0
5758,-1116.0,-32.0,-256.0
5775,-1116.0,-32.0,-256.0
5792,-1116.0,-32.0,-256.0
5809,-1116.0,-32.0,-256.0
5825,-1116.0,-32.0,-256.0
5842,-1032.0,260.0,-236.0
5858,-1032.0,260.0,-236.0
5875,-1032.0,260.0,-236.0
5891,-1032.0,260.0,-236.0
5908,-1032.0,260.0,-236.0
5925,-1032.0,260.0,-236.0
5942,-1032.0,260.0,-236.0
5958,-996.0,176.0,-288.0
5976,-996.0,176.0,-288.0
5992,-996.0,176.0,-288.0
6009,-996.0,176.0,-288.0
6025,-996.0,176.0,-288.0
6042,-996.0,176.0,-288.0
6058,-916.0,212.0,-248.0
6075,-916.0,212.0,-248.0
6092,-916.0,212.0,-248.0
6108,-916.0,212.0,-248.0
6125,-916.0,212.0,-248.0
6142,-916.0,212.0,-248.0
6159,-1020.0,160.0,-264.0
6175,-1020.0,160.0,-264.0
6192,-1020.0,160.0,-264.0
6209,-1020.0,160.0,-264.0
6226,-1020.0,160.0,-264.0
6242,-1020.0,160.0,-264.0
6259,-1348.0,204.0,-164.0
6275,-1348.0,204.0,-164.0
6292,-1348.0,204.0,-164.0
6308,-1348.0,204.0,-164.0
6325,-1348.0,204.0,-164.0
6342,-1348.0,204.0,-164.0
6358,-1348.0,204.0,-164.0
6375,-1080.0,104.0,-56.0
6392,-1080.0,104.0,-56.0
6409,-1080.0,104.0,-56.0
6425,-1080.0,104.0,-56.0
6442,-1080.0,104.0,-56.0
6459,-1080.0,104.0,-56.0
6475,-1048.0,-184.0,80.0
6492,-1048.0,-184.0,80.0
6509,-1048.0,-184.0,80.0
6525,-1048.0,-184.0,80.0
6542,-1048.0,-184.0,80.0
6559,-1048.0,-184.0,80.0
6575,-1100.0,-120.0,68.0
6592,-1100.0,-120.0,68.0
6609,-1100.0,-120.0,68.0
6625,-1100.0,-120.0,68.0
6642,-1100.0,-120.0,68.0
6659,-1100.0,-120.0,68.0
6675,-1020.0,-176.0,76.0
6692,-1020.0,-176.0,76.0
6708,-1020.0,-176.0,76.0
6725,-1020.0,-176.0,76.0
6742,-1020.0,-176.0,76.0
6759,-1020.0,-176.0,76.0
6775,-1024.0,-76.0,76.0
6791,-1024.0,-76.0,76.0
6808,-1024.0,-76.0,76.0
6825,-1024.0,-76.0,76.0
6842,-1024.0,-76.0,76.0
6858,-1024.0,-76.0,76.0
6875,-1024.0,-76.0,76.0
6892,-1048.0,-188.0,88.0
6909,-1048.0,-188.0,88.0
6925,-1048.0,-188.0,88.0
6942,-1048.0,-188.0,88.0
6959,-1048.0,-188.0,88.0
6975,-1048.0,-188.0,88.0
6992,-972.0,-152.0,132.0
7009,-972.0,-152.0,132.0
7025,-972.0,-152.0,132.0
7042,-972.0,-152.0,132.0
7058,-972.0,-152.0,132.0
7075,-972.0,-152.0,132.0
7092,-1004.0,-200.0,160.0
7109,-1004.0,-200.0,160.0
7125,-1004.0,-200.0,160.0
7142,-1004.0,-200.0,160.0
7158,-1004.0,-200.0,160.0
7175,-1004.0,-200.0,160.0
7191,-992.0,-208.0,164.0
7209,-992.0,-208.0,164.0
7226,-992.0,-208.0,164.0
7242,-992.0,-208.0,164.0
7259,-992.0,-208.0,164.0
7275,-992.0,-208.0,164.0
7292,-1076.0,-180.0,196.0
7309,-1076.0,-180.0,196.0
7325,-1076.0,-180.0,196.0
7342,-1076.0,-180.0,196.0
7359,-1076.0,-180.0,196.0
7375,-1076.0,-180.0,196.0
7392,-1076.0,-180.0,196.0
7408,-1016.0,-56.0,128.0
7425,-1016.0,-56.0,128.0
7442,-1016.0,-56.0,128.0
7458,-1016.0,-56.0,128.0
7475,-1016.0,-56.0,128.0
7492,-1016.0,-56.0,128.0
7509,-984.0,-100.0,84.0
7525,-984.0,-100.0,84.0
7542,-984.0,-100.0,84.0
7558,-984.0,-100.0,84.0
7575,-984.0,-100.0,84.0
7591,-984.0,-100.0,84.0
7608,-1076.0,20.0,20.0
7625,-1076.0,20.0,20.0
7642,-1076.0,20.0,20.0
7659,-1076.0,20.0,20.0
7675,-1076.0,20.0,20.0
7692,-1076.0,20.0,20.0
7708,-1040.0,20.0,-12.0
7726,-1040.0,20.0,-12.0
7742,-1040.0,20.0,-12.0
7758,-1040.0,20.0,-12.0
7775,-1040.0,20.0,-12.0
7792,-1040.0,20.0,-12.0
7808,-1040.0,20.0,-12.0
7825,-1088.0,52.0,-52.0
7842,-1088.0,52.0,-52.0
7859,-1088.0,52.0,-52.0
7875,-1088.0,52.0,-52.0
7892,-1088.0,52.0,-52.0
7908,-1088.0,52.0,-52.0
7925,-1076.0,56.0,-84.0
7941,-1076.0,56.0,-84.0
7958,-1076.0,56.0,-84.0
7975,-1076.0,56.0,-84.0
7992,-1076.0,56.0,-84.0
8009,-1076.0,56.0,-84.0
8025,-1060.0,44.0,-96.0
8042,-1060.0,44.0,-96.0
8059,-1060.0,44.0,-96.0
8075,-1060.0,44.0,-96.0
8092,-1060.0,44.0,-96.0
8109,-1060.0,44.0,-96.0
8125,-1032.0,68.0,-84.0
8142,-1032.0,68.0,-84.0
8158,-1032.0,68.0,-84.0
8175,-1032.0,68.0,-84.0
8193,-1032.0,68.0,-84.0
8209,-1032.0,68.0,-84.0
8225,-1068.0,56.0,-116.0
8242,-1068.0,56.0,-116.0
8259,-1068.0,56.0,-116.0
8275,-1068.0,56.0,-116.0
8291,-1068.0,56.0,-116.0
8308,-1068.0,56.0,-116.0
8325,-1068.0,56.0,-116.0
8342,-1072.0,120.0,-112.0
8359,-1072.0,120.0,-112.0
8375,-1072.0,120.0,-112.0
8392,-1072.0,120.0,-112.0
8408,-1072.0,120.0,-112.0
8427,-1072.0,120.0,-112.0
8445,-1040.0,152.0,-120.0
8464,-1040.0,152.0,-120.0
8482,-1040.0,152.0,-120.0
8499,-1040.0,152.0,-120.0
8517,-1040.0,152.0,-120.0
8533,-1040.0,152.0,-120.0
8549,-1072.0,124.0,-68.0
8567,-1072.0,124.0,-68.0
8583,-1072.0,124.0,-68.0
8599,-1072.0,124.0,-68.0
8616,-1072.0,124.0,-68.0
8634,-1072.0,124.0,-68.0
8649,-1080.0,0.0,80.0
8667,-1080.0,0.0,80.0
8683,-1080.0,0.0,80.0
8700,-1080.0,0.0,80.0
8716,-1080.0,0.0,80.0
8733,-1080.0,0.0,80.0
8750,-1004.0,-112.0,156.0
8767,-1004.0,-112.0,156.0
8783,-1004.0,-112.0,156.0
8800,-1004.0,-112.0,156.0
8815,-1004.0,-112.0,156.0
8833,-1004.0,-112.0,156.0
8849,-1016.0,-232.0,140.0
8866,-1016.0,-232.0,140.0
8883,-1016.0,-232.0,140.0
8899,-1016.0,-232.0,140.0
8916,-1016.0,-232.0,140.0
8933,-1016.0,-232.0,140.0
8949,-1016.0,-232.0,140.0
8966,-1012.0,-200.0,172.0
8983,-1012.0,-200.0,172.0
8999,-1012.0,-200.0,172.0
9016,-1012.0,-200.0,172.0
9032,-1012.0,-200.0,172.0
9050,-1012.0,-200.0,172.0
9066,-1004.0,-160.0,172.0
9083,-1004.0,-160.0,172.0
9099,-1004.0,-160.0,172.0
9116,-1004.0,-160.0,172.0
9134,-1004.0,-160.0,172.0
9149,-1004.0,-160.0,172.0
9167,-992.0,-176.0,208.0
9183,-992.0,-176.0,208.0
9199,-992.0,-176.0,208.0
9216,-992.0,-176.0,208.0
9234,-992.0,-176.0,208.0
9250,-992.0,-176.0,208.0
9267,-1020.0,-220.0,164.0
9283,-1020.0,-220.0,164.0
9300,-1020.0,-220.0,164.0
9316,-1020.0,-220.0,164.0
9333,-1020.0,-220.0,164.0
9349,-1020.0,-220.0,164.0
9367,-1004.0,-216.0,168.0
9383,-1004.0,-216.0,168.0
9399,-1004.0,-216.0,168.0
9416,-1004.0,-216.0,168.0
9433,-1004.0,-216.0,168.0
9450,-1004.0,-216.0,168.0
9467,-1004.0,-216.0,168.0
9482,-1028.0,-220.0,136.0
9500,-1028.0,-220.0,136.0
9517,-1028.0,-220.0,136.0
9533,-1028.0,-220.0,136.0
9550,-1028.0,-220.0,136.0
9566,-1028.0,-220.0,136.0
9583,-1024.0,-148.0,136.0
9599,-1024.0,-148.0,136.0
9617,-1024.0,-148.0,136.0
9633,-1024.0,-148.0,136.0
9650,-1024.0,-148.0,136.0
9667,-1024.0,-148.0,136.0
9684,-1024.0,-104.0,72.0
9700,-1024.0,-104.0,72.0
9716,-1024.0,-104.0,72.0
9733,-1024.0,-104.0,72.0
9750,-1024.0,-104.0,72.0
9766,-1024.0,-104.0,72.0
9783,-1064.0,-12.0,60.0
9800,-1064.0,-12.0,60.0
9816,-1064.0,-12.0,60.0
9833,-1064.0,-12.0,60.0
9849,-1064.0,-12.0,60.0
9866,-1064.0,-12.0,60.0
9883,-1044.0,132.0,-60.0
9899,-1044.0,132.0,-60.0
9917,-1044.0,132.0,-60.0
9933,-1044.0,132.0,-60.0
9950,-1044.0,132.0,-60.0
9966,-1044.0,132.0,-60.0
9983,-1044.0,132.0,-60.0
10000,-1100.0,148.0,-104.0
10017,-1100.0,148.0,-104.0
10033,-1100.0,148.0,-104.0
10050,-1100.0,148.0,-104.0
10067,-1100.0,148.0,-104.0
10083,-1100.0,148.0,-104.0
10099,-1060.0,72.0,-104.0
10117,-1060.0,72.0,-104.0
10134,-1060.0,72.0,-104.0
10150,-1060.0,72.0,-104.0
10167,-1060.0,72.0,-104.0
10183,-1060.0,72.0,-104.0
10200,-1064.0,44.0,-104.0
10216,-1064.0,44.0,-104.0
10233,-1064.0,44.0,-104.0
10250,-1064.0,44.0,-104.0
10267,-1064.0,44.0,-104.0
10283,-1064.0,44.0,-104.0
10300,-1060.0,60.0,-104.0
10316,-1060.0,60.0,-104.0
10333,-1060.0,60.0,-104.0
10350,-1060.0,60.0,-104.0
10366,-1060.0,60.0,-104.0
10383,-1060.0,60.0,-104.0
10400,-1060.0,60.0,-104.0
10417,-1056.0,52.0,-108.0
10433,-1056.0,52.0,-108.0
10450,-1056.0,52.0,-108.0
10466,-1056.0,52.0,-108.0
10483,-1056.0,52.0,-108.0
10501,-1056.0,52.0,-108.0
10517,-1072.0,32.0,-80.0
10534,-1072.0,32.0,-80.0
10550,-1072.0,32.0,-80.0
10567,-1072.0,32.0,-80.0
10583,-1072.0,32.0,-80.0
10600,-1072.0,32.0,-80.0
10616,-1068.0,40.0,-48.0
10633,-1068.0,40.0,-48.0
10650,-1068.0,40.0,-48.0
10667,-1068.0,40.0,-48.0
10683,-1068.0,40.0,-48.0
10700,-1068.0,40.0,-48.0
10716,-1040.0,96.0,-48.0
10733,-1040.0,96.0,-48.0
10750,-1040.0,96.0,-48.0
10766,-1040.0,96.0,-48.0
10783,-1040.0,96.0,-48.0
10799,-1040.0,96.0,-48.0
10817,-1044.0,124.0,-52.0
10834,-1044.0,124.0,-52.0
10850,-1044.0,124.0,-52.0
10867,-1044.0,124.0,-52.0
10884,-1044.0,124.0,-52.0
10900,-1044.0,124.0,-52.0
10917,-1044.0,124.0,-52.0
10933,-1052.0,60.0,-24.0
10950,-1052.0,60.0,-24.0
10967,-1052.0,60.0,-24.0
10984,-1052.0,60.0,-24.0
11000,-1052.0,60.0,-24.0
11016,-1052.0,60.0,-24.0
11034,-1052.0,-88.0,44.0
11050,-1052.0,-88.0,44.0
11066,-1052.0,-88.0,44.0
11083,-1052.0,-88.0,44.0
11101,-1052.0,-88.0,44.0
11117,-1052.0,-88.0,44.0
11133,-1028.0,-132.0,132.0
11150,-1028.0,-132.0,132.0
11166,-1028.0,-132.0,132.0
11184,-1028.0,-132.0,132.0
11200,-1028.0,-132.0,132.0
11216,-1028.0,-132.0,132.0
11232,-1052.0,-80.0,128.0
11250,-1052.0,-80.0,128.0
11266,-1052.0,-80.0,128.0
11283,-1052.0,-80.0,128.0
11300,-1052.0,-80.0,128.0
11316,-1052.0,-80.0,128.0
11333,-1008.0,-120.0,212.0
11350,-1008.0,-120.0,212.0
11366,-1008.0,-120.0,212.0
11383,-1008.0,-120.0,212.0
11400,-1008.0,-120.0,212.0
11417,-1008.0,-120.0,212.0
11433,-1008.0,-120.0,212.0
11450,-992.0,-148.0,184.0
11468,-992.0,-148.0,184.0
11483,-992.0,-148.0,184.0
11501,-992.0,-148.0,184.0
11516,-992.0,-148.0,184.0
11533,-992.0,-148.0,184.0
11549,-972.0,-200.0,232.0
11567,-972.0,-200.0,232.0
11584,-972.0,-200.0,232.0
11600,-972.0,-200.0,232.0
11617,-972.0,-200.0,232.0
11634,-972.0,-200.0,232.0
11650,-968.0,-252.0,236.0
11667,-968.0,-252.0,236.0
11684,-968.0,-252.0,236.0
11701,-968.0,-252.0,236.0
11716,-968.0,-252.0,236.0
11733,-968.0,-252.0,236.0
11751,-988.0,-260.0,208.0
11767,-988.0,-260.0,208.0
11784,-988.0,-260.0,208.0
11801,-988.0,-260.0,208.0
11816,-988.0,-260.0,208.0
11834,-988.0,-260.0,208.0
11850,-988.0,-260.0,208.0
11867,-1004.0,-208.0,156.0
11884,-1004.0,-208.0,156.0
11900,-1004.0,-208.0,156.0
11917,-1004.0,-208.0,156.0
11933,-1004.0,-208.0,156.0
11949,-1004.0,-208.0,156.0
11967,-1052.0,-152.0,124.0
11983,-1052.0,-152.0,124.0
12000,-1052.0,-152.0,124.0
12017,-1052.0,-152.0,124.0
12033,-1052.0,-152.0,124.0
12049,-1052.0,-152.0,124.0
12067,-1028.0,-76.0,44.0
12085,-1028.0,-76.0,44.0
12103,-1028.0,-76.0,44.0
12121,-1028.0,-76.0,44.0
12140,-1028.0,-76.0,44.0
12157,-1028.0,-76.0,44.0
12175,-1092.0,40.0,12.0
12192,-1092.0,40.0,12.0
12208,-1092.0,40.0,12.0
12224,-1092.0,40.0,12.0
12241,-1092.0,40.0,12.0
12257,-1092.0,40.0,12.0
12275,-1016.0,96.0,-60.0
12291,-1016.0,96.0,-60.0
12308,-1016.0,96.0,-60.0
12324,-1016.0,96.0,-60.0
12341,-1016.0,96.0,-60.0
12358,-1016.0,96.0,-60.0
12374,-1068.0,80.0,-92.0
12390,-1068.0,80.0,-92.0
12408,-1068.0,80.0,-92.0
12424,-1068.0,80.0,-92.0
12441,-1068.0,80.0,-92.0
12458,-1068.0,80.0,-92.0
12474,-1056.0,40.0,-120.0
12491,-1056.0,40.0,-120.0
12508,-1056.0,40.0,-120.0
12524,-1056.0,40.0,-120.0
12541,-1056.0,40.0,-120.0
12557,-1056.0,40.0,-120.0
12573,-1056.0,40.0,-120.0
12591,-1060.0,92.0,-120.0
12607,-1060.0,92.0,-120.0
12624,-1060.0,92.0,-120.0
12641,-1060.0,92.0,-120.0
12657,-1060.0,92.0,-120.0
12674,-1060.0,92.0,-120.0
12690,-1044.0,124.0,-128.0
12708,-1044.0,124.0,-128.0
12724,-1044.0,124.0,-128.0
12740,-1044.0,124.0,-128.0
12757,-1044.0,124.0,-128.0
12774,-1044.0,124.0,-128.0
12791,-1040.0,128.0,-136.0
12807,-1040.0,128.0,-136.0
12825,-1040.0,128.0,-136.0
12841,-1040.0,128.0,-136.0
12858,-1040.0,128.0,-136.0
12874,-1040.0,128.0,-136.0
12891,-1124.0,104.0,-80.0
12908,-1124.0,104.0,-80.0
12925,-1124.0,104.0,-80.0
12941,-1124.0,104.0,-80.0
12958,-1124.0,104.0,-80.0
12975,-1124.0,104.0,-80.0
12991,-1052.0,48.0,52.0
13008,-1052.0,48.0,52.0
13024,-1052.0,48.0,52.0
13041,-1052.0,48.0,52.0
13058,-1052.0,48.0,52.0
13074,-1052.0,48.0,52.0
13091,-1052.0,48.0,52.0
13108,-1048.0,-160.0,64.0
13124,-1048.0,-160.0,64.0
13141,-1048.0,-160.0,64.0
13157,-1048.0,-160.0,64.0
13174,-1048.0,-160.0,64.0
13191,-1048.0,-160.0,64.0
13207,-1060.0,-124.0,8.0
13225,-1060.0,-124.0,8.0
13241,-1060.0,-124.0,8.0
13258,-1060.0,-124.0,8.0
13274,-1060.0,-124.0,8.0
13291,-1060.0,-124.0,8.0
13307,-992.0,-96.0,100.0
13325,-992.0,-96.0,100.0
13341,-992.0,-96.0,100.0
13357,-992.0,-96.0,100.0
13374,-992.0,-96.0,100.0
13392,-992.0,-96.0,100.0
13408,-1016.0,-112.0,104.0
13425,-1016.0,-112.0,104.0
13441,-1016.0,-112.0,104.0
13458,-1016.0,-112.0,104.0
13474,-1016.0,-112.0,104.0
13491,-1016.0,-112.0,104.0
13508,-1016.0,-112.0,104.0
13524,-1020.0,-168.0,140.0
13541,-1020.0,-168.0,140.0
13558,-1020.0,-168.0,140.0
13574,-1020.0,-168.0,140.0
13591,-1020.0,-168.0,140.0
13608,-1020.0,-168.0,140.0
13625,-1016.0,-168.0,144.0
13641,-1016.0,-168.0,144.0
13658,-1016.0,-168.0,144.0
13674,-1016.0,-168.0,144.0
13691,-1016.0,-168.0,144.0
13708,-1016.0,-168.0,144.0
13725,-1008.0,-224.0,124.0
13741,-1008.0,-224.0,124.0
13758,-1008.0,-224.0,124.0
13774,-1008.0,-224.0,124.0
13792,-1008.0,-224.0,124.0
13808,-1008.0,-224.0,124.0
13825,-984.0,-332.0,84.0
13841,-984.0,-332.0,84.0
13858,-984.0,-332.0,84.0
13874,-984.0,-332.0,84.0
13892,-984.0,-332.0,84.0
13908,-984.0,-332.0,84.0
13924,-1068.0,-292.0,108.0
13941,-1068.0,-292.0,108.0
13958,-1068.0,-292.0,108.0
13975,-1068.0,-292.0,108.0
13991,-1068.0,-292.0,108.0
14008,-1068.0,-292.0,108.0
14024,-1068.0,-292.0,108.0
14042,-1040.0,-80.0,60.0
14058,-1040.0,-80.0,60.0
14074,-1040.0,-80.0,60.0
14092,-1040.0,-80.0,60.0
14108,-1040.0,-80.0,60.0
14124,-1040.0,-80.0,60.0
14141,-1148.0,212.0,-32.0
14158,-1148.0,212.0,-32.0
14175,-1148.0,212.0,-32.0
14191,-1148.0,212.0,-32.0
14208,-1148.0,212.0,-32.0
14225,-1148.0,212.0,-32.0
14241,-1068.0,76.0,-12.0
14259,-1068.0,76.0,-12.0
14274,-1068.0,76.0,-12.0
14291,-1068.0,76.0,-12.0
14309,-1068.0,76.0,-12.0
14325,-1068.0,76.0,-12.0
14341,-1020.0,124.0,-36.0
14358,-1020.0,124.0,-36.0
14374,-1020.0,124.0,-36.0
14391,-1020.0,124.0,-36.0
14408,-1020.0,124.0,-36.0
14425,-1020.0,124.0,-36.0
14442,-1044.0,84.0,-8.0
14458,-1044.0,84.0,-8.0
14475,-1044.0,84.0,-8.0
14491,-1044.0,84.0,-8.0
14508,-1044.0,84.0,-8.0
14525,-1044.0,84.0,-8.0
14541,-1044.0,84.0,-8.0
14558,-1064.0,108.0,12.0
14575,-1064.0,108.0,12.0
14591,-1064.0,108.0,12.0
14607,-1064.0,108.0,12.0
14625,-1064.0,108.0,12.0
14642,-1064.0,108.0,12.0
14659,-1016.0,84.0,-8.0
14675,-1016.0,84.0,-8.0
14691,-1016.0,84.0,-8.0
14707,-1016.0,84.0,-8.0
14724,-1016.0,84.0,-8.0
14741,-1016.0,84.0,-8.0
14757,-1048.0,56.0,48.0
14775,-1048.0,56.0,48.0
14792,-1048.0,56.0,48.0
14807,-1048.0,56.0,48.0
14825,-1048.0,56.0,48.0
14841,-1048.0,56.0,48.0
14858,-1032.0,88.0,36.0
14875,-1032.0,88.0,36.0
14892,-1032.0,88.0,36.0
14908,-1032.0,88.0,36.0
14925,-1032.0,88.0,36.0
14941,-1032.0,88.0,36.0
14959,-1032.0,36.0,-4.0
14975,-1032.0,36.0,-4.0
14991,-1032.0,36.0,-4.0
15008,-1032.0,36.0,-4.0
15025,-1032.0,36.0,-4.0
15042,-1032.0,36.0,-4.0
15058,-1032.0,36.0,-4.0
15075,-1064.0,-16.0,4.0
15092,-1064.0,-16.0,4.0
15108,-1064.0,-16.0,4.0
15124,-1064.0,-16.0,4.0
15141,-1064.0,-16.0,4.0
15158,-1064.0,-16.0,4.0
15175,-1064.0,-84.0,24.0
15191,-1064.0,-84.0,24.0
15209,-1064.0,-84.0,24.0
15225,-1064.0,-84.0,24.0
15241,-1064.0,-84.0,24.0
15258,-1064.0,-84.0,24.0
15274,-1084.0,-40.0,-12.0
15292,-1084.0,-40.0,-12.0
15308,-1084.0,-40.0,-12.0
15325,-1084.0,-40.0,-12.0
15342,-1084.0,-40.0,-12.0
15358,-1084.0,-40.0,-12.0
15375,-1052.0,-92.0,40.0
15392,-1052.0,-92.0,40.0
15408,-1052.0,-92.0,40.0
15426,-1052.0,-92.0,40.0
15441,-1052.0,-92.0,40.0
15458,-1052.0,-92.0,40.0
15475,-1052.0,-92.0,40.0
15492,-1044.0,-172.0,-4.0
15507,-1044.0,-172.0,-4.0
15525,-1044.0,-172.0,-4.0
15542,-1044.0,-172.0,-4.0
15559,-1044.0,-172.0,-4.0
15575,-1044.0,-172.0,-4.0
15591,-996.0,-180.0,-16.0
15608,-996.0,-180.0,-16.0
15625,-996.0,-180.0,-16.0
15641,-996.0,-180.0,-16.0
15658,-996.0,-180.0,-16.0
15675,-996.0,-180.0,-16.0
15691,-1064.0,-224.0,-8.0
15708,-1064.0,-224.0,-8.0
15725,-1064.0,-224.0,-8.0
15741,-1064.0,-224.0,-8.0
15758,-1064.0,-224.0,-8.0
15776,-1064.0,-224.0,-8.0
15795,-1024.0,-256.0,-32.0
15813,-1024.0,-256.0,-32.0
15832,-1024.0,-256.0,-32.0
15849,-1024.0,-256.0,-32.0
15866,-1024.0,-256.0,-32.0
15882,-1024.0,-256.0,-32.0
15899,-1028.0,-272.0,-44.0
15916,-1028.0,-272.0,-44.0
15931,-1028.0,-272.0,-44.0
15949,-1028.0,-272.0,-44.0
15966,-1028.0,-272.0,-44.0
15982,-1028.0,-272.0,-44.0
15999,-1056.0,-264.0,-36.0
16016,-1056.0,-264.0,-36.0
16032,-1056.0,-264.0,-36.0
16049,-1056.0,-264.0,-36.0
16065,-1056.0,-264.0,-36.0
16082,-1056.0,-264.0,-36.0
16098,-1056.0,-264.0,-36.0
16115,-1136.0,-44.0,28.0
16132,-1136.0,-44.0,28.0
16149,-1136.0,-44.0,28.0
16166,-1136.0,-44.0,28.0
16182,-1136.0,-44.0,28.0
16199,-1136.0,-44.0,28.0
16215,-1016.0,16.0,24.0
16232,-1016.0,16.0,24.0
16249,-1016.0,16.0,24.0
16266,-1016.0,16.0,24.0
16282,-1016.0,16.0,24.0
16299,-1016.0,16.0,24.0
16315,-1120.0,104.0,48.0
16332,-1120.0,104.0,48.0
16348,-1120.0,104.0,48.0
16365,-1120.0,104.0,48.0
16383,-1120.0,104.0,48.0
16399,-1120.0,104.0,48.0
16416,-1028.0,140.0,-40.0
16432,-1028.0,140.0,-40.0
16448,-1028.0,140.0,-40.0
16465,-1028.0,140.0,-40.0
16482,-1028.0,140.0,-40.0
16498,-1028.0,140.0,-40.0
16516,-1064.0,40.0,4.0
16532,-1064.0,40.0,4.0
16549,-1064.0,40.0,4.0
16566,-1064.0,40.0,4.0
16582,-1064.0,40.0,4.0
16599,-1064.0,40.0,4.0
16615,-1064.0,40.0,4.0
16632,-1064.0,56.0,-8.0
16649,-1064.0,56.0,-8.0
16665,-1064.0,56.0,-8.0
16683,-1064.0,56.0,-8.0
16699,-1064.0,56.0,-8.0
16716,-1064.0,56.0,-8.0
16732,-1064.0,80.0,-36.0
16749,-1064.0,80.0,-36.0
16765,-1064.0,80.0,-36.0
16782,-1064.0,80.0,-36.0
16799,-1064.0,80.0,-36.0
16815,-1064.0,80.0,-36.0
16831,-1056.0,92.0,-24.0
16849,-1056.0,92.0,-24.0
16866,-1056.0,92.0,-24.0
16882,-1056.0,92.0,-24.0
16899,-1056.0,92.0,-24.0
16916,-1056.0,92.0,-24.0
16933,-1028.0,160.0,-32.0
16949,-1028.0,160.0,-32.0
16966,-1028.0,160.0,-32.0
16983,-1028.0,160.0,-32.0
16999,-1028.0,160.0,-32.0
17016,-1028.0,160.0,-32.0
17032,-996.0,164.0,4.0
17049,-996.0,164.0,4.0
17066,-996.0,164.0,4.0
17082,-996.0,164.0,4.0
17100,-996.0,164.0,4.0
17116,-996.0,164.0,4.0
17132,-996.0,164.0,4.0
17149,-1104.0,52.0,8.0
17166,-1104.0,52.0,8.0
17182,-1104.0,52.0,8.0
17199,-1104.0,52.0,8.0
17216,-1104.0,52.0,8.0
17232,-1104.0,52.0,8.0
17249,-1076.0,-28.0,96.0
17266,-1076.0,-28.0,96.0
17282,-1076.0,-28.0,96.0
17300,-1076.0,-28.0,96.0
17316,-1076.0,-28.0,96.0
17333,-1076.0,-28.0,96.0
17349,-1124.0,-148.0,68.0
17366,-1124.0,-148.0,68.0
17382,-1124.0,-148.0,68.0
17399,-1124.0,-148.0,68.0
17416,-1124.0,-148.0,68.0
17433,-1124.0,-148.0,68.0
17450,-1024.0,-48.0,44.0
17466,-1024.0,-48.0,44.0
17482,-1024.0,-48.0,44.0
17499,-1024.0,-48.0,44.0
17516,-1024.0,-48.0,44.0
17533,-1024.0,-48.0,44.0
17549,-1016.0,-100.0,56.0
17566,-1016.0,-100.0,56.0
17582,-1016.0,-100.0,56.0
17599,-1016.0,-100.0,56.0
17615,-1016.0,-100.0,56.0
17633,-1016.0,-100.0,56.0
17649,-1016.0,-100.0,56.0
17666,-1044.0,-124.0,108.0
17683,-1044.0,-124.0,108.0
17700,-1044.0,-124.0,108.0
17716,-1044.0,-124.0,108.0
17733,-1044.0,-124.0,108.0
17750,-1044.0,-124.0,108.0
17766,-1000.0,-156.0,148.0
17783,-1000.0,-156.0,148.0
17799,-1000.0,-156.0,148.0
17817,-1000.0,-156.0,148.0
17833,-1000.0,-156.0,148.0
17850,-1000.0,-156.0,148.0
17866,-1024.0,-248.0,144.0
17883,-1024.0,-248.0,144.0
17900,-1024.0,-248.0,144.0
17916,-1024.0,-248.0,144.0
17933,-1024.0,-248.0,144.0
17950,-1024.0,-248.0,144.0
17966,-944.0,-292.0,132.0
17983,-944.0,-292.0,132.0
18000,-944.0,-292.0,132.0
18017,-944.0,-292.0,132.0
18033,-944.0,-292.0,132.0
18049,-944.0,-292.0,132.0
18066,-944.0,-292.0,132.0
18083,-968.0,-392.0,124.0
18099,-968.0,-392.0,124.0
18117,-968.0,-392.0,124.0
18133,-968.0,-392.0,124.0
18150,-968.0,-392.0,124.0
18167,-968.0,-392.0,124.0
18183,-1200.0,-48.0,164.0
18200,-1200.0,-48.0,164.0
18216,-1200.0,-48.0,164.0
18233,-1200.0,-48.0,164.0
18249,-1200.0,-48.0,164.0
18266,-1200.0,-48.0,164.0
18283,-1100.0,124.0,40.0
18299,-1100.0,124.0,40.0
18316,-1100.0,124.0,40.0
18333,-1100.0,124.0,40.0
18349,-1100.0,124.0,40.0
18366,-1100.0,124.0,40.0
18384,-1088.0,128.0,-24.0
18399,-1088.0,128.0,-24.0
18416,-1088.0,128.0,-24.0
18433,-1088.0,128.0,-24.0
18449,-1088.0,128.0,-24.0
18467,-1088.0,128.0,-24.0
18483,-1012.0,96.0,-12.0
18499,-1012.0,96.0,-12.0
18517,-1012.0,96.0,-12.0
18533,-1012.0,96.0,-12.0
18550,-1012.0,96.0,-12.0
18566,-1012.0,96.0,-12.0
18583,-1012.0,96.0,-12.0
18599,-1056.0,124.0,-48.0
18616,-1056.0,124.0,-48.0
18633,-1056.0,124.0,-48.0
18649,-1056.0,124.0,-48.0
18666,-1056.0,124.0,-48.0
18683,-1056.0,124.0,-48.0
18700,-1056.0,56.0,-32.0
18716,-1056.0,56.0,-32.0
18733,-1056.0,56.0,-32.0
18749,-1056.0,56.0,-32.0
18766,-1056.0,56.0,-32.0
18783,-1056.0,56.0,-32.0
18800,-1040.0,80.0,-16.0
18816,-1040.0,80.0,-16.0
18833,-1040.0,80.0,-16.0
18849,-1040.0,80.0,-16.0
18866,-1040.0,80.0,-16.0
18883,-1040.0,80.0,-16.0
18900,-1032.0,152.0,-20.0
18917,-1032.0,152.0,-20.0
18933,-1032.0,152.0,-20.0
18949,-1032.0,152.0,-20.0
18967,-1032.0,152.0,-20.0
18983,-1032.0,152.0,-20.0
19000,-1076.0,108.0,-48.0
19016,-1076.0,108.0,-48.0
19033,-1076.0,108.0,-48.0
19049,-1076.0,108.0,-48.0
19067,-1076.0,108.0,-48.0
19082,-1076.0,108.0,-48.0
19100,-1076.0,108.0,-48.0
19115,-1036.0,100.0,-48.0
19133,-1036.0,100.0,-48.0
19157,-1036.0,100.0,-48.0
19175,-1036.0,100.0,-48.0
19191,-1036.0,100.0,-48.0
19208,-1040.0,176.0,-36.0
19224,-1040.0,176.0,-36.0
19241,-1040.0,176.0,-36.0
19258,-1040.0,176.0,-36.0
19275,-1040.0,176.0,-36.0
19291,-1040.0,176.0,-36.0
19308,-1040.0,176.0,-36.0
19324,-1084.0,8.0,120.0
19340,-1084.0,8.0,120.0
19358,-1084.0,8.0,120.0
19374,-1084.0,8.0,120.0
19391,-1084.0,8.0,120.0
19407,-1084.0,8.0,120.0
19424,-1088.0,-172.0,208.0
19440,-1088.0,-172.0,208.0
19458,-1088.0,-172.0,208.0
19474,-1088.0,-172.0,208.0
19491,-1088.0,-172.0,208.0
19507,-1088.0,-172.0,208.0
19524,-992.0,-212.0,208.0
19540,-992.0,-212.0,208.0
19557,-992.0,-212.0,208.0
19574,-992.0,-212.0,208.0
19591,-992.0,-212.0,208.0
19607,-992.0,-212.0,208.0
19624,-964.0,-148.0,188.0
19641,-964.0,-148.0,188.0
19657,-964.0,-148.0,188.0
19674,-964.0,-148.0,188.0
19690,-964.0,-148.0,188.0
19707,-964.0,-148.0,188.0
19724,-952.0,-128.0,276.0
19740,-952.0,-128.0,276.0
19757,-952.0,-128.0,276.0
19774,-952.0,-128.0,276.0
19790,-952.0,-128.0,276.0
19807,-952.0,-128.0,276.0
19825,-952.0,-128.0,276.0
19841,-956.0,-168.0,268.0
19858,-956.0,-168.0,268.0
19875,-956.0,-168.0,268.0
19891,-956.0,-168.0,268.0
19907,-956.0,-168.0,268.0
19924,-956.0,-168.0,268.0
19940,-980.0,-244.0,284.0
19958,-980.0,-244.0,284.0
19974,-980.0,-244.0,284.0
19991,-980.0,-244.0,284.0
20007,-980.0,-244.0,284.0
20024,-980.0,-244.0,284.0
20041,-960.0,-280.0,264.0
20057,-960.0,-280.0,264.0
20074,-960.0,-280.0,264.0
20091,-960.0,-280.0,264.0
20107,-960.0,-280.0,264.0
20124,-960.0,-280.0,264.0
20141,-1024.0,-136.0,216.0
20157,-1024.0,-136.0,216.0
20174,-1024.0,-136.0,216.0
20191,-1024.0,-136.0,216.0
20207,-1024.0,-136.0,216.0
20225,-1024.0,-136.0,216.0
20241,-1088.0,-20.0,140.0
20258,-1088.0,-20.0,140.0
20275,-1088.0,-20.0,140.0
20291,-1088.0,-20.0,140.0
20308,-1088.0,-20.0,140.0
20325,-1088.0,-20.0,140.0
20341,-1088.0,-20.0,140.0
20358,-1052.0,84.0,64.0
20375,-1052.0,84.0,64.0
20391,-1052.0,84.0,64.0
20407,-1052.0,84.0,64.0
20425,-1052.0,84.0,64.0
20441,-1052.0,84.0,64.0
20457,-1092.0,80.0,-36.0
20474,-1092.0,80.0,-36.0
20492,-1092.0,80.0,-36.0
20507,-1092.0,80.0,-36.0
20525,-1092.0,80.0,-36.0
20541,-1092.0,80.0,-36.0
20558,-1036.0,76.0,-64.0
20574,-1036.0,76.0,-64.0
20591,-1036.0,76.0,-64.0
20607,-1036.0,76.0,-64.0
20625,-1036.0,76.0,-64.0
20642,-1036.0,76.0,-64.0
20658,-1020.0,48.0,-72.0
20675,-1020.0,48.0,-72.0
20691,-1020.0,48.0,-72.0
20708,-1020.0,48.0,-72.0
20724,-1020.0,48.0,-72.0
20742,-1020.0,48.0,-72.0
20758,-1020.0,48.0,-72.0
20775,-1052.0,112.0,-68.0
20791,-1052.0,112.0,-68.0
20808,-1052.0,112.0,-68.0
20824,-1052.0,112.0,-68.0
20842,-1052.0,112.0,-68.0
20858,-1052.0,112.0,-68.0
20874,-1088.0,52.0,-108.0
20892,-1088.0,52.0,-108.0
20908,-1088.0,52.0,-108.0
20925,-1088.0,52.0,-108.0
20941,-1088.0,52.0,-108.0
20958,-1088.0,52.0,-108.0
20974,-1060.0,112.0,-92.0
20991,-1060.0,112.0,-92.0
21008,-1060.0,112.0,-92.0
21024,-1060.0,112.0,-92.0
21041,-1060.0,112.0,-92.0
21058,-1060.0,112.0,-92.0
21075,-1056.0,100.0,-56.0
21091,-1056.0,100.0,-56.0
21108,-1056.0,100.0,-56.0
21124,-1056.0,100.0,-56.0
21141,-1056.0,100.0,-56.0
21158,-1056.0,100.0,-56.0
21174,-1052.0,56.0,-16.0
21192,-1052.0,56.0,-16.0
21208,-1052.0,56.0,-16.0
21225,-1052.0,56.0,-16.0
21241,-1052.0,56.0,-16.0
21258,-1052.0,56.0,-16.0
21275,-1052.0,56.0,-16.0
21291,-1040.0,12.0,56.0
21308,-1040.0,12.0,56.0
21325,-1040.0,12.0,56.0
21341,-1040.0,12.0,56.0
21358,-1040.0,12.0,56.0
21374,-1040.0,12.0,56.0
21391,-1032.0,-48.0,84.0
21408,-1032.0,-48.0,84.0
21425,-1032.0,-48.0,84.0
21441,-1032.0,-48.0,84.0
21458,-1032.0,-48.0,84.0
21475,-1032.0,-48.0,84.0
21491,-1020.0,-84.0,116.0
21508,-1020.0,-84.0,116.0
21525,-1020.0,-84.0,116.0
21541,-1020.0,-84.0,116.0
21558,-1020.0,-84.0,116.0
21574,-1020.0,-84.0,116.0
21591,-996.0,-100.0,144.0
21608,-996.0,-100.0,144.0
21625,-996.0,-100.0,144.0
21641,-996.0,-100.0,144.0
21658,-996.0,-100.0,144.0
21675,-996.0,-100.0,144.0
21691,-1028.0,-56.0,116.0
21708,-1028.0,-56.0,116.0
21725,-1028.0,-56.0,116.0
21741,-1028.0,-56.0,116.0
21758,-1028.0,-56.0,116.0
21774,-1028.0,-56.0,116.0
21791,-1028.0,-56.0,116.0
21808,-1028.0,-40.0,72.0
21824,-1028.0,-40.0,72.0
21842,-1028.0,-40.0,72.0
21858,-1028.0,-40.0,72.0
21875,-1028.0,-40.0,72.0
21892,-1028.0,-40.0,72.0
21908,-1036.0,-8.0,8.0
21925,-1036.0,-8.0,8.0
21941,-1036.0,-8.0,8.0
21958,-1036.0,-8.0,8.0
21974,-1036.0,-8.0,8.0
21991,-1036.0,-8.0,8.0
22008,-1072.0,12.0,-60.0
22025,-1072.0,12.0,-60.0
22041,-1072.0,12.0,-60.0
22058,-1072.0,12.0,-60.0
22074,-1072.0,12.0,-60.0
22091,-1072.0,12.0,-60.0
22107,-1064.0,12.0,-100.0
22125,-1064.0,12.0,-100.0
22142,-1064.0,12.0,-100.0
22159,-1064.0,12.0,-100.0
22175,-1064.0,12.0,-100.0
22192,-1064.0,12.0,-100.0
22208,-1064.0,12.0,-100.0
22225,-1056.0,24.0,-120.0
22242,-1056.0,24.0,-120.0
22258,-1056.0,24.0,-120.0
22274,-1056.0,24.0,-120.0
22292,-1056.0,24.0,-120.0
22309,-1056.0,24.0,-120.0
22325,-1060.0,48.0,-148.0
22341,-1060.0,48.0,-148.0
22359,-1060.0,48.0,-148.0
22375,-1060.0,48.0,-148.0
22391,-1060.0,48.0,-148.0
22408,-1060.0,48.0,-148.0
22426,-1084.0,40.0,-176.0
22441,-1084.0,40.0,-176.0
22459,-1084.0,40.0,-176.0
22475,-1084.0,40.0,-176.0
22491,-1084.0,40.0,-176.0
22507,-1084.0,40.0,-176.0
22525,-1052.0,-32.0,-112.0
22542,-1052.0,-32.0,-112.0
22558,-1052.0,-32.0,-112.0
22575,-1052.0,-32.0,-112.0
22592,-1052.0,-32.0,-112.0
22608,-1052.0,-32.0,-112.0
22625,-1068.0,-12.0,-176.0
22642,-1068.0,-12.0,-176.0
22658,-1068.0,-12.0,-176.0
22675,-1068.0,-12.0,-176.0
22691,-1068.0,-12.0,-176.0
22708,-1068.0,-12.0,-176.0
22725,-1068.0,-12.0,-176.0
22741,-1032.0,72.0,-272.0
22758,-1032.0,72.0,-272.0
22775,-1032.0,72.0,-272.0
22791,-1032.0,72.0,-272.0
22808,-1032.0,72.0,-272.0
22825,-1032.0,72.0,-272.0
22841,-1044.0,80.0,-292.0
22858,-1044.0,80.0,-292.0
22875,-1044.0,80.0,-292.0
22891,-1044.0,80.0,-292.0
22908,-1044.0,80.0,-292.0
22925,-1044.0,80.0,-292.0
22942,-1028.0,100.0,-264.0
22961,-1028.0,100.0,-264.0
22979,-1028.0,100.0,-264.0
22997,-1028.0,100.0,-264.0
23014,-1028.0,100.0,-264.0
23031,-1028.0,100.0,-264.0
23048,-1008.0,148.0,-264.0
23065,-1008.0,148.0,-264.0
23082,-1008.0,148.0,-264.0
23098,-1008.0,148.0,-264.0
23115,-1008.0,148.0,-264.0
