MILLIS,X,Y,Z
1338,-944.0,116.0,32.0
1459,-1020.0,208.0,-28.0
1474,-1104.0,188.0,-28.0
1491,-1104.0,188.0,-28.0
1510,-1104.0,188.0,-28.0
1528,-1104.0,188.0,-28.0
1547,-1104.0,188.0,-28.0
1565,-1104.0,188.0,-28.0
1585,-1000.0,172.0,0.0
1601,-1000.0,172.0,0.0
1617,-1000.0,172.0,0.0
1635,-1000.0,172.0,0.0
1651,-1000.0,172.0,0.0
1668,-1000.0,172.0,0.0
1685,-1028.0,24.0,-84.0
1703,-1028.0,24.0,-84.0
1718,-1028.0,24.0,-84.0
1735,-1028.0,24.0,-84.0
1752,-1028.0,24.0,-84.0
1768,-1028.0,24.0,-84.0
1784,-1132.0,-76.0,-124.0
1801,-1132.0,-76.0,-124.0
1818,-1132.0,-76.0,-124.0
1835,-1132.0,-76.0,-124.0
1851,-1132.0,-76.0,-124.0
1868,-1132.0,-76.0,-124.0
1884,-1016.0,80.0,-184.0
1901,-1016.0,80.0,-184.0
1917,-1016.0,80.0,-184.0
1934,-1016.0,80.0,-184.0
1951,-1016.0,80.0,-184.0
1968,-1016.0,80.0,-184.0
1984,-1080.0,32.0,-252.0
2001,-1080.0,32.0,-252.0
2017,-1080.0,32.0,-252.0
2034,-1080.0,32.0,-252.0
2050,-1080.0,32.0,-252.0
2067,-1080.0,32.0,-252.0
2084,-1080.0,32.0,-252.0
2101,-1016.0,-76.0,-184.0
2117,-1016.0,-76.0,-184.0
2134,-1016.0,-76.0,-184.0
2151,-1016.0,-76.0,-184.0
2168,-1016.0,-76.0,-184.0
2184,-1016.0,-76.0,-184.0
2200,-1012.0,-96.0,-188.0
2218,-1012.0,-96.0,-188.0
2235,-1012.0,-96.0,-188.0
2251,-1012.0,-96.0,-188.0
2268,-1012.0,-96.0,-188.0
2284,-1012.0,-96.0,-188.0
2301,-1004.0,8.0,-276.0
2318,-1004.0,8.0,-276.0
2335,-1004.0,8.0,-276.0
2351,-1004.0,8.0,-276.0
2367,-1004.0,8.0,-276.0
2384,-1004.0,8.0,-276.0
2401,-1020.0,-180.0,-232.0
2417,-1020.0,-180.0,-232.0
2434,-1020.0,-180.0,-232.0
2451,-1020.0,-180.0,-232.0
2468,-1020.0,-180.0,-232.0
2484,-1020.0,-180.0,-232.0
2501,-1144.0,-152.0,-200.0
2518,-1144.0,-152.0,-200.0
2534,-1144.0,-152.0,-200.0
2551,-1144.0,-152.0,-200.0
2567,-1144.0,-152.0,-200.0
2584,-1144.0,-152.0,-200.0
2602,-1144.0,-152.0,-200.0
2618,-1096.0,-160.0,-124.0
2635,-1096.0,-160.0,-124.0
2651,-1096.0,-160.0,-124.0
2669,-1096.0,-160.0,-124.0
2684,-1096.0,-160.0,-124.0
2701,-1096.0,-160.0,-124.0
2718,-944.0,-132.0,-116.0
2734,-944.0,-132.0,-116.0
2751,-944.0,-132.0,-116.0
2768,-944.0,-132.0,-116.0
2785,-944.0,-132.0,-116.0
2801,-944.0,-132.0,-116.0
2818,-1024.0,-220.0,-112.0
2834,-1024.0,-220.0,-112.0
2851,-1024.0,-220.0,-112.0
2868,-1024.0,-220.0,-112.0
2885,-1024.0,-220.0,-112.0
2901,-1024.0,-220.0,-112.0
2918,-964.0,-280.0,-64.0
2935,-964.0,-280.0,-64.0
2951,-964.0,-280.0,-64.0
2968,-964.0,-280.0,-64.0
2985,-964.0,-280.0,-64.0
3001,-964.0,-280.0,-64.0
3018,-1204.0,96.0,-64.0
3035,-1204.0,96.0,-64.0
3051,-1204.0,96.0,-64.0
3068,-1204.0,96.0,-64.0
3084,-1204.0,96.0,-64.0
3101,-1204.0,96.0,-64.0
3117,-1204.0,96.0,-64.0
3135,-1124.0,276.0,-128.0
3151,-1124.0,276.0,-128.0
3168,-1124.0,276.0,-128.0
3184,-1124.0,276.0,-128.0
3201,-1124.0,276.0,-128.0
3218,-1124.0,276.0,-128.0
3234,-912.0,280.0,-156.0
3251,-912.0,280.0,-156.0
3268,-912.0,280.0,-156.0
3284,-912.0,280.0,-156.0
3300,-912.0,280.0,-156.0
3318,-912.0,280.0,-156.0
3334,-1116.0,144.0,-208.0
3351,-1116.0,144.0,-208.0
3367,-1116.0,144.0,-208.0
3384,-1116.0,144.0,-208.0
3402,-1116.0,144.0,-208.0
3417,-1116.0,144.0,-208.0
3434,-1052.0,120.0,-212.0
3452,-1052.0,120.0,-212.0
3468,-1052.0,120.0,-212.0
3485,-1052.0,120.0,-212.0
3501,-1052.0,120.0,-212.0
3518,-1052.0,120.0,-212.0
3535,-1052.0,120.0,-212.0
3551,-1036.0,136.0,-156.0
3567,-1036.0,136.0,-156.0
3585,-1036.0,136.0,-156.0
3601,-1036.0,136.0,-156.0
3618,-1036.0,136.0,-156.0
3634,-1036.0,136.0,-156.0
3651,-1024.0,188.0,-108.0
3668,-1024.0,188.0,-108.0
3684,-1024.0,188.0,-108.0
3701,-1024.0,188.0,-108.0
3718,-1024.0,188.0,-108.0
3735,-1024.0,188.0,-108.0
3751,-1108.0,132.0,-4.0
3768,-1108.0,132.0,-4.0
3784,-1108.0,132.0,-4.0
3801,-1108.0,132.0,-4.0
3819,-1108.0,132.0,-4.0
3834,-1108.0,132.0,-4.0
3852,-1132.0,-156.0,-184.0
3868,-1132.0,-156.0,-184.0
3885,-1132.0,-156.0,-184.0
3901,-1132.0,-156.0,-184.0
3917,-1132.0,-156.0,-184.0
3935,-1132.0,-156.0,-184.0
3951,-1076.0,56.0,-280.0
3968,-1076.0,56.0,-280.0
3985,-1076.0,56.0,-280.0
4001,-1076.0,56.0,-280.0
4018,-1076.0,56.0,-280.0
4034,-1076.0,56.0,-280.0
4051,-1076.0,56.0,-280.0
4068,-1004.0,-88.0,-200.0
4084,-1004.0,-88.0,-200.0
4101,-1004.0,-88.0,-200.0
4118,-1004.0,-88.0,-200.0
4134,-1004.0,-88.0,-200.0
4151,-1004.0,-88.0,-200.0
4168,-1068.0,-68.0,-244.0
4184,-1068.0,-68.0,-244.0
4201,-1068.0,-68.0,-244.0
4218,-1068.0,-68.0,-244.0
4235,-1068.0,-68.0,-244.0
4251,-1068.0,-68.0,-244.0
4268,-1080.0,-128.0,-176.0
4284,-1080.0,-128.0,-176.0
4302,-1080.0,-128.0,-176.0
4318,-1080.0,-128.0,-176.0
4335,-1080.0,-128.0,-176.0
4351,-1080.0,-128.0,-176.0
4368,-1000.0,-108.0,-168.0
4385,-1000.0,-108.0,-168.0
4400,-1000.0,-108.0,-168.0
4418,-1000.0,-108.0,-168.0
4434,-1000.0,-108.0,-168.0
4451,-1000.0,-108.0,-168.0
4468,-1000.0,-108.0,-168.0
4484,-968.0,-48.0,-168.0
4500,-968.0,-48.0,-168.0
4517,-968.0,-48.0,-168.0
4535,-968.0,-48.0,-168.0
4550,-968.0,-48.0,-168.0
4568,-968.0,-48.0,-168.0
4584,-968.0,80.0,-136.0
4600,-968.0,80.0,-136.0
4618,-968.0,80.0,-136.0
4635,-968.0,80.0,-136.0
4652,-968.0,80.0,-136.0
4668,-968.0,80.0,-136.0
4685,-1156.0,216.0,-244.0
4701,-1156.0,216.0,-244.0
4718,-1156.0,216.0,-244.0
4735,-1156.0,216.0,-244.0
4751,-1156.0,216.0,-244.0
4768,-1156.0,216.0,-244.0
4785,-1012.0,168.0,-232.0
4801,-1012.0,168.0,-232.0
4818,-1012.0,168.0,-232.0
4834,-1012.0,168.0,-232.0
4851,-1012.0,168.0,-232.0
4868,-1012.0,168.0,-232.0
4884,-1032.0,100.0,-268.0
4901,-1032.0,100.0,-268.0
4918,-1032.0,100.0,-268.0
4935,-1032.0,100.0,-268.0
4951,-1032.0,100.0,-268.0
4968,-1032.0,100.0,-268.0
4984,-1032.0,100.0,-268.0
5002,-1052.0,176.0,-256.0
5025,-1052.0,176.0,-256.0
5043,-1052.0,176.0,-256.0
5060,-1052.0,176.0,-256.0
5076,-1052.0,176.0,-256.0
5093,-1004.0,204.0,-204.0
5109,-1004.0,204.0,-204.0
5126,-1004.0,204.0,-204.0
5142,-1004.0,204.0,-204.0
5159,-1004.0,204.0,-204.0
5175,-1004.0,204.0,-204.0
5192,-1004.0,204.0,-204.0
5208,-1084.0,4.0,-144.0
5225,-1084.0,4.0,-144.0
5242,-1084.0,4.0,-144.0
5259,-1084.0,4.0,-144.0
5275,-1084.0,4.0,-144.0
5292,-1084.0,4.0,-144.0
5308,-1068.0,48.0,-140.0
5325,-1068.0,48.0,-140.0
5343,-1068.0,48.0,-140.0
5359,-1068.0,48.0,-140.0
5376,-1068.0,48.0,-140.0
5392,-1068.0,48.0,-140.0
5408,-1080.0,-20.0,-180.0
5425,-1080.0,-20.0,-180.0
5443,-1080.0,-20.0,-180.0
5459,-1080.0,-20.0,-180.0
5475,-1080.0,-20.0,-180.0
5492,-1080.0,-20.0,-180.0
5509,-1016.0,-56.0,-300.0
5526,-1016.0,-56.0,-300.0
5542,-1016.0,-56.0,-300.0
5559,-1016.0,-56.0,-300.0
5575,-1016.0,-56.0,-300.0
5592,-1016.0,-56.0,-300.0
5609,-1016.0,-56.0,-300.0
5626,-1060.0,-16.0,-252.0
5642,-1060.0,-16.0,-252.0
5658,-1060.0,-16.0,-252.0
5675,-1060.0,-16.0,-252.0
5692,-1060.0,-16.0,-252.0
5709,-1060.0,-16.0,-252.0
5726,-1076.0,16.0,-216.0
5742,-1076.0,16.0,-216.0
5759,-1076.0,16.0,-216.0
5775,-1076.0,16.0,-216.0
5793,-1076.0,16.0,-216.0
5809,-1076.0,16.0,-216.0
5826,-1012.0,-28.0,-248.0
5842,-1012.0,-28.0,-248.0
5859,-1012.0,-28.0,-248.0
5875,-1012.0,-28.0,-248.0
5892,-1012.0,-28.0,-248.0
5909,-1012.0,-28.0,-248.0
5926,-1056.0,-36.0,-240.0
5942,-1056.0,-36.0,-240.0
5959,-1056.0,-36.0,-240.0
5975,-1056.0,-36.0,-240.0
5992,-1056.0,-36.0,-240.0
6010,-1056.0,-36.0,-240.0
6025,-1084.0,-96.0,-244.0
6042,-1084.0,-96.0,-244.0
6059,-1084.0,-96.0,-244.0
6075,-1084.0,-96.0,-244.0
6092,-1084.0,-96.0,-244.0
6108,-1084.0,-96.0,-244.0
6126,-1084.0,-96.0,-244.0
6143,-1072.0,-56.0,-232.0
6159,-1072.0,-56.0,-232.0
6176,-1072.0,-56.0,-232.0
6192,-1072.0,-56.0,-232.0
6210,-1072.0,-56.0,-232.0
6226,-1072.0,-56.0,-232.0
6243,-1028.0,-40.0,-204.0
6259,-1028.0,-40.0,-204.0
6276,-1028.0,-40.0,-204.0
6292,-1028.0,-40.0,-204.0
6309,-1028.0,-40.0,-204.0
6326,-1028.0,-40.0,-204.0
6342,-1024.0,36.0,-180.0
6359,-1024.0,36.0,-180.0
6375,-1024.0,36.0,-180.0
6393,-1024.0,36.0,-180.0
6410,-1024.0,36.0,-180.0
6426,-1024.0,36.0,-180.0
6442,-1080.0,24.0,-168.0
6459,-1080.0,24.0,-168.0
6475,-1080.0,24.0,-168.0
6492,-1080.0,24.0,-168.0
6509,-1080.0,24.0,-168.0
6525,-1080.0,24.0,-168.0
6543,-1076.0,80.0,-216.0
6559,-1076.0,80.0,-216.0
6575,-1076.0,80.0,-216.0
6592,-1076.0,80.0,-216.0
6610,-1076.0,80.0,-216.0
6626,-1076.0,80.0,-216.0
6642,-1076.0,80.0,-216.0
6659,-1048.0,104.0,-156.0
6676,-1048.0,104.0,-156.0
6693,-1048.0,104.0,-156.0
6709,-1048.0,104.0,-156.0
6726,-1048.0,104.0,-156.0
6742,-1048.0,104.0,-156.0
6759,-1036.0,44.0,-196.0
6776,-1036.0,44.0,-196.0
6792,-1036.0,44.0,-196.0
6809,-1036.0,44.0,-196.0
6826,-1036.0,44.0,-196.0
6842,-1036.0,44.0,-196.0
6859,-1040.0,104.0,-188.0
6875,-1040.0,104.0,-188.0
6892,-1040.0,104.0,-188.0
6908,-1040.0,104.0,-188.0
6926,-1040.0,104.0,-188.0
6942,-1040.0,104.0,-188.0
6960,-1036.0,168.0,-224.0
6977,-1036.0,168.0,-224.0
6992,-1036.0,168.0,-224.0
7009,-1036.0,168.0,-224.0
7026,-1036.0,168.0,-224.0
7043,-1036.0,168.0,-224.0
7059,-1036.0,168.0,-224.0
7076,-1040.0,204.0,-216.0
7092,-1040.0,204.0,-216.0
7109,-1040.0,204.0,-216.0
7126,-1040.0,204.0,-216.0
7143,-1040.0,204.0,-216.0
7159,-1040.0,204.0,-216.0
7176,-1048.0,168.0,-188.0
7193,-1048.0,168.0,-188.0
7209,-1048.0,168.0,-188.0
7226,-1048.0,168.0,-188.0
7242,-1048.0,168.0,-188.0
7259,-1048.0,168.0,-188.0
7276,-956.0,192.0,-188.0
7292,-956.0,192.0,-188.0
7309,-956.0,192.0,-188.0
7326,-956.0,192.0,-188.0
7343,-956.0,192.0,-188.0
7359,-956.0,192.0,-188.0
7375,-1032.0,156.0,-196.0
7392,-1032.0,156.0,-196.0
7409,-1032.0,156.0,-196.0
7426,-1032.0,156.0,-196.0
7442,-1032.0,156.0,-196.0
7459,-1032.0,156.0,-196.0
7476,-1040.0,72.0,-208.0
7493,-1040.0,72.0,-208.0
7509,-1040.0,72.0,-208.0
7526,-1040.0,72.0,-208.0
7543,-1040.0,72.0,-208.0
7559,-1040.0,72.0,-208.0
7576,-1040.0,72.0,-208.0
7592,-1100.0,-100.0,-164.0
7609,-1100.0,-100.0,-164.0
7626,-1100.0,-100.0,-164.0
7643,-1100.0,-100.0,-164.0
7659,-1100.0,-100.0,-164.0
7676,-1100.0,-100.0,-164.0
7692,-1136.0,-24.0,-272.0
7709,-1136.0,-24.0,-272.0
7727,-1136.0,-24.0,-272.0
7742,-1136.0,-24.0,-272.0
7759,-1136.0,-24.0,-272.0
7776,-1136.0,-24.0,-272.0
7793,-1044.0,20.0,-192.0
7809,-1044.0,20.0,-192.0
7826,-1044.0,20.0,-192.0
7843,-1044.0,20.0,-192.0
7859,-1044.0,20.0,-192.0
7876,-1044.0,20.0,-192.0
7892,-1068.0,-28.0,-240.0
7909,-1068.0,-28.0,-240.0
7926,-1068.0,-28.0,-240.0
7943,-1068.0,-28.0,-240.0
7959,-1068.0,-28.0,-240.0
7976,-1068.0,-28.0,-240.0
7993,-1068.0,-28.0,-240.0
8009,-984.0,-56.0,-200.0
8026,-984.0,-56.0,-200.0
8042,-984.0,-56.0,-200.0
8059,-984.0,-56.0,-200.0
8076,-984.0,-56.0,-200.0
8092,-984.0,-56.0,-200.0
8109,-972.0,-72.0,-252.0
8127,-972.0,-72.0,-252.0
8142,-972.0,-72.0,-252.0
8160,-972.0,-72.0,-252.0
8176,-972.0,-72.0,-252.0
8192,-972.0,-72.0,-252.0
8210,-1108.0,-120.0,-280.0
8226,-1108.0,-120.0,-280.0
8243,-1108.0,-120.0,-280.0
8260,-1108.0,-120.0,-280.0
8277,-1108.0,-120.0,-280.0
8292,-1108.0,-120.0,-280.0
8309,-1044.0,-112.0,-272.0
8326,-1044.0,-112.0,-272.0
8343,-1044.0,-112.0,-272.0
8359,-1044.0,-112.0,-272.0
8376,-1044.0,-112.0,-272.0
8392,-1044.0,-112.0,-272.0
8409,-1160.0,0.0,-160.0
8425,-1160.0,0.0,-160.0
8442,-1160.0,0.0,-160.0
8459,-1160.0,0.0,-160.0
8475,-1160.0,0.0,-160.0
8492,-1160.0,0.0,-160.0
8509,-1160.0,0.0,-160.0
8526,-1036.0,248.0,-52.0
8543,-1036.0,248.0,-52.0
8559,-1036.0,248.0,-52.0
8576,-1036.0,248.0,-52.0
8593,-1036.0,248.0,-52.0
8609,-1036.0,248.0,-52.0
8626,-1116.0,32.0,-96.0
8643,-1116.0,32.0,-96.0
8659,-1116.0,32.0,-96.0
8676,-1116.0,32.0,-96.0
8693,-1116.0,32.0,-96.0
8711,-1116.0,32.0,-96.0
8730,-1036.0,140.0,-124.0
8748,-1036.0,140.0,-124.0
8765,-1036.0,140.0,-124.0
8783,-1036.0,140.0,-124.0
8800,-1036.0,140.0,-124.0
8817,-1036.0,140.0,-124.0
8833,-932.0,144.0,-240.0
8850,-932.0,144.0,-240.0
8867,-932.0,144.0,-240.0
8884,-932.0,144.0,-240.0
8900,-932.0,144.0,-240.0
8916,-932.0,144.0,-240.0
8933,-984.0,168.0,-192.0
8949,-984.0,168.0,-192.0
8966,-984.0,168.0,-192.0
8984,-984.0,168.0,-192.0
9000,-984.0,168.0,-192.0
9016,-984.0,168.0,-192.0
9032,-1112.0,48.0,-4.0
9050,-1112.0,48.0,-4.0
9066,-1112.0,48.0,-4.0
9083,-1112.0,48.0,-4.0
9099,-1112.0,48.0,-4.0
9116,-1112.0,48.0,-4.0
9133,-1112.0,48.0,-4.0
9150,-1076.0,88.0,-80.0
9167,-1076.0,88.0,-80.0
9183,-1076.0,88.0,-80.0
9200,-1076.0,88.0,-80.0
9216,-1076.0,88.0,-80.0
9233,-1076.0,88.0,-80.0
9249,-1104.0,-68.0,-152.0
9266,-1104.0,-68.0,-152.0
9284,-1104.0,-68.0,-152.0
9300,-1104.0,-68.0,-152.0
9316,-1104.0,-68.0,-152.0
9333,-1104.0,-68.0,-152.0
9350,-952.0,-148.0,-176.0
9366,-952.0,-148.0,-176.0
9383,-952.0,-148.0,-176.0
9399,-952.0,-148.0,-176.0
9416,-952.0,-148.0,-176.0
9432,-952.0,-148.0,-176.0
9450,-1032.0,-168.0,-176.0
9466,-1032.0,-168.0,-176.0
9483,-1032.0,-168.0,-176.0
9500,-1032.0,-168.0,-176.0
9517,-1032.0,-168.0,-176.0
9533,-1032.0,-168.0,-176.0
9550,-1136.0,28.0,-72.0
9567,-1136.0,28.0,-72.0
9583,-1136.0,28.0,-72.0
9600,-1136.0,28.0,-72.0
9616,-1136.0,28.0,-72.0
9633,-1136.0,28.0,-72.0
9649,-1136.0,28.0,-72.0
9667,-1128.0,208.0,-24.0
9683,-1128.0,208.0,-24.0
9700,-1128.0,208.0,-24.0
9716,-1128.0,208.0,-24.0
9734,-1128.0,208.0,-24.0
9750,-1128.0,208.0,-24.0
9766,-1044.0,144.0,-12.0
9783,-1044.0,144.0,-12.0
9799,-1044.0,144.0,-12.0
9816,-1044.0,144.0,-12.0
9834,-1044.0,144.0,-12.0
9850,-1044.0,144.0,-12.0
9867,-928.0,204.0,-52.0
9884,-928.0,204.0,-52.0
9900,-928.0,204.0,-52.0
9917,-928.0,204.0,-52.0
9934,-928.0,204.0,-52.0
9950,-928.0,204.0,-52.0
9967,-1016.0,256.0,76.0
9983,-1016.0,256.0,76.0
10001,-1016.0,256.0,76.0
10017,-1016.0,256.0,76.0
10033,-1016.0,256.0,76.0
10050,-1016.0,256.0,76.0
10067,-992.0,248.0,52.0
10083,-992.0,248.0,52.0
10100,-992.0,248.0,52.0
10117,-992.0,248.0,52.0
10134,-992.0,248.0,52.0
10150,-992.0,248.0,52.0
10167,-992.0,248.0,52.0
10183,-1004.0,312.0,56.0
10200,-1004.0,312.0,56.0
10216,-1004.0,312.0,56.0
10233,-1004.0,312.0,56.0
10250,-1004.0,312.0,56.0
10266,-1004.0,312.0,56.0
10284,-1028.0,292.0,40.0
10301,-1028.0,292.0,40.0
10317,-1028.0,292.0,40.0
10333,-1028.0,292.0,40.0
10350,-1028.0,292.0,40.0
10366,-1028.0,292.0,40.0
10384,-1032.0,244.0,28.0
10400,-1032.0,244.0,28.0
10417,-1032.0,244.0,28.0
10434,-1032.0,244.0,28.0
10450,-1032.0,244.0,28.0
10467,-1032.0,244.0,28.0
10483,-1068.0,64.0,28.0
10500,-1068.0,64.0,28.0
10517,-1068.0,64.0,28.0
10534,-1068.0,64.0,28.0
10550,-1068.0,64.0,28.0
10567,-1068.0,64.0,28.0
10583,-1068.0,64.0,28.0
10600,-996.0,300.0,64.0
10617,-996.0,300.0,64.0
10634,-996.0,300.0,64.0
10650,-996.0,300.0,64.0
10667,-996.0,300.0,64.0
10684,-996.0,300.0,64.0
10700,-1012.0,244.0,48.0
10717,-1012.0,244.0,48.0
10733,-1012.0,244.0,48.0
10750,-1012.0,244.0,48.0
10768,-1012.0,244.0,48.0
10784,-1012.0,244.0,48.0
10800,-1000.0,196.0,116.0
10817,-1000.0,196.0,116.0
10834,-1000.0,196.0,116.0
10850,-1000.0,196.0,116.0
10867,-1000.0,196.0,116.0
10883,-1000.0,196.0,116.0
10900,-1032.0,220.0,96.0
10917,-1032.0,220.0,96.0
10933,-1032.0,220.0,96.0
10950,-1032.0,220.0,96.0
10967,-1032.0,220.0,96.0
10983,-1032.0,220.0,96.0
11000,-1000.0,204.0,120.0
11018,-1000.0,204.0,120.0
11033,-1000.0,204.0,120.0
11051,-1000.0,204.0,120.0
11067,-1000.0,204.0,120.0
11083,-1000.0,204.0,120.0
11100,-1000.0,204.0,120.0
11117,-1076.0,68.0,68.0
11134,-1076.0,68.0,68.0
11150,-1076.0,68.0,68.0
11168,-1076.0,68.0,68.0
11183,-1076.0,68.0,68.0
11201,-1076.0,68.0,68.0
11216,-1180.0,64.0,48.0
11234,-1180.0,64.0,48.0
11250,-1180.0,64.0,48.0
11267,-1180.0,64.0,48.0
11284,-1180.0,64.0,48.0
11300,-1180.0,64.0,48.0
11317,-1068.0,28.0,28.0
11333,-1068.0,28.0,28.0
11350,-1068.0,28.0,28.0
11367,-1068.0,28.0,28.0
11383,-1068.0,28.0,28.0
11401,-1068.0,28.0,28.0
11417,-1004.0,-24.0,0.0
11434,-1004.0,-24.0,0.0
11450,-1004.0,-24.0,0.0
11467,-1004.0,-24.0,0.0
11484,-1004.0,-24.0,0.0
11500,-1004.0,-24.0,0.0
11517,-1056.0,20.0,8.0
11534,-1056.0,20.0,8.0
11550,-1056.0,20.0,8.0
11567,-1056.0,20.0,8.0
11584,-1056.0,20.0,8.0
11600,-1056.0,20.0,8.0
11616,-1056.0,20.0,8.0
11634,-1052.0,104.0,-28.0
11650,-1052.0,104.0,-28.0
11667,-1052.0,104.0,-28.0
11684,-1052.0,104.0,-28.0
11700,-1052.0,104.0,-28.0
11717,-1052.0,104.0,-28.0
11734,-1032.0,-80.0,-12.0
11750,-1032.0,-80.0,-12.0
11766,-1032.0,-80.0,-12.0
11784,-1032.0,-80.0,-12.0
11801,-1032.0,-80.0,-12.0
11817,-1032.0,-80.0,-12.0
11834,-1072.0,12.0,20.0
11850,-1072.0,12.0,20.0
11867,-1072.0,12.0,20.0
11884,-1072.0,12.0,20.0
11901,-1072.0,12.0,20.0
11918,-1072.0,12.0,20.0
11934,-1052.0,8.0,20.0
11950,-1052.0,8.0,20.0
11967,-1052.0,8.0,20.0
11983,-1052.0,8.0,20.0
12000,-1052.0,8.0,20.0
12018,-1052.0,8.0,20.0
12034,-1100.0,184.0,-48.0
12050,-1100.0,184.0,-48.0
12067,-1100.0,184.0,-48.0
12084,-1100.0,184.0,-48.0
12101,-1100.0,184.0,-48.0
12117,-1100.0,184.0,-48.0
12133,-1100.0,184.0,-48.0
12150,-1068.0,28.0,-48.0
12167,-1068.0,28.0,-48.0
12184,-1068.0,28.0,-48.0
12201,-1068.0,28.0,-48.0
12216,-1068.0,28.0,-48.0
12233,-1068.0,28.0,-48.0
12250,-1000.0,192.0,-40.0
12267,-1000.0,192.0,-40.0
12283,-1000.0,192.0,-40.0
12301,-1000.0,192.0,-40.0
12317,-1000.0,192.0,-40.0
12334,-1000.0,192.0,-40.0
12350,-1052.0,204.0,-52.0
12368,-1052.0,204.0,-52.0
12384,-1052.0,204.0,-52.0
12401,-1052.0,204.0,-52.0
12417,-1052.0,204.0,-52.0
12434,-1052.0,204.0,-52.0
12451,-1020.0,264.0,-92.0
12470,-1020.0,264.0,-92.0
12488,-1020.0,264.0,-92.0
12506,-1020.0,264.0,-92.0
12524,-1020.0,264.0,-92.0
12541,-1020.0,264.0,-92.0
12558,-1032.0,192.0,-96.0
12575,-1032.0,192.0,-96.0
12591,-1032.0,192.0,-96.0
12608,-1032.0,192.0,-96.0
12624,-1032.0,192.0,-96.0
12641,-1032.0,192.0,-96.0
12657,-1024.0,272.0,-56.0
12674,-1024.0,272.0,-56.0
12691,-1024.0,272.0,-56.0
12708,-1024.0,272.0,-56.0
12724,-1024.0,272.0,-56.0
12741,-1024.0,272.0,-56.0
12758,-1024.0,272.0,-56.0
12774,-1024.0,272.0,-96.0
12791,-1024.0,272.0,-96.0
12808,-1024.0,272.0,-96.0
12823,-1024.0,272.0,-96.0
12841,-1024.0,272.0,-96.0
12858,-1024.0,272.0,-96.0
12874,-1032.0,264.0,-108.0
12890,-1032.0,264.0,-108.0
12907,-1032.0,264.0,-108.0
12924,-1032.0,264.0,-108.0
12941,-1032.0,264.0,-108.0
12957,-1032.0,264.0,-108.0
12974,-1028.0,240.0,-140.0
12990,-1028.0,240.0,-140.0
13007,-1028.0,240.0,-140.0
13024,-1028.0,240.0,-140.0
13040,-1028.0,240.0,-140.0
13057,-1028.0,240.0,-140.0
13074,-976.0,252.0,-84.0
13091,-976.0,252.0,-84.0
13108,-976.0,252.0,-84.0
13124,-976.0,252.0,-84.0
13140,-976.0,252.0,-84.0
13157,-976.0,252.0,-84.0
13175,-1052.0,224.0,8.0
13191,-1052.0,224.0,8.0
13208,-1052.0,224.0,8.0
13224,-1052.0,224.0,8.0
13241,-1052.0,224.0,8.0
13257,-1052.0,224.0,8.0
13275,-1052.0,224.0,8.0
13291,-1088.0,124.0,-8.0
13308,-1088.0,124.0,-8.0
13324,-1088.0,124.0,-8.0
13341,-1088.0,124.0,-8.0
13357,-1088.0,124.0,-8.0
13374,-1088.0,124.0,-8.0
13390,-1004.0,84.0,-92.0
13408,-1004.0,84.0,-92.0
13424,-1004.0,84.0,-92.0
13441,-1004.0,84.0,-92.0
13457,-1004.0,84.0,-92.0
13474,-1004.0,84.0,-92.0
13491,-1080.0,28.0,-108.0
13508,-1080.0,28.0,-108.0
13525,-1080.0,28.0,-108.0
13541,-1080.0,28.0,-108.0
13557,-1080.0,28.0,-108.0
13574,-1080.0,28.0,-108.0
13591,-1056.0,-92.0,-56.0
13607,-1056.0,-92.0,-56.0
13625,-1056.0,-92.0,-56.0
13641,-1056.0,-92.0,-56.0
13658,-1056.0,-92.0,-56.0
13674,-1056.0,-92.0,-56.0
13691,-1056.0,-92.0,-56.0
13707,-1056.0,16.0,-44.0
13725,-1056.0,16.0,-44.0
13741,-1056.0,16.0,-44.0
13757,-1056.0,16.0,-44.0
13774,-1056.0,16.0,-44.0
13791,-1056.0,16.0,-44.0
13807,-1084.0,-20.0,-60.0
13825,-1084.0,-20.0,-60.0
13841,-1084.0,-20.0,-60.0
13858,-1084.0,-20.0,-60.0
13874,-1084.0,-20.0,-60.0
13891,-1084.0,-20.0,-60.0
13907,-1064.0,24.0,-72.0
13925,-1064.0,24.0,-72.0
13941,-1064.0,24.0,-72.0
13957,-1064.0,24.0,-72.0
13975,-1064.0,24.0,-72.0
13991,-1064.0,24.0,-72.0
14008,-1028.0,-48.0,-4.0
14025,-1028.0,-48.0,-4.0
14041,-1028.0,-48.0,-4.0
14058,-1028.0,-48.0,-4.0
14075,-1028.0,-48.0,-4.0
14091,-1028.0,-48.0,-4.0
14108,-1028.0,-12.0,4.0
14125,-1028.0,-12.0,4.0
14142,-1028.0,-12.0,4.0
14158,-1028.0,-12.0,4.0
14175,-1028.0,-12.0,4.0
14191,-1028.0,-12.0,4.0
14208,-1044.0,24.0,-4.0
14225,-1044.0,24.0,-4.0
14242,-1044.0,24.0,-4.0
14258,-1044.0,24.0,-4.0
14274,-1044.0,24.0,-4.0
14291,-1044.0,24.0,-4.0
14308,-1044.0,24.0,-4.0
14324,-1048.0,8.0,-16.0
14341,-1048.0,8.0,-16.0
14358,-1048.0,8.0,-16.0
14374,-1048.0,8.0,-16.0
14391,-1048.0,8.0,-16.0
14407,-1048.0,8.0,-16.0
14424,-1044.0,32.0,-44.0
14441,-1044.0,32.0,-44.0
14458,-1044.0,32.0,-44.0
14475,-1044.0,32.0,-44.0
14491,-1044.0,32.0,-44.0
14508,-1044.0,32.0,-44.0
14524,-1076.0,-8.0,-68.0
14541,-1076.0,-8.0,-68.0
14558,-1076.0,-8.0,-68.0
14575,-1076.0,-8.0,-68.0
14592,-1076.0,-8.0,-68.0
14608,-1076.0,-8.0,-68.0
14625,-1056.0,60.0,-48.0
14641,-1056.0,60.0,-48.0
14658,-1056.0,60.0,-48.0
14674,-1056.0,60.0,-48.0
14691,-1056.0,60.0,-48.0
14708,-1056.0,60.0,-48.0
14724,-1056.0,60.0,-48.0
14742,-1080.0,4.0,-80.0
14758,-1080.0,4.0,-80.0
14775,-1080.0,4.0,-80.0
14792,-1080.0,4.0,-80.0
14808,-1080.0,4.0,-80.0
14825,-1080.0,4.0,-80.0
14841,-1188.0,40.0,-96.0
14858,-1188.0,40.0,-96.0
14875,-1188.0,40.0,-96.0
14892,-1188.0,40.0,-96.0
14908,-1188.0,40.0,-96.0
14925,-1188.0,40.0,-96.0
14941,-1032.0,-4.0,-24.0
14958,-1032.0,-4.0,-24.0
14975,-1032.0,-4.0,-24.0
14992,-1032.0,-4.0,-24.0
15008,-1032.0,-4.0,-24.0
15025,-1032.0,-4.0,-24.0
15041,-1064.0,140.0,32.0
15058,-1064.0,140.0,32.0
15074,-1064.0,140.0,32.0
15091,-1064.0,140.0,32.0
15108,-1064.0,140.0,32.0
15125,-1064.0,140.0,32.0
15141,-984.0,136.0,24.0
15159,-984.0,136.0,24.0
15174,-984.0,136.0,24.0
15191,-984.0,136.0,24.0
15208,-984.0,136.0,24.0
15225,-984.0,136.0,24.0
15242,-984.0,136.0,24.0
15258,-1060.0,220.0,12.0
15275,-1060.0,220.0,12.0
15292,-1060.0,220.0,12.0
15308,-1060.0,220.0,12.0
15325,-1060.0,220.0,12.0
15342,-1060.0,220.0,12.0
15357,-1012.0,220.0,-4.0
15375,-1012.0,220.0,-4.0
15391,-1012.0,220.0,-4.0
15409,-1012.0,220.0,-4.0
15424,-1012.0,220.0,-4.0
15441,-1012.0,220.0,-4.0
15458,-1092.0,372.0,-32.0
15475,-1092.0,372.0,-32.0
15492,-1092.0,372.0,-32.0
15509,-1092.0,372.0,-32.0
15525,-1092.0,372.0,-32.0
15541,-1092.0,372.0,-32.0
15557,-1060.0,236.0,-52.0
15575,-1060.0,236.0,-52.0
15592,-1060.0,236.0,-52.0
15608,-1060.0,236.0,-52.0
15626,-1060.0,236.0,-52.0
15642,-1060.0,236.0,-52.0
15658,-1060.0,236.0,-52.0
15675,-1012.0,188.0,-8.0
15691,-1012.0,188.0,-8.0
15708,-1012.0,188.0,-8.0
15725,-1012.0,188.0,-8.0
15742,-1012.0,188.0,-8.0
15759,-1012.0,188.0,-8.0
15774,-1020.0,296.0,16.0
15792,-1020.0,296.0,16.0
15808,-1020.0,296.0,16.0
15825,-1020.0,296.0,16.0
15842,-1020.0,296.0,16.0
15858,-1020.0,296.0,16.0
15874,-964.0,340.0,0.0
15891,-964.0,340.0,0.0
15908,-964.0,340.0,0.0
15925,-964.0,340.0,0.0
15942,-964.0,340.0,0.0
15958,-964.0,340.0,0.0
15975,-940.0,288.0,8.0
15992,-940.0,288.0,8.0
16008,-940.0,288.0,8.0
16025,-940.0,288.0,8.0
16041,-940.0,288.0,8.0
16057,-940.0,288.0,8.0
16075,-1140.0,248.0,36.0
16092,-1140.0,248.0,36.0
16108,-1140.0,248.0,36.0
16125,-1140.0,248.0,36.0
16141,-1140.0,248.0,36.0
16158,-1140.0,248.0,36.0
16175,-1140.0,248.0,36.0
16191,-1356.0,56.0,56.0
16208,-1356.0,56.0,56.0
16225,-1356.0,56.0,56.0
16242,-1356.0,56.0,56.0
16261,-1356.0,56.0,56.0
16279,-1356.0,56.0,56.0
16298,-1032.0,-224.0,-40.0
16315,-1032.0,-224.0,-40.0
16333,-1032.0,-224.0,-40.0
16349,-1032.0,-224.0,-40.0
16366,-1032.0,-224.0,-40.0
16382,-1032.0,-224.0,-40.0
16399,-972.0,-68.0,-68.0
16416,-972.0,-68.0,-68.0
16432,-972.0,-68.0,-68.0
16449,-972.0,-68.0,-68.0
16466,-972.0,-68.0,-68.0
16482,-972.0,-68.0,-68.0
16499,-992.0,0.0,-16.0
16515,-992.0,0.0,-16.0
16532,-992.0,0.0,-16.0
16549,-992.0,0.0,-16.0
16565,-992.0,0.0,-16.0
16582,-992.0,0.0,-16.0
16598,-1024.0,-84.0,-84.0
16615,-1024.0,-84.0,-84.0
16631,-1024.0,-84.0,-84.0
16648,-1024.0,-84.0,-84.0
16666,-1024.0,-84.0,-84.0
16682,-1024.0,-84.0,-84.0
16699,-1072.0,24.0,-40.0
16715,-1072.0,24.0,-40.0
16732,-1072.0,24.0,-40.0
16749,-1072.0,24.0,-40.0
16765,-1072.0,24.0,-40.0
16782,-1072.0,24.0,-40.0
16798,-1088.0,-24.0,-16.0
16815,-1088.0,-24.0,-16.0
16831,-1088.0,-24.0,-16.0
16849,-1088.0,-24.0,-16.0
16865,-1088.0,-24.0,-16.0
16881,-1088.0,-24.0,-16.0
16899,-1088.0,-24.0,-16.0
16915,-1056.0,-20.0,-20.0
16931,-1056.0,-20.0,-20.0
16948,-1056.0,-20.0,-20.0
16966,-1056.0,-20.0,-20.0
16982,-1056.0,-20.0,-20.0
16999,-1056.0,-20.0,-20.0
17015,-1068.0,8.0,-44.0
17032,-1068.0,8.0,-44.0
17049,-1068.0,8.0,-44.0
17065,-1068.0,8.0,-44.0
17082,-1068.0,8.0,-44.0
17099,-1068.0,8.0,-44.0
17115,-1076.0,-8.0,-92.0
17132,-1076.0,-8.0,-92.0
17148,-1076.0,-8.0,-92.0
17166,-1076.0,-8.0,-92.0
17182,-1076.0,-8.0,-92.0
17199,-1076.0,-8.0,-92.0
17215,-1044.0,-20.0,16.0
17232,-1044.0,-20.0,16.0
17249,-1044.0,-20.0,16.0
17265,-1044.0,-20.0,16.0
17282,-1044.0,-20.0,16.0
17298,-1044.0,-20.0,16.0
17316,-1072.0,4.0,24.0
17332,-1072.0,4.0,24.0
17348,-1072.0,4.0,24.0
17365,-1072.0,4.0,24.0
17382,-1072.0,4.0,24.0
17399,-1072.0,4.0,24.0
17416,-1072.0,4.0,24.0
17432,-1056.0,-4.0,-16.0
17449,-1056.0,-4.0,-16.0
17466,-1056.0,-4.0,-16.0
17482,-1056.0,-4.0,-16.0
17499,-1056.0,-4.0,-16.0
17515,-1056.0,-4.0,-16.0
17532,-1040.0,16.0,-16.0
17549,-1040.0,16.0,-16.0
17565,-1040.0,16.0,-16.0
17582,-1040.0,16.0,-16.0
17599,-1040.0,16.0,-16.0
17615,-1040.0,16.0,-16.0
17632,-1080.0,36.0,-48.0
17649,-1080.0,36.0,-48.0
17666,-1080.0,36.0,-48.0
17683,-1080.0,36.0,-48.0
17699,-1080.0,36.0,-48.0
17716,-1080.0,36.0,-48.0
17733,-1060.0,0.0,-16.0
17749,-1060.0,0.0,-16.0
17765,-1060.0,0.0,-16.0
17782,-1060.0,0.0,-16.0
17799,-1060.0,0.0,-16.0
17816,-1060.0,0.0,-16.0
17832,-1060.0,16.0,-32.0
17849,-1060.0,16.0,-32.0
17866,-1060.0,16.0,-32.0
17882,-1060.0,16.0,-32.0
17899,-1060.0,16.0,-32.0
17915,-1060.0,16.0,-32.0
17932,-1060.0,16.0,-32.0
17948,-1064.0,36.0,-40.0
17966,-1064.0,36.0,-40.0
17983,-1064.0,36.0,-40.0
17999,-1064.0,36.0,-40.0
18015,-1064.0,36.0,-40.0
18032,-1064.0,36.0,-40.0
18048,-1060.0,-12.0,-44.0
18066,-1060.0,-12.0,-44.0
18082,-1060.0,-12.0,-44.0
18099,-1060.0,-12.0,-44.0
18115,-1060.0,-12.0,-44.0
18132,-1060.0,-12.0,-44.0
18149,-1292.0,68.0,-40.0
18166,-1292.0,68.0,-40.0
18183,-1292.0,68.0,-40.0
18199,-1292.0,68.0,-40.0
18216,-1292.0,68.0,-40.0
18232,-1292.0,68.0,-40.0
18249,-1008.0,0.0,68.0
18266,-1008.0,0.0,68.0
18282,-1008.0,0.0,68.0
18299,-1008.0,0.0,68.0
18316,-1008.0,0.0,68.0
18333,-1008.0,0.0,68.0
18349,-1008.0,0.0,68.0
18366,-1024.0,164.0,16.0
18383,-1024.0,164.0,16.0
18399,-1024.0,164.0,16.0
18416,-1024.0,164.0,16.0
18432,-1024.0,164.0,16.0
18449,-1024.0,164.0,16.0
18465,-952.0,272.0,12.0
18482,-952.0,272.0,12.0
18499,-952.0,272.0,12.0
18516,-952.0,272.0,12.0
18533,-952.0,272.0,12.0
18548,-952.0,272.0,12.0
18566,-1004.0,280.0,32.0
18583,-1004.0,280.0,32.0
18600,-1004.0,280.0,32.0
18616,-1004.0,280.0,32.0
18633,-1004.0,280.0,32.0
18649,-1004.0,280.0,32.0
18666,-1020.0,268.0,-4.0
18682,-1020.0,268.0,-4.0
18699,-1020.0,268.0,-4.0
18716,-1020.0,268.0,-4.0
18733,-1020.0,268.0,-4.0
18749,-1020.0,268.0,-4.0
18766,-1040.0,268.0,-4.0
18782,-1040.0,268.0,-4.0
18800,-1040.0,268.0,-4.0
18816,-1040.0,268.0,-4.0
18832,-1040.0,268.0,-4.0
18849,-1040.0,268.0,-4.0
18866,-1040.0,268.0,-4.0
18883,-1020.0,244.0,-20.0
18899,-1020.0,244.0,-20.0
18916,-1020.0,244.0,-20.0
18933,-1020.0,244.0,-20.0
18949,-1020.0,244.0,-20.0
18965,-1020.0,244.0,-20.0
18983,-1036.0,240.0,20.0
19000,-1036.0,240.0,20.0
19015,-1036.0,240.0,20.0
19033,-1036.0,240.0,20.0
19049,-1036.0,240.0,20.0
19066,-1036.0,240.0,20.0
19083,-1024.0,224.0,28.0
19099,-1024.0,224.0,28.0
19116,-1024.0,224.0,28.0
19133,-1024.0,224.0,28.0
19149,-1024.0,224.0,28.0
19165,-1024.0,224.0,28.0
19183,-1036.0,156.0,8.0
19200,-1036.0,156.0,8.0
19216,-1036.0,156.0,8.0
19232,-1036.0,156.0,8.0
19249,-1036.0,156.0,8.0
19266,-1036.0,156.0,8.0
19282,-1040.0,212.0,8.0
19298,-1040.0,212.0,8.0
19315,-1040.0,212.0,8.0
19333,-1040.0,212.0,8.0
19350,-1040.0,212.0,8.0
19366,-1040.0,212.0,8.0
19383,-1040.0,212.0,8.0
19399,-1008.0,272.0,44.0
19416,-1008.0,272.0,44.0
19433,-1008.0,272.0,44.0
19449,-1008.0,272.0,44.0
19466,-1008.0,272.0,44.0
19483,-1008.0,272.0,44.0
19500,-980.0,256.0,32.0
19516,-980.0,256.0,32.0
19532,-980.0,256.0,32.0
19549,-980.0,256.0,32.0
19565,-980.0,256.0,32.0
19583,-980.0,256.0,32.0
19599,-1012.0,244.0,-32.0
19615,-1012.0,244.0,-32.0
19632,-1012.0,244.0,-32.0
19650,-1012.0,244.0,-32.0
19665,-1012.0,244.0,-32.0
19683,-1012.0,244.0,-32.0
19700,-984.0,292.0,-28.0
19716,-984.0,292.0,-28.0
19732,-984.0,292.0,-28.0
19750,-984.0,292.0,-28.0
19767,-984.0,292.0,-28.0
19783,-984.0,292.0,-28.0
19799,-1016.0,300.0,-40.0
19817,-1016.0,300.0,-40.0
19832,-1016.0,300.0,-40.0
19850,-1016.0,300.0,-40.0
19867,-1016.0,300.0,-40.0
19883,-1016.0,300.0,-40.0
19899,-1016.0,300.0,-40.0
19916,-1064.0,304.0,20.0
19933,-1064.0,304.0,20.0
19949,-1064.0,304.0,20.0
19966,-1064.0,304.0,20.0
19985,-1064.0,304.0,20.0
20004,-1064.0,304.0,20.0
20022,-992.0,84.0,-36.0
20039,-992.0,84.0,-36.0
20056,-992.0,84.0,-36.0
20074,-992.0,84.0,-36.0
20090,-992.0,84.0,-36.0
20106,-992.0,84.0,-36.0
20123,-1176.0,4.0,-72.0
20139,-1176.0,4.0,-72.0
20156,-1176.0,4.0,-72.0
20173,-1176.0,4.0,-72.0
20190,-1176.0,4.0,-72.0
20207,-1176.0,4.0,-72.0
20223,-1008.0,-40.0,-60.0
20239,-1008.0,-40.0,-60.0
20256,-1008.0,-40.0,-60.0
20273,-1008.0,-40.0,-60.0
20289,-1008.0,-40.0,-60.0
20306,-1008.0,-40.0,-60.0
20323,-1060.0,56.0,-24.0
20340,-1060.0,56.0,-24.0
20356,-1060.0,56.0,-24.0
20373,-1060.0,56.0,-24.0
20390,-1060.0,56.0,-24.0
20406,-1060.0,56.0,-24.0
20423,-1056.0,76.0,-24.0
20439,-1056.0,76.0,-24.0
20456,-1056.0,76.0,-24.0
20473,-1056.0,76.0,-24.0
20489,-1056.0,76.0,-24.0
20506,-1056.0,76.0,-24.0
20523,-1056.0,120.0,-40.0
20539,-1064.0,120.0,-40.0
20556,-1064.0,120.0,-40.0
20573,-1064.0,120.0,-40.0
20589,-1064.0,120.0,-40.0
20607,-1064.0,120.0,-40.0
20623,-1064.0,120.0,-40.0
20640,-1056.0,24.0,-12.0
20656,-1056.0,24.0,-12.0
20673,-1056.0,24.0,-12.0
20690,-1056.0,24.0,-12.0
20707,-1056.0,24.0,-12.0
20723,-1056.0,24.0,-12.0
20740,-1060.0,52.0,-40.0
20757,-1060.0,52.0,-40.0
20773,-1060.0,52.0,-40.0
20790,-1060.0,52.0,-40.0
20806,-1060.0,52.0,-40.0
20823,-1060.0,52.0,-40.0
20839,-1064.0,80.0,-68.0
20857,-1064.0,80.0,-68.0
20873,-1064.0,80.0,-68.0
20890,-1064.0,80.0,-68.0
20906,-1064.0,80.0,-68.0
20923,-1064.0,80.0,-68.0
20939,-1048.0,92.0,-76.0
20956,-1048.0,92.0,-76.0
20973,-1048.0,92.0,-76.0
20989,-1048.0,92.0,-76.0
21007,-1048.0,92.0,-76.0
21023,-1048.0,92.0,-76.0
21039,-1048.0,92.0,-76.0
21057,-1056.0,120.0,-88.0
21072,-1056.0,120.0,-88.0
21090,-1056.0,120.0,-88.0
21107,-1056.0,120.0,-88.0
21123,-1056.0,120.0,-88.0
21140,-1056.0,120.0,-88.0
21156,-1064.0,64.0,-52.0
21174,-1064.0,64.0,-52.0
21190,-1064.0,64.0,-52.0
21207,-1064.0,64.0,-52.0
21224,-1064.0,64.0,-52.0
21240,-1064.0,64.0,-52.0
21257,-1044.0,40.0,-36.0
21273,-1044.0,40.0,-36.0
21290,-1044.0,40.0,-36.0
21307,-1044.0,40.0,-36.0
21323,-1044.0,40.0,-36.0
21339,-1044.0,40.0,-36.0
21357,-1092.0,16.0,-48.0
21373,-1092.0,16.0,-48.0
21390,-1092.0,16.0,-48.0
21406,-1092.0,16.0,-48.0
21423,-1092.0,16.0,-48.0
21440,-1092.0,16.0,-48.0
21456,-1044.0,44.0,-60.0
21473,-1044.0,44.0,-60.0
21490,-1044.0,44.0,-60.0
21506,-1044.0,44.0,-60.0
21523,-1044.0,44.0,-60.0
21539,-1044.0,44.0,-60.0
21557,-1044.0,44.0,-60.0
21574,-1040.0,-4.0,-84.0
21590,-1040.0,-4.0,-84.0
21607,-1040.0,-4.0,-84.0
21623,-1040.0,-4.0,-84.0
21640,-1040.0,-4.0,-84.0
21656,-1040.0,-4.0,-84.0
21673,-1056.0,52.0,-108.0
21690,-1056.0,52.0,-108.0
21707,-1056.0,52.0,-108.0
21723,-1056.0,52.0,-108.0
21740,-1056.0,52.0,-108.0
21757,-1056.0,52.0,-108.0
21773,-1044.0,4.0,-84.0
21790,-1044.0,4.0,-84.0
21806,-1044.0,4.0,-84.0
21823,-1044.0,4.0,-84.0
21840,-1044.0,4.0,-84.0
21857,-1044.0,4.0,-84.0
21873,-1088.0,-28.0,-184.0
21889,-1088.0,-28.0,-184.0
21906,-1088.0,-28.0,-184.0
21924,-1088.0,-28.0,-184.0
21940,-1088.0,-28.0,-184.0
21957,-1088.0,-28.0,-184.0
21973,-1088.0,-28.0,-184.0
21990,-1408.0,220.0,16.0
22007,-1408.0,220.0,16.0
22024,-1408.0,220.0,16.0
22040,-1408.0,220.0,16.0
22056,-1408.0,220.0,16.0
22074,-1408.0,220.0,16.0
22090,-944.0,-44.0,20.0
22107,-944.0,-44.0,20.0
22123,-944.0,-44.0,20.0
22141,-944.0,-44.0,20.0
22157,-944.0,-44.0,20.0
22174,-944.0,-44.0,20.0
22190,-1048.0,260.0,4.0
22206,-1048.0,260.0,4.0
22224,-1048.0,260.0,4.0
22240,-1048.0,260.0,4.0
22257,-1048.0,260.0,4.0
22273,-1048.0,260.0,4.0
22290,-932.0,236.0,40.0
22307,-932.0,236.0,40.0
22323,-932.0,236.0,40.0
22340,-932.0,236.0,40.0
22357,-932.0,236.0,40.0
22373,-932.0,236.0,40.0
22390,-1008.0,272.0,16.0
22407,-1008.0,272.0,16.0
22424,-1008.0,272.0,16.0
22440,-1008.0,272.0,16.0
22456,-1008.0,272.0,16.0
22474,-1008.0,272.0,16.0
22490,-1072.0,268.0,-16.0
22506,-1072.0,268.0,-16.0
22523,-1072.0,268.0,-16.0
22540,-1072.0,268.0,-16.0
22557,-1072.0,268.0,-16.0
22574,-1072.0,268.0,-16.0
22590,-1072.0,268.0,-16.0
22607,-1096.0,116.0,-104.0
22623,-1096.0,116.0,-104.0
22640,-1096.0,116.0,-104.0
22656,-1096.0,116.0,-104.0
22673,-1096.0,116.0,-104.0
22690,-1096.0,116.0,-104.0
22706,-1060.0,60.0,-216.0
22723,-1060.0,60.0,-216.0
22740,-1060.0,60.0,-216.0
22757,-1060.0,60.0,-216.0
22774,-1060.0,60.0,-216.0
22790,-1060.0,60.0,-216.0
22807,-1040.0,-4.0,-232.0
22824,-1040.0,-4.0,-232.0
22840,-1040.0,-4.0,-232.0
22857,-1040.0,-4.0,-232.0
22873,-1040.0,-4.0,-232.0
22890,-1040.0,-4.0,-232.0
22906,-1032.0,-36.0,-180.0
22924,-1032.0,-36.0,-180.0
22940,-1032.0,-36.0,-180.0
22957,-1032.0,-36.0,-180.0
22973,-1032.0,-36.0,-180.0
22990,-1032.0,-36.0,-180.0
23006,-1032.0,-36.0,-180.0
23023,-928.0,20.0,-316.0
23040,-928.0,20.0,-316.0
23057,-928.0,20.0,-316.0
23074,-928.0,20.0,-316.0
23090,-928.0,20.0,-316.0
23107,-928.0,20.0,-316.0
23123,-1200.0,-184.0,-188.0
23140,-1200.0,-184.0,-188.0
23156,-1200.0,-184.0,-188.0
23174,-1200.0,-184.0,-188.0
23190,-1200.0,-184.0,-188.0
23207,-1200.0,-184.0,-188.0
23224,-1176.0,60.0,-172.0
23241,-1176.0,60.0,-172.0
23257,-1176.0,60.0,-172.0
23274,-1176.0,60.0,-172.0
23290,-1176.0,60.0,-172.0
23306,-1176.0,60.0,-172.0
23324,-824.0,64.0,-68.0
23340,-824.0,64.0,-68.0
23357,-824.0,64.0,-68.0
23374,-824.0,64.0,-68.0
23390,-824.0,64.0,-68.0
23407,-824.0,64.0,-68.0
23423,-1060.0,44.0,-44.0
23441,-1060.0,44.0,-44.0
23457,-1060.0,44.0,-44.0
23474,-1060.0,44.0,-44.0
23490,-1060.0,44.0,-44.0
23507,-1060.0,44.0,-44.0
23524,-1060.0,44.0,-44.0
23541,-1088.0,24.0,-256.0
23556,-1088.0,24.0,-256.0
23574,-1088.0,24.0,-256.0
23590,-1088.0,24.0,-256.0
23607,-1088.0,24.0,-256.0
23623,-1088.0,24.0,-256.0
23640,-1044.0,36.0,-296.0
23657,-1044.0,36.0,-296.0
23674,-1044.0,36.0,-296.0
23691,-1044.0,36.0,-296.0
23709,-1044.0,36.0,-296.0
23727,-1044.0,36.0,-296.0
23745,-1000.0,92.0,-292.0
23764,-1000.0,92.0,-292.0
23781,-1000.0,92.0,-292.0
23797,-1000.0,92.0,-292.0
23815,-1000.0,92.0,-292.0
23831,-1000.0,92.0,-292.0
23848,-1016.0,84.0,-268.0
23865,-1016.0,84.0,-268.0
23881,-1016.0,84.0,-268.0
23898,-1016.0,84.0,-268.0
23914,-1016.0,84.0,-268.0
23931,-1016.0,84.0,-268.0
23948,-1248.0,132.0,-72.0
23964,-1248.0,132.0,-72.0
23980,-1248.0,132.0,-72.0
23998,-1248.0,132.0,-72.0
24014,-1248.0,132.0,-72.0
24030,-1248.0,132.0,-72.0
24048,-1024.0,128.0,-116.0
24064,-1024.0,128.0,-116.0
24081,-1024.0,128.0,-116.0
24097,-1024.0,128.0,-116.0
24114,-1024.0,128.0,-116.0
24130,-1024.0,128.0,-116.0
24148,-1024.0,128.0,-116.0
24164,-968.0,132.0,-140.0
24181,-968.0,132.0,-140.0
24197,-968.0,132.0,-140.0
24214,-968.0,132.0,-140.0
24230,-968.0,132.0,-140.0
24247,-968.0,132.0,-140.0
24265,-1016.0,196.0,-152.0
24280,-1016.0,196.0,-152.0
24298,-1016.0,196.0,-152.0
24314,-1016.0,196.0,-152.0
24330,-1016.0,196.0,-152.0
24347,-1016.0,196.0,-152.0
24364,-1036.0,208.0,-200.0
24380,-1036.0,208.0,-200.0
24398,-1036.0,208.0,-200.0
24415,-1036.0,208.0,-200.0
24431,-1036.0,208.0,-200.0
24447,-1036.0,208.0,-200.0
24464,-1044.0,176.0,-120.0
24480,-1044.0,176.0,-120.0
24498,-1044.0,176.0,-120.0
24514,-1044.0,176.0,-120.0
24531,-1044.0,176.0,-120.0
24548,-1044.0,176.0,-120.0
24564,-1028.0,188.0,-108.0
24580,-1028.0,188.0,-108.0
24597,-1028.0,188.0,-108.0
24615,-1028.0,188.0,-108.0
24630,-1028.0,188.0,-108.0
24647,-1028.0,188.0,-108.0
24665,-1028.0,188.0,-108.0
24681,-1028.0,184.0,-148.0
24697,-1028.0,184.0,-148.0
24715,-1028.0,184.0,-148.0
24731,-1028.0,184.0,-148.0
24748,-1028.0,184.0,-148.0
24765,-1028.0,184.0,-148.0
24781,-1000.0,204.0,-152.0
24798,-1000.0,204.0,-152.0
24814,-1000.0,204.0,-152.0
24831,-1000.0,204.0,-152.0
24848,-1000.0,204.0,-152.0
24864,-1000.0,204.0,-152.0
24881,-1032.0,260.0,-140.0
24898,-1032.0,260.0,-140.0
24915,-1032.0,260.0,-140.0
24931,-1032.0,260.0,-140.0
24948,-1032.0,260.0,-140.0
24964,-1032.0,260.0,-140.0
24981,-1048.0,212.0,-140.0
24998,-1048.0,212.0,-140.0
25014,-1048.0,212.0,-140.0
25031,-1048.0,212.0,-140.0
25047,-1048.0,212.0,-140.0
25064,-1048.0,212.0,-140.0
25081,-1048.0,212.0,-140.0
25097,-972.0,172.0,-132.0
25114,-972.0,172.0,-132.0
25131,-972.0,172.0,-132.0
25148,-972.0,172.0,-132.0
25164,-972.0,172.0,-132.0
25181,-972.0,172.0,-132.0
25198,-1028.0,100.0,-76.0
25214,-1028.0,100.0,-76.0
25232,-1028.0,100.0,-76.0
25248,-1028.0,100.0,-76.0
25265,-1028.0,100.0,-76.0
25281,-1028.0,100.0,-76.0
25298,-1116.0,88.0,-64.0
25314,-1116.0,88.0,-64.0
25331,-1116.0,88.0,-64.0
25348,-1116.0,88.0,-64.0
25364,-1116.0,88.0,-64.0
25381,-1116.0,88.0,-64.0
25398,-1092.0,-36.0,-44.0
25415,-1092.0,-36.0,-44.0
25431,-1092.0,-36.0,-44.0
25448,-1092.0,-36.0,-44.0
25464,-1092.0,-36.0,-44.0
25481,-1092.0,-36.0,-44.0
25498,-1092.0,-56.0,-80.0
25514,-1092.0,-56.0,-80.0
25531,-1092.0,-56.0,-80.0
25548,-1092.0,-56.0,-80.0
25565,-1092.0,-56.0,-80.0
25581,-1092.0,-56.0,-80.0
25598,-1092.0,-56.0,-80.0
25615,-1072.0,-8.0,-100.0
25631,-1072.0,-8.0,-100.0
25648,-1072.0,-8.0,-100.0
25664,-1072.0,-8.0,-100.0
25682,-1072.0,-8.0,-100.0
25698,-1072.0,-8.0,-100.0
25714,-1024.0,-52.0,-68.0
25732,-1024.0,-52.0,-68.0
25748,-1024.0,-52.0,-68.0
25765,-1024.0,-52.0,-68.0
25782,-1024.0,-52.0,-68.0
25798,-1024.0,-52.0,-68.0
25815,-1056.0,-124.0,-108.0
25831,-1056.0,-124.0,-108.0
25848,-1056.0,-124.0,-108.0
25865,-1056.0,-124.0,-108.0
25881,-1056.0,-124.0,-108.0
25898,-1056.0,-124.0,-108.0
25915,-1080.0,-104.0,-140.0
25931,-1080.0,-104.0,-140.0
25948,-1080.0,-104.0,-140.0
25964,-1080.0,-104.0,-140.0
25982,-1080.0,-104.0,-140.0
25998,-1080.0,-104.0,-140.0
26015,-1024.0,-188.0,-112.0
26031,-1024.0,-188.0,-112.0
26048,-1024.0,-188.0,-112.0
26065,-1024.0,-188.0,-112.0
26081,-1024.0,-188.0,-112.0
26099,-1024.0,-188.0,-112.0
26115,-1024.0,-188.0,-112.0
26131,-1080.0,-100.0,-140.0
26148,-1080.0,-100.0,-140.0
26164,-1080.0,-100.0,-140.0
26181,-1080.0,-100.0,-140.0
26198,-1080.0,-100.0,-140.0
26214,-1080.0,-100.0,-140.0
26231,-1152.0,96.0,-68.0
26248,-1152.0,96.0,-68.0
26265,-1152.0,96.0,-68.0
26281,-1152.0,96.0,-68.0
26299,-1152.0,96.0,-68.0
26314,-1152.0,96.0,-68.0
26331,-1000.0,112.0,-100.0
26348,-1000.0,112.0,-100.0
26365,-1000.0,112.0,-100.0
26382,-1000.0,112.0,-100.0
26399,-1000.0,112.0,-100.0
26414,-1000.0,112.0,-100.0
26432,-1032.0,152.0,-192.0
26448,-1032.0,152.0,-192.0
26465,-1032.0,152.0,-192.0
26482,-1032.0,152.0,-192.0
26498,-1032.0,152.0,-192.0
26515,-1032.0,152.0,-192.0
26531,-1032.0,152.0,-192.0
26548,-1056.0,132.0,-168.0
26564,-1056.0,132.0,-168.0
26582,-1056.0,132.0,-168.0
