MILLIS,X,Y,Z
1379,-968.0,364.0,164.0
1497,-952.0,372.0,136.0
1513,-952.0,372.0,136.0
1529,-952.0,372.0,136.0
1546,-952.0,372.0,136.0
1563,-952.0,372.0,136.0
1581,-964.0,360.0,140.0
1597,-964.0,360.0,140.0
1614,-964.0,360.0,140.0
1629,-964.0,360.0,140.0
1647,-964.0,360.0,140.0
1664,-964.0,360.0,140.0
1680,-928.0,356.0,124.0
1697,-928.0,356.0,124.0
1714,-928.0,356.0,124.0
1731,-928.0,356.0,124.0
1746,-928.0,356.0,124.0
1763,-928.0,356.0,124.0
1780,-1008.0,320.0,160.0
1797,-1008.0,320.0,160.0
1813,-1008.0,320.0,160.0
1830,-1008.0,320.0,160.0
1846,-1008.0,320.0,160.0
1863,-1008.0,320.0,160.0
1880,-1088.0,104.0,176.0
1896,-1088.0,104.0,176.0
1912,-1088.0,104.0,176.0
1930,-1088.0,104.0,176.0
1946,-1088.0,104.0,176.0
1963,-1088.0,104.0,176.0
1979,-1088.0,104.0,176.0
1995,-960.0,-80.0,156.0
2013,-960.0,-80.0,156.0
2029,-960.0,-80.0,156.0
2046,-960.0,-80.0,156.0
2062,-960.0,-80.0,156.0
2080,-960.0,-80.0,156.0
2096,-1020.0,-16.0,140.0
2112,-1020.0,-16.0,140.0
2129,-1020.0,-16.0,140.0
2146,-1020.0,-16.0,140.0
2162,-1020.0,-16.0,140.0
2179,-1020.0,-16.0,140.0
2196,-1064.0,40.0,184.0
2212,-1064.0,40.0,184.0
2229,-1064.0,40.0,184.0
2246,-1064.0,40.0,184.0
2263,-1064.0,40.0,184.0
2280,-1064.0,40.0,184.0
2297,-1060.0,84.0,196.0
2313,-1060.0,84.0,196.0
2330,-1060.0,84.0,196.0
2346,-1060.0,84.0,196.0
2363,-1060.0,84.0,196.0
2379,-1060.0,84.0,196.0
2397,-960.0,4.0,204.0
2413,-960.0,4.0,204.0
2430,-960.0,4.0,204.0
2446,-960.0,4.0,204.0
2463,-960.0,4.0,204.0
2480,-960.0,4.0,204.0
2496,-960.0,4.0,204.0
2513,-1064.0,28.0,204.0
2529,-1064.0,28.0,204.0
2546,-1064.0,28.0,204.0
2563,-1064.0,28.0,204.0
2580,-1064.0,28.0,204.0
2596,-1064.0,28.0,204.0
2614,-1036.0,140.0,140.0
2629,-1036.0,140.0,140.0
2647,-1036.0,140.0,140.0
2662,-1036.0,140.0,140.0
2680,-1036.0,140.0,140.0
2697,-1036.0,140.0,140.0
2713,-1072.0,124.0,144.0
2730,-1072.0,124.0,144.0
2746,-1072.0,124.0,144.0
2764,-1072.0,124.0,144.0
2780,-1072.0,124.0,144.0
2796,-1072.0,124.0,144.0
2813,-1016.0,196.0,136.0
2830,-1016.0,196.0,136.0
2847,-1016.0,196.0,136.0
2864,-1016.0,196.0,136.0
2879,-1016.0,196.0,136.0
2896,-1016.0,196.0,136.0
2914,-1020.0,200.0,112.0
2930,-1020.0,200.0,112.0
2947,-1020.0,200.0,112.0
2963,-1020.0,200.0,112.0
2980,-1020.0,200.0,112.0
2997,-1020.0,200.0,112.0
3013,-1020.0,200.0,112.0
3030,-988.0,204.0,148.0
3046,-988.0,204.0,148.0
3063,-988.0,204.0,148.0
3080,-988.0,204.0,148.0
3096,-988.0,204.0,148.0
3114,-988.0,204.0,148.0
3130,-960.0,264.0,164.0
3147,-960.0,264.0,164.0
3163,-960.0,264.0,164.0
3180,-960.0,264.0,164.0
3197,-960.0,264.0,164.0
3213,-960.0,264.0,164.0
3230,-996.0,288.0,164.0
3246,-996.0,288.0,164.0
3263,-996.0,288.0,164.0
3279,-996.0,288.0,164.0
3296,-996.0,288.0,164.0
3312,-996.0,288.0,164.0
3329,-988.0,12.0,192.0
3345,-988.0,12.0,192.0
3363,-988.0,12.0,192.0
3380,-988.0,12.0,192.0
3396,-988.0,12.0,192.0
3413,-988.0,12.0,192.0
3429,-988.0,12.0,192.0
3447,-1128.0,-48.0,100.0
3463,-1128.0,-48.0,100.0
3480,-1128.0,-48.0,100.0
3497,-1128.0,-48.0,100.0
3513,-1128.0,-48.0,100.0
3530,-1128.0,-48.0,100.0
3546,-996.0,124.0,132.0
3563,-996.0,124.0,132.0
3580,-996.0,124.0,132.0
3596,-996.0,124.0,132.0
3613,-996.0,124.0,132.0
3630,-996.0,124.0,132.0
3646,-1060.0,144.0,172.0
3663,-1060.0,144.0,172.0
3680,-1060.0,144.0,172.0
3696,-1060.0,144.0,172.0
3713,-1060.0,144.0,172.0
3730,-1060.0,144.0,172.0
3747,-988.0,-48.0,140.0
3762,-988.0,-48.0,140.0
3780,-988.0,-48.0,140.0
3796,-988.0,-48.0,140.0
3813,-988.0,-48.0,140.0
3830,-988.0,-48.0,140.0
3846,-1036.0,-16.0,128.0
3863,-1036.0,-16.0,128.0
3880,-1036.0,-16.0,128.0
3897,-1036.0,-16.0,128.0
3913,-1036.0,-16.0,128.0
3929,-1036.0,-16.0,128.0
3947,-1036.0,-16.0,128.0
3963,-1016.0,-8.0,112.0
3979,-1016.0,-8.0,112.0
3996,-1016.0,-8.0,112.0
4013,-1016.0,-8.0,112.0
4030,-1016.0,-8.0,112.0
4047,-1016.0,-8.0,112.0
4063,-1040.0,-4.0,104.0
4080,-1040.0,-4.0,104.0
4096,-1040.0,-4.0,104.0
4113,-1040.0,-4.0,104.0
4129,-1040.0,-4.0,104.0
4146,-1040.0,-4.0,104.0
4163,-1080.0,264.0,168.0
4180,-1080.0,264.0,168.0
4197,-1080.0,264.0,168.0
4213,-1080.0,264.0,168.0
4229,-1080.0,264.0,168.0
4246,-1080.0,264.0,168.0
4263,-992.0,208.0,176.0
4279,-992.0,208.0,176.0
4297,-992.0,208.0,176.0
4313,-992.0,208.0,176.0
4330,-992.0,208.0,176.0
4347,-992.0,208.0,176.0
4364,-960.0,288.0,184.0
4380,-960.0,288.0,184.0
4396,-960.0,288.0,184.0
4412,-960.0,288.0,184.0
4430,-960.0,288.0,184.0
4447,-960.0,288.0,184.0
4463,-960.0,288.0,184.0
4480,-1000.0,180.0,152.0
4496,-1000.0,180.0,152.0
4512,-1000.0,180.0,152.0
4530,-1000.0,180.0,152.0
4546,-1000.0,180.0,152.0
4563,-1000.0,180.0,152.0
4580,-1036.0,128.0,156.0
4596,-1036.0,128.0,156.0
4613,-1036.0,128.0,156.0
4631,-1036.0,128.0,156.0
4647,-1036.0,128.0,156.0
4662,-1036.0,128.0,156.0
4681,-1052.0,208.0,116.0
4697,-1052.0,208.0,116.0
4713,-1052.0,208.0,116.0
4730,-1052.0,208.0,116.0
4746,-1052.0,208.0,116.0
4763,-1052.0,208.0,116.0
4781,-1028.0,324.0,88.0
4799,-1028.0,324.0,88.0
4817,-1028.0,324.0,88.0
4836,-1028.0,324.0,88.0
4854,-1028.0,324.0,88.0
4871,-1028.0,324.0,88.0
4889,-1012.0,268.0,64.0
4905,-1012.0,268.0,64.0
4922,-1012.0,268.0,64.0
4938,-1012.0,268.0,64.0
4955,-1012.0,268.0,64.0
4971,-1012.0,268.0,64.0
4988,-992.0,252.0,104.0
5005,-992.0,252.0,104.0
5022,-992.0,252.0,104.0
5038,-992.0,252.0,104.0
5055,-992.0,252.0,104.0
5071,-992.0,252.0,104.0
5088,-992.0,252.0,104.0
5104,-1020.0,204.0,156.0
5121,-1020.0,204.0,156.0
5138,-1020.0,204.0,156.0
5155,-1020.0,204.0,156.0
5171,-1020.0,204.0,156.0
5188,-1020.0,204.0,156.0
5204,-976.0,296.0,212.0
5221,-976.0,296.0,212.0
5238,-976.0,296.0,212.0
5255,-976.0,296.0,212.0
5271,-976.0,296.0,212.0
5287,-976.0,296.0,212.0
5305,-988.0,248.0,212.0
5321,-988.0,248.0,212.0
5338,-988.0,248.0,212.0
5354,-988.0,248.0,212.0
5371,-988.0,248.0,212.0
5387,-988.0,248.0,212.0
5405,-964.0,272.0,204.0
5421,-964.0,272.0,204.0
5437,-964.0,272.0,204.0
5455,-964.0,272.0,204.0
5471,-964.0,272.0,204.0
5487,-964.0,272.0,204.0
5505,-992.0,180.0,176.0
5522,-992.0,180.0,176.0
5537,-992.0,180.0,176.0
5555,-992.0,180.0,176.0
5572,-992.0,180.0,176.0
5588,-992.0,180.0,176.0
5605,-992.0,180.0,176.0
5622,-984.0,208.0,208.0
5638,-984.0,208.0,208.0
5655,-984.0,208.0,208.0
5671,-984.0,208.0,208.0
5689,-984.0,208.0,208.0
5705,-984.0,208.0,208.0
5722,-1004.0,184.0,164.0
5738,-1004.0,184.0,164.0
5755,-1004.0,184.0,164.0
5771,-1004.0,184.0,164.0
5789,-1004.0,184.0,164.0
5805,-1004.0,184.0,164.0
5821,-1020.0,140.0,140.0
5838,-1020.0,140.0,140.0
5855,-1020.0,140.0,140.0
5871,-1020.0,140.0,140.0
5888,-1020.0,140.0,140.0
5904,-1020.0,140.0,140.0
5921,-1024.0,188.0,212.0
5938,-1024.0,188.0,212.0
5955,-1024.0,188.0,212.0
5971,-1024.0,188.0,212.0
5988,-1024.0,188.0,212.0
6004,-1024.0,188.0,212.0
6021,-1024.0,188.0,212.0
6039,-944.0,432.0,172.0
6055,-944.0,432.0,172.0
6071,-944.0,432.0,172.0
6088,-944.0,432.0,172.0
6105,-944.0,432.0,172.0
6121,-944.0,432.0,172.0
6138,-1012.0,356.0,108.0
6155,-1012.0,356.0,108.0
6172,-1012.0,356.0,108.0
6188,-1012.0,356.0,108.0
6205,-1012.0,356.0,108.0
6221,-1012.0,356.0,108.0
6238,-924.0,492.0,72.0
6254,-924.0,492.0,72.0
6271,-924.0,492.0,72.0
6288,-924.0,492.0,72.0
6305,-924.0,492.0,72.0
6321,-924.0,492.0,72.0
6338,-1104.0,168.0,224.0
6355,-1104.0,168.0,224.0
6371,-1104.0,168.0,224.0
6389,-1104.0,168.0,224.0
6405,-1104.0,168.0,224.0
6422,-1104.0,168.0,224.0
6439,-896.0,-60.0,192.0
6455,-896.0,-60.0,192.0
6472,-896.0,-60.0,192.0
6488,-896.0,-60.0,192.0
6505,-896.0,-60.0,192.0
6521,-896.0,-60.0,192.0
6539,-896.0,-60.0,192.0
6555,-1036.0,-36.0,152.0
6572,-1036.0,-36.0,152.0
6588,-1036.0,-36.0,152.0
6605,-1036.0,-36.0,152.0
6622,-1036.0,-36.0,152.0
6638,-1036.0,-36.0,152.0
6655,-1024.0,4.0,144.0
6671,-1024.0,4.0,144.0
6688,-1024.0,4.0,144.0
6705,-1024.0,4.0,144.0
6721,-1024.0,4.0,144.0
6738,-1024.0,4.0,144.0
6755,-1072.0,-76.0,180.0
6772,-1072.0,-76.0,180.0
6789,-1072.0,-76.0,180.0
6805,-1072.0,-76.0,180.0
6822,-1072.0,-76.0,180.0
6839,-1072.0,-76.0,180.0
6855,-1008.0,-8.0,248.0
6872,-1008.0,-8.0,248.0
6889,-1008.0,-8.0,248.0
6905,-1008.0,-8.0,248.0
6922,-1008.0,-8.0,248.0
6938,-1008.0,-8.0,248.0
6954,-1004.0,84.0,272.0
6971,-1004.0,84.0,272.0
6988,-1004.0,84.0,272.0
7006,-1004.0,84.0,272.0
7021,-1004.0,84.0,272.0
7039,-1004.0,84.0,272.0
7056,-1004.0,84.0,272.0
7072,-932.0,112.0,256.0
7089,-932.0,112.0,256.0
7105,-932.0,112.0,256.0
7121,-932.0,112.0,256.0
7138,-932.0,112.0,256.0
7155,-932.0,112.0,256.0
7182,-1020.0,112.0,224.0
7199,-1020.0,112.0,224.0
7216,-1020.0,112.0,224.0
7233,-1020.0,112.0,224.0
7249,-1020.0,112.0,224.0
7266,-1004.0,220.0,164.0
7283,-1004.0,220.0,164.0
7300,-1004.0,220.0,164.0
7316,-1004.0,220.0,164.0
7333,-1004.0,220.0,164.0
7349,-1004.0,220.0,164.0
7366,-1004.0,220.0,164.0
7383,-996.0,248.0,112.0
7399,-996.0,248.0,112.0
7415,-996.0,248.0,112.0
7433,-996.0,248.0,112.0
7448,-996.0,248.0,112.0
7466,-996.0,248.0,112.0
7483,-964.0,200.0,152.0
7499,-964.0,200.0,152.0
7516,-964.0,200.0,152.0
7532,-964.0,200.0,152.0
7549,-964.0,200.0,152.0
7566,-964.0,200.0,152.0
7582,-1028.0,364.0,100.0
7599,-1028.0,364.0,100.0
7616,-1028.0,364.0,100.0
7632,-1028.0,364.0,100.0
7648,-1028.0,364.0,100.0
7666,-1028.0,364.0,100.0
7682,-956.0,160.0,100.0
7699,-956.0,160.0,100.0
7716,-956.0,160.0,100.0
7732,-956.0,160.0,100.0
7749,-956.0,160.0,100.0
7766,-956.0,160.0,100.0
7782,-956.0,160.0,100.0
7799,-756.0,244.0,-64.0
7815,-756.0,244.0,-64.0
7832,-756.0,244.0,-64.0
7849,-756.0,244.0,-64.0
7866,-756.0,244.0,-64.0
7883,-756.0,244.0,-64.0
7899,-1300.0,756.0,-112.0
7916,-1300.0,756.0,-112.0
7933,-1300.0,756.0,-112.0
7949,-1300.0,756.0,-112.0
7966,-1300.0,756.0,-112.0
7983,-1300.0,756.0,-112.0
7999,-1164.0,552.0,8.0
8016,-1164.0,552.0,8.0
8033,-1164.0,552.0,8.0
8049,-1164.0,552.0,8.0
8066,-1164.0,552.0,8.0
8083,-1164.0,552.0,8.0
8099,-840.0,-264.0,184.0
8116,-840.0,-264.0,184.0
8132,-840.0,-264.0,184.0
8149,-840.0,-264.0,184.0
8165,-840.0,-264.0,184.0
8182,-840.0,-264.0,184.0
8199,-832.0,-324.0,204.0
8216,-832.0,-324.0,204.0
8233,-832.0,-324.0,204.0
8250,-832.0,-324.0,204.0
8266,-832.0,-324.0,204.0
8283,-832.0,-324.0,204.0
8299,-832.0,-324.0,204.0
8316,-1112.0,-56.0,108.0
8333,-1112.0,-56.0,108.0
8349,-1112.0,-56.0,108.0
8366,-1112.0,-56.0,108.0
8382,-1112.0,-56.0,108.0
8399,-1112.0,-56.0,108.0
8416,-1040.0,116.0,168.0
8433,-1040.0,116.0,168.0
8449,-1040.0,116.0,168.0
8466,-1040.0,116.0,168.0
8483,-1040.0,116.0,168.0
8500,-1040.0,116.0,168.0
8516,-944.0,-8.0,164.0
8533,-944.0,-8.0,164.0
8549,-944.0,-8.0,164.0
8566,-944.0,-8.0,164.0
8582,-944.0,-8.0,164.0
8599,-944.0,-8.0,164.0
8616,-1020.0,-116.0,156.0
8633,-1020.0,-116.0,156.0
8650,-1020.0,-116.0,156.0
8666,-1020.0,-116.0,156.0
8683,-1020.0,-116.0,156.0
8699,-1020.0,-116.0,156.0
8716,-1036.0,-52.0,208.0
8732,-1036.0,-52.0,208.0
8750,-1036.0,-52.0,208.0
8767,-1036.0,-52.0,208.0
8783,-1036.0,-52.0,208.0
8800,-1036.0,-52.0,208.0
8816,-1036.0,-52.0,208.0
8833,-1048.0,52.0,280.0
8849,-1048.0,52.0,280.0
8866,-1048.0,52.0,280.0
8883,-1048.0,52.0,280.0
8899,-1048.0,52.0,280.0
8917,-1048.0,52.0,280.0
8933,-1000.0,120.0,288.0
8949,-1000.0,120.0,288.0
8966,-1000.0,120.0,288.0
8982,-1000.0,120.0,288.0
9000,-1000.0,120.0,288.0
9016,-1000.0,120.0,288.0
9033,-996.0,56.0,264.0
9050,-996.0,56.0,264.0
9066,-996.0,56.0,264.0
9083,-996.0,56.0,264.0
9099,-996.0,56.0,264.0
9116,-996.0,56.0,264.0
9133,-1000.0,192.0,260.0
9150,-1000.0,192.0,260.0
9166,-1000.0,192.0,260.0
9184,-1000.0,192.0,260.0
9200,-1000.0,192.0,260.0
9217,-1000.0,192.0,260.0
9233,-1000.0,192.0,260.0
9250,-1008.0,300.0,272.0
9266,-1008.0,300.0,272.0
9283,-1008.0,300.0,272.0
9299,-1008.0,300.0,272.0
9316,-1008.0,300.0,272.0
9333,-1008.0,300.0,272.0
9349,-896.0,344.0,292.0
9366,-896.0,344.0,292.0
9383,-896.0,344.0,292.0
9399,-896.0,344.0,292.0
9416,-896.0,344.0,292.0
9434,-896.0,344.0,292.0
9450,-872.0,332.0,308.0
9467,-872.0,332.0,308.0
9483,-872.0,332.0,308.0
9500,-872.0,332.0,308.0
9516,-872.0,332.0,308.0
9533,-872.0,332.0,308.0
9549,-928.0,436.0,252.0
9566,-928.0,436.0,252.0
9583,-928.0,436.0,252.0
9599,-928.0,436.0,252.0
9616,-928.0,436.0,252.0
9633,-928.0,436.0,252.0
9649,-924.0,356.0,248.0
9666,-924.0,356.0,248.0
9683,-924.0,356.0,248.0
9699,-924.0,356.0,248.0
9716,-924.0,356.0,248.0
9732,-924.0,356.0,248.0
9750,-924.0,356.0,248.0
9766,-968.0,344.0,168.0
9782,-968.0,344.0,168.0
9800,-968.0,344.0,168.0
9816,-968.0,344.0,168.0
9834,-968.0,344.0,168.0
9849,-968.0,344.0,168.0
9866,-940.0,400.0,136.0
9884,-940.0,400.0,136.0
9900,-940.0,400.0,136.0
9916,-940.0,400.0,136.0
9932,-940.0,400.0,136.0
9949,-940.0,400.0,136.0
9966,-920.0,476.0,156.0
9983,-920.0,476.0,156.0
9999,-920.0,476.0,156.0
10016,-920.0,476.0,156.0
10033,-920.0,476.0,156.0
10049,-920.0,476.0,156.0
10067,-904.0,428.0,156.0
10083,-904.0,428.0,156.0
10100,-904.0,428.0,156.0
10116,-904.0,428.0,156.0
10133,-904.0,428.0,156.0
10150,-904.0,428.0,156.0
10167,-904.0,428.0,156.0
10183,-1124.0,-236.0,252.0
10200,-1124.0,-236.0,252.0
10217,-1124.0,-236.0,252.0
10233,-1124.0,-236.0,252.0
10250,-1124.0,-236.0,252.0
10266,-1124.0,-236.0,252.0
10284,-972.0,220.0,236.0
10299,-972.0,220.0,236.0
10317,-972.0,220.0,236.0
10333,-972.0,220.0,236.0
10350,-972.0,220.0,236.0
10366,-972.0,220.0,236.0
10383,-960.0,48.0,292.0
10400,-960.0,48.0,292.0
10416,-960.0,48.0,292.0
10433,-960.0,48.0,292.0
10450,-960.0,48.0,292.0
10467,-960.0,48.0,292.0
10484,-980.0,128.0,276.0
10499,-980.0,128.0,276.0
10517,-980.0,128.0,276.0
10540,-980.0,128.0,276.0
10557,-980.0,128.0,276.0
10574,-980.0,128.0,276.0
10591,-988.0,72.0,272.0
10608,-988.0,72.0,272.0
10625,-988.0,72.0,272.0
10641,-988.0,72.0,272.0
10658,-988.0,72.0,272.0
10674,-988.0,72.0,272.0
10690,-972.0,0.0,272.0
10708,-972.0,0.0,272.0
10724,-972.0,0.0,272.0
10741,-972.0,0.0,272.0
10758,-972.0,0.0,272.0
10774,-972.0,0.0,272.0
10791,-980.0,-56.0,232.0
10808,-980.0,-56.0,232.0
10824,-980.0,-56.0,232.0
10841,-980.0,-56.0,232.0
10857,-980.0,-56.0,232.0
10875,-980.0,-56.0,232.0
10891,-980.0,-56.0,232.0
10908,-1000.0,-8.0,176.0
10924,-1000.0,-8.0,176.0
10941,-1000.0,-8.0,176.0
10958,-1000.0,-8.0,176.0
10975,-1000.0,-8.0,176.0
10991,-1000.0,-8.0,176.0
11007,-952.0,-144.0,204.0
11024,-952.0,-144.0,204.0
11041,-952.0,-144.0,204.0
11057,-952.0,-144.0,204.0
11074,-952.0,-144.0,204.0
11091,-952.0,-144.0,204.0
11107,-968.0,-80.0,184.0
11124,-968.0,-80.0,184.0
11141,-968.0,-80.0,184.0
11158,-968.0,-80.0,184.0
11174,-968.0,-80.0,184.0
11190,-968.0,-80.0,184.0
11208,-1080.0,-212.0,196.0
11225,-1080.0,-212.0,196.0
11241,-1080.0,-212.0,196.0
11258,-1080.0,-212.0,196.0
11275,-1080.0,-212.0,196.0
11291,-1080.0,-212.0,196.0
11307,-1064.0,24.0,268.0
11325,-1064.0,24.0,268.0
11341,-1064.0,24.0,268.0
11358,-1064.0,24.0,268.0
11374,-1064.0,24.0,268.0
11391,-1064.0,24.0,268.0
11408,-1064.0,24.0,268.0
11424,-1068.0,64.0,220.0
11441,-1068.0,64.0,220.0
11458,-1068.0,64.0,220.0
11474,-1068.0,64.0,220.0
11492,-1068.0,64.0,220.0
11508,-1068.0,64.0,220.0
11524,-976.0,156.0,292.0
11541,-976.0,156.0,292.0
11557,-976.0,156.0,292.0
11574,-976.0,156.0,292.0
11592,-976.0,156.0,292.0
11607,-976.0,156.0,292.0
11624,-972.0,196.0,164.0
11641,-972.0,196.0,164.0
11658,-972.0,196.0,164.0
11675,-972.0,196.0,164.0
11692,-972.0,196.0,164.0
11708,-972.0,196.0,164.0
11725,-932.0,456.0,148.0
11742,-932.0,456.0,148.0
11758,-932.0,456.0,148.0
11775,-932.0,456.0,148.0
11791,-932.0,456.0,148.0
11808,-932.0,456.0,148.0
11825,-924.0,324.0,128.0
11842,-924.0,324.0,128.0
11857,-924.0,324.0,128.0
11875,-924.0,324.0,128.0
11891,-924.0,324.0,128.0
11908,-924.0,324.0,128.0
11924,-924.0,324.0,128.0
11942,-960.0,292.0,140.0
11958,-960.0,292.0,140.0
11974,-960.0,292.0,140.0
11991,-960.0,292.0,140.0
12008,-960.0,292.0,140.0
12024,-960.0,292.0,140.0
12042,-1012.0,248.0,172.0
12058,-1012.0,248.0,172.0
12075,-1012.0,248.0,172.0
12092,-1012.0,248.0,172.0
12108,-1012.0,248.0,172.0
12125,-1012.0,248.0,172.0
12141,-964.0,476.0,164.0
12157,-964.0,476.0,164.0
12175,-964.0,476.0,164.0
12191,-964.0,476.0,164.0
12209,-964.0,476.0,164.0
12225,-964.0,476.0,164.0
12242,-876.0,196.0,136.0
12258,-876.0,196.0,136.0
12275,-876.0,196.0,136.0
12292,-876.0,196.0,136.0
12308,-876.0,196.0,136.0
12324,-876.0,196.0,136.0
12341,-876.0,196.0,136.0
12358,-1000.0,316.0,164.0
12374,-1000.0,316.0,164.0
12391,-1000.0,316.0,164.0
12409,-1000.0,316.0,164.0
12425,-1000.0,316.0,164.0
12441,-1000.0,316.0,164.0
12459,-1028.0,204.0,176.0
12475,-1028.0,204.0,176.0
12491,-1028.0,204.0,176.0
12508,-1028.0,204.0,176.0
12525,-1028.0,204.0,176.0
12542,-1028.0,204.0,176.0
12558,-1020.0,252.0,188.0
12575,-1020.0,252.0,188.0
12591,-1020.0,252.0,188.0
12608,-1020.0,252.0,188.0
12624,-1020.0,252.0,188.0
12641,-1020.0,252.0,188.0
12658,-968.0,332.0,168.0
12674,-968.0,332.0,168.0
12691,-968.0,332.0,168.0
12709,-968.0,332.0,168.0
12724,-968.0,332.0,168.0
12742,-968.0,332.0,168.0
12758,-984.0,284.0,172.0
12775,-984.0,284.0,172.0
12792,-984.0,284.0,172.0
12808,-984.0,284.0,172.0
12825,-984.0,284.0,172.0
12841,-984.0,284.0,172.0
12858,-984.0,284.0,172.0
12875,-956.0,364.0,132.0
12891,-956.0,364.0,132.0
12909,-956.0,364.0,132.0
12924,-956.0,364.0,132.0
12942,-956.0,364.0,132.0
12958,-956.0,364.0,132.0
12975,-1016.0,220.0,172.0
12991,-1016.0,220.0,172.0
13008,-1016.0,220.0,172.0
13025,-1016.0,220.0,172.0
13042,-1016.0,220.0,172.0
13058,-1016.0,220.0,172.0
13075,-1052.0,336.0,176.0
13092,-1052.0,336.0,176.0
13108,-1052.0,336.0,176.0
13125,-1052.0,336.0,176.0
13141,-1052.0,336.0,176.0
13158,-1052.0,336.0,176.0
13175,-980.0,300.0,168.0
13192,-980.0,300.0,168.0
13209,-980.0,300.0,168.0
13224,-980.0,300.0,168.0
13242,-980.0,300.0,168.0
13258,-980.0,300.0,168.0
13276,-940.0,212.0,124.0
13292,-940.0,212.0,124.0
13309,-940.0,212.0,124.0
13325,-940.0,212.0,124.0
13341,-940.0,212.0,124.0
13358,-940.0,212.0,124.0
13375,-940.0,212.0,124.0
13392,-1000.0,328.0,156.0
13407,-1000.0,328.0,156.0
13424,-1000.0,328.0,156.0
13442,-1000.0,328.0,156.0
13458,-1000.0,328.0,156.0
13475,-1000.0,328.0,156.0
13492,-940.0,388.0,208.0
13508,-940.0,388.0,208.0
13525,-940.0,388.0,208.0
13541,-940.0,388.0,208.0
13558,-940.0,388.0,208.0
13575,-940.0,388.0,208.0
13592,-972.0,312.0,232.0
13609,-972.0,312.0,232.0
13626,-972.0,312.0,232.0
13642,-972.0,312.0,232.0
13659,-972.0,312.0,232.0
13676,-972.0,312.0,232.0
13692,-980.0,340.0,220.0
13708,-980.0,340.0,220.0
13725,-980.0,340.0,220.0
13741,-980.0,340.0,220.0
13758,-980.0,340.0,220.0
13774,-980.0,340.0,220.0
13792,-980.0,340.0,220.0
13808,-972.0,308.0,176.0
13825,-972.0,308.0,176.0
13841,-972.0,308.0,176.0
13858,-972.0,308.0,176.0
13875,-972.0,308.0,176.0
13892,-972.0,308.0,176.0
13909,-1008.0,308.0,180.0
13925,-1008.0,308.0,180.0
13941,-1008.0,308.0,180.0
13958,-1008.0,308.0,180.0
13974,-1008.0,308.0,180.0
13992,-1008.0,308.0,180.0
14008,-1008.0,232.0,176.0
14025,-1008.0,232.0,176.0
14042,-1008.0,232.0,176.0
14057,-1008.0,232.0,176.0
14075,-1008.0,232.0,176.0
14091,-1008.0,232.0,176.0
14109,-988.0,260.0,220.0
14127,-988.0,260.0,220.0
14146,-988.0,260.0,220.0
14164,-988.0,260.0,220.0
14182,-988.0,260.0,220.0
14199,-988.0,260.0,220.0
14215,-968.0,260.0,212.0
14233,-968.0,260.0,212.0
14250,-968.0,260.0,212.0
14266,-968.0,260.0,212.0
14283,-968.0,260.0,212.0
14300,-968.0,260.0,212.0
14316,-976.0,316.0,224.0
14332,-976.0,316.0,224.0
14349,-976.0,316.0,224.0
14366,-976.0,316.0,224.0
14383,-976.0,316.0,224.0
14399,-976.0,316.0,224.0
14415,-976.0,316.0,224.0
14432,-968.0,336.0,184.0
14449,-968.0,336.0,184.0
14465,-968.0,336.0,184.0
14483,-968.0,336.0,184.0
14499,-968.0,336.0,184.0
14516,-968.0,336.0,184.0
14532,-968.0,324.0,208.0
14549,-968.0,324.0,208.0
14565,-968.0,324.0,208.0
14582,-968.0,324.0,208.0
14599,-968.0,324.0,208.0
14615,-968.0,324.0,208.0
14632,-944.0,372.0,236.0
14649,-944.0,372.0,236.0
14665,-944.0,372.0,236.0
14682,-944.0,372.0,236.0
14699,-944.0,372.0,236.0
14715,-944.0,372.0,236.0
14732,-928.0,308.0,268.0
14749,-928.0,308.0,268.0
14766,-928.0,308.0,268.0
14782,-928.0,308.0,268.0
14798,-928.0,308.0,268.0
14816,-928.0,308.0,268.0
14833,-956.0,340.0,196.0
14849,-956.0,340.0,196.0
14866,-956.0,340.0,196.0
14882,-956.0,340.0,196.0
14899,-956.0,340.0,196.0
14915,-956.0,340.0,196.0
14933,-956.0,340.0,196.0
14949,-988.0,304.0,160.0
14966,-988.0,304.0,160.0
14982,-988.0,304.0,160.0
14999,-988.0,304.0,160.0
15016,-988.0,304.0,160.0
15032,-988.0,304.0,160.0
15048,-1016.0,252.0,152.0
15066,-1016.0,252.0,152.0
15082,-1016.0,252.0,152.0
15099,-1016.0,252.0,152.0
15116,-1016.0,252.0,152.0
15132,-1016.0,252.0,152.0
15149,-968.0,340.0,120.0
15166,-968.0,340.0,120.0
15182,-968.0,340.0,120.0
15200,-968.0,340.0,120.0
15216,-968.0,340.0,120.0
15233,-968.0,340.0,120.0
15249,-960.0,376.0,84.0
15266,-960.0,376.0,84.0
15283,-960.0,376.0,84.0
15299,-960.0,376.0,84.0
15316,-960.0,376.0,84.0
15332,-960.0,376.0,84.0
15350,-952.0,280.0,104.0
15366,-952.0,280.0,104.0
15383,-952.0,280.0,104.0
15399,-952.0,280.0,104.0
15416,-952.0,280.0,104.0
15432,-952.0,280.0,104.0
15449,-952.0,280.0,104.0
15466,-984.0,324.0,80.0
15482,-984.0,324.0,80.0
15499,-984.0,324.0,80.0
15516,-984.0,324.0,80.0
15532,-984.0,324.0,80.0
15549,-984.0,324.0,80.0
15566,-1068.0,344.0,4.0
15582,-1068.0,344.0,4.0
15599,-1068.0,344.0,4.0
15616,-1068.0,344.0,4.0
15632,-1068.0,344.0,4.0
15650,-1068.0,344.0,4.0
15666,-1132.0,192.0,136.0
15683,-1132.0,192.0,136.0
15699,-1132.0,192.0,136.0
15716,-1132.0,192.0,136.0
15732,-1132.0,192.0,136.0
15749,-1132.0,192.0,136.0
15766,-1112.0,-108.0,192.0
15783,-1112.0,-108.0,192.0
15799,-1112.0,-108.0,192.0
15816,-1112.0,-108.0,192.0
15833,-1112.0,-108.0,192.0
15850,-1112.0,-108.0,192.0
15866,-1024.0,-16.0,168.0
15883,-1024.0,-16.0,168.0
15899,-1024.0,-16.0,168.0
15916,-1024.0,-16.0,168.0
15932,-1024.0,-16.0,168.0
15950,-1024.0,-16.0,168.0
15966,-1024.0,-16.0,168.0
15983,-1004.0,112.0,176.0
16000,-1004.0,112.0,176.0
16016,-1004.0,112.0,176.0
16033,-1004.0,112.0,176.0
16050,-1004.0,112.0,176.0
16066,-1004.0,112.0,176.0
16083,-1072.0,32.0,200.0
16100,-1072.0,32.0,200.0
16116,-1072.0,32.0,200.0
16133,-1072.0,32.0,200.0
16149,-1072.0,32.0,200.0
16166,-1072.0,32.0,200.0
16183,-984.0,-4.0,228.0
16200,-984.0,-4.0,228.0
16216,-984.0,-4.0,228.0
16233,-984.0,-4.0,228.0
16249,-984.0,-4.0,228.0
16266,-984.0,-4.0,228.0
16282,-1040.0,-16.0,228.0
16300,-1040.0,-16.0,228.0
16316,-1040.0,-16.0,228.0
16333,-1040.0,-16.0,228.0
16349,-1040.0,-16.0,228.0
16366,-1040.0,-16.0,228.0
16382,-1040.0,-16.0,228.0
16400,-980.0,-12.0,204.0
16416,-980.0,-12.0,204.0
16432,-980.0,-12.0,204.0
16450,-980.0,-12.0,204.0
16467,-980.0,-12.0,204.0
16484,-980.0,-12.0,204.0
16500,-1024.0,44.0,176.0
16517,-1024.0,44.0,176.0
16533,-1024.0,44.0,176.0
16550,-1024.0,44.0,176.0
16566,-1024.0,44.0,176.0
16583,-1024.0,44.0,176.0
16599,-1028.0,180.0,128.0
16616,-1028.0,180.0,128.0
16633,-1028.0,180.0,128.0
16649,-1028.0,180.0,128.0
16667,-1028.0,180.0,128.0
16683,-1028.0,180.0,128.0
16699,-1064.0,428.0,12.0
16716,-1064.0,428.0,12.0
16732,-1064.0,428.0,12.0
16750,-1064.0,428.0,12.0
16765,-1064.0,428.0,12.0
16784,-1064.0,428.0,12.0
16799,-988.0,244.0,28.0
16816,-988.0,244.0,28.0
16832,-988.0,244.0,28.0
16849,-988.0,244.0,28.0
16866,-988.0,244.0,28.0
16883,-988.0,244.0,28.0
16900,-988.0,244.0,28.0
16916,-1008.0,440.0,52.0
16934,-1008.0,440.0,52.0
16949,-1008.0,440.0,52.0
16966,-1008.0,440.0,52.0
16984,-1008.0,440.0,52.0
17000,-1008.0,440.0,52.0
17017,-1024.0,208.0,96.0
17033,-1024.0,208.0,96.0
17049,-1024.0,208.0,96.0
17067,-1024.0,208.0,96.0
17083,-1024.0,208.0,96.0
17100,-1024.0,208.0,96.0
17116,-1088.0,-4.0,200.0
17132,-1088.0,-4.0,200.0
17150,-1088.0,-4.0,200.0
17165,-1088.0,-4.0,200.0
17183,-1088.0,-4.0,200.0
17199,-1088.0,-4.0,200.0
17216,-1024.0,32.0,224.0
17233,-1024.0,32.0,224.0
17250,-1024.0,32.0,224.0
17266,-1024.0,32.0,224.0
17284,-1024.0,32.0,224.0
17299,-1024.0,32.0,224.0
17317,-1004.0,-28.0,208.0
17334,-1004.0,-28.0,208.0
17350,-1004.0,-28.0,208.0
17366,-1004.0,-28.0,208.0
17384,-1004.0,-28.0,208.0
17400,-1004.0,-28.0,208.0
17416,-1004.0,-28.0,208.0
17433,-960.0,48.0,244.0
17449,-960.0,48.0,244.0
17467,-960.0,48.0,244.0
17483,-960.0,48.0,244.0
17499,-960.0,48.0,244.0
17517,-960.0,48.0,244.0
17533,-1008.0,28.0,268.0
17550,-1008.0,28.0,268.0
17567,-1008.0,28.0,268.0
17583,-1008.0,28.0,268.0
17599,-1008.0,28.0,268.0
17616,-1008.0,28.0,268.0
17634,-996.0,16.0,240.0
17657,-996.0,16.0,240.0
17674,-996.0,16.0,240.0
17691,-996.0,16.0,240.0
17708,-996.0,16.0,240.0
17725,-996.0,16.0,240.0
17740,-1056.0,80.0,256.0
17758,-1056.0,80.0,256.0
17775,-1056.0,80.0,256.0
17791,-1056.0,80.0,256.0
17808,-1056.0,80.0,256.0
17824,-1056.0,80.0,256.0
17841,-908.0,-60.0,276.0
17857,-908.0,-60.0,276.0
17874,-908.0,-60.0,276.0
17890,-908.0,-60.0,276.0
17908,-908.0,-60.0,276.0
17924,-908.0,-60.0,276.0
17941,-1096.0,300.0,236.0
17958,-1096.0,300.0,236.0
17974,-1096.0,300.0,236.0
17990,-1096.0,300.0,236.0
18007,-1096.0,300.0,236.0
18025,-1096.0,300.0,236.0
18041,-1096.0,300.0,236.0
18057,-996.0,496.0,112.0
18074,-996.0,496.0,112.0
18091,-996.0,496.0,112.0
18107,-996.0,496.0,112.0
18124,-996.0,496.0,112.0
18141,-996.0,496.0,112.0
18157,-948.0,324.0,88.0
18174,-948.0,324.0,88.0
18190,-948.0,324.0,88.0
18207,-948.0,324.0,88.0
18224,-948.0,324.0,88.0
18240,-948.0,324.0,88.0
18258,-960.0,380.0,160.0
18274,-960.0,380.0,160.0
18291,-960.0,380.0,160.0
18307,-960.0,380.0,160.0
18325,-960.0,380.0,160.0
18341,-960.0,380.0,160.0
18357,-1008.0,528.0,268.0
18374,-1008.0,528.0,268.0
18391,-1008.0,528.0,268.0
18408,-1008.0,528.0,268.0
18424,-1008.0,528.0,268.0
18441,-1008.0,528.0,268.0
18458,-1012.0,-76.0,224.0
18474,-1012.0,-76.0,224.0
18491,-1012.0,-76.0,224.0
18507,-1012.0,-76.0,224.0
18524,-1012.0,-76.0,224.0
18541,-1012.0,-76.0,224.0
18557,-1012.0,-76.0,224.0
18575,-1076.0,188.0,232.0
18591,-1076.0,188.0,232.0
18607,-1076.0,188.0,232.0
18624,-1076.0,188.0,232.0
18640,-1076.0,188.0,232.0
18658,-1076.0,188.0,232.0
18674,-1008.0,16.0,232.0
18691,-1008.0,16.0,232.0
18708,-1008.0,16.0,232.0
18725,-1008.0,16.0,232.0
18741,-1008.0,16.0,232.0
18758,-1008.0,16.0,232.0
18774,-976.0,56.0,200.0
18791,-976.0,56.0,200.0
18807,-976.0,56.0,200.0
18824,-976.0,56.0,200.0
18841,-976.0,56.0,200.0
18857,-976.0,56.0,200.0
18874,-1072.0,256.0,160.0
18891,-1072.0,256.0,160.0
18908,-1072.0,256.0,160.0
18924,-1072.0,256.0,160.0
18941,-1072.0,256.0,160.0
18958,-1072.0,256.0,160.0
18974,-1048.0,204.0,236.0
18991,-1048.0,204.0,236.0
19007,-1048.0,204.0,236.0
19024,-1048.0,204.0,236.0
19041,-1048.0,204.0,236.0
19058,-1048.0,204.0,236.0
19075,-1048.0,204.0,236.0
19091,-968.0,32.0,268.0
19108,-968.0,32.0,268.0
19124,-968.0,32.0,268.0
19141,-968.0,32.0,268.0
19157,-968.0,32.0,268.0
19174,-968.0,32.0,268.0
19192,-1012.0,104.0,272.0
19208,-1012.0,104.0,272.0
19225,-1012.0,104.0,272.0
19241,-1012.0,104.0,272.0
19258,-1012.0,104.0,272.0
19275,-1012.0,104.0,272.0
19291,-1032.0,84.0,228.0
19307,-1032.0,84.0,228.0
19325,-1032.0,84.0,228.0
19341,-1032.0,84.0,228.0
19358,-1032.0,84.0,228.0
19374,-1032.0,84.0,228.0
19391,-980.0,196.0,240.0
19408,-980.0,196.0,240.0
19424,-980.0,196.0,240.0
19440,-980.0,196.0,240.0
19458,-980.0,196.0,240.0
19474,-980.0,196.0,240.0
19492,-988.0,40.0,280.0
19508,-988.0,40.0,280.0
19525,-988.0,40.0,280.0
19541,-988.0,40.0,280.0
19558,-988.0,40.0,280.0
19575,-988.0,40.0,280.0
19591,-988.0,40.0,280.0
19609,-956.0,160.0,248.0
19625,-956.0,160.0,248.0
19642,-956.0,160.0,248.0
19657,-956.0,160.0,248.0
19674,-956.0,160.0,248.0
19692,-956.0,160.0,248.0
19708,-992.0,136.0,368.0
19725,-992.0,136.0,368.0
19741,-992.0,136.0,368.0
19758,-992.0,136.0,368.0
19775,-992.0,136.0,368.0
19791,-992.0,136.0,368.0
19808,-856.0,308.0,408.0
19825,-856.0,308.0,408.0
19840,-856.0,308.0,408.0
19859,-856.0,308.0,408.0
19875,-856.0,308.0,408.0
19891,-856.0,308.0,408.0
19909,-868.0,372.0,456.0
19925,-868.0,372.0,456.0
19942,-868.0,372.0,456.0
19958,-868.0,372.0,456.0
19975,-868.0,372.0,456.0
19991,-868.0,372.0,456.0
20009,-868.0,372.0,456.0
20025,-876.0,364.0,396.0
20041,-876.0,364.0,396.0
20058,-876.0,364.0,396.0
20074,-876.0,364.0,396.0
20091,-876.0,364.0,396.0
20109,-876.0,364.0,396.0
20124,-848.0,212.0,368.0
20142,-848.0,212.0,368.0
20159,-848.0,212.0,368.0
20174,-848.0,212.0,368.0
20191,-848.0,212.0,368.0
20209,-848.0,212.0,368.0
20225,-932.0,120.0,364.0
20242,-932.0,120.0,364.0
20257,-932.0,120.0,364.0
20275,-932.0,120.0,364.0
20291,-932.0,120.0,364.0
20308,-932.0,120.0,364.0
20325,-952.0,208.0,304.0
20341,-952.0,208.0,304.0
20358,-952.0,208.0,304.0
20375,-952.0,208.0,304.0
20392,-952.0,208.0,304.0
20409,-952.0,208.0,304.0
20425,-1012.0,144.0,288.0
20441,-1012.0,144.0,288.0
20458,-1012.0,144.0,288.0
20474,-1012.0,144.0,288.0
20492,-1012.0,144.0,288.0
20508,-1012.0,144.0,288.0
20525,-1012.0,144.0,288.0
20542,-1000.0,180.0,268.0
20559,-1000.0,180.0,268.0
20574,-1000.0,180.0,268.0
20591,-1000.0,180.0,268.0
20608,-1000.0,180.0,268.0
20625,-1000.0,180.0,268.0
20641,-960.0,156.0,260.0
20658,-960.0,156.0,260.0
20674,-960.0,156.0,260.0
20692,-960.0,156.0,260.0
20708,-960.0,156.0,260.0
20725,-960.0,156.0,260.0
20742,-976.0,300.0,256.0
20758,-976.0,300.0,256.0
20774,-976.0,300.0,256.0
20791,-976.0,300.0,256.0
20809,-976.0,300.0,256.0
20825,-976.0,300.0,256.0
20841,-960.0,188.0,220.0
20858,-960.0,188.0,220.0
20875,-960.0,188.0,220.0
20892,-960.0,188.0,220.0
20908,-960.0,188.0,220.0
20925,-960.0,188.0,220.0
20941,-960.0,188.0,220.0
20959,-920.0,284.0,268.0
20975,-920.0,284.0,268.0
20991,-920.0,284.0,268.0
21008,-920.0,284.0,268.0
21025,-920.0,284.0,268.0
21042,-920.0,284.0,268.0
21058,-940.0,372.0,304.0
21075,-940.0,372.0,304.0
21091,-940.0,372.0,304.0
21108,-940.0,372.0,304.0
21125,-940.0,372.0,304.0
21141,-940.0,372.0,304.0
21158,-936.0,268.0,280.0
21174,-936.0,268.0,280.0
21191,-936.0,268.0,280.0
21209,-936.0,268.0,280.0
21226,-936.0,268.0,280.0
21241,-936.0,268.0,280.0
21258,-960.0,348.0,256.0
21275,-960.0,348.0,256.0
21291,-960.0,348.0,256.0
21309,-960.0,348.0,256.0
21327,-960.0,348.0,256.0
21345,-960.0,348.0,256.0
21364,-976.0,204.0,232.0
21381,-976.0,204.0,232.0
21398,-976.0,204.0,232.0
21415,-976.0,204.0,232.0
21432,-976.0,204.0,232.0
21449,-976.0,204.0,232.0
21466,-992.0,260.0,232.0
21482,-992.0,260.0,232.0
21499,-992.0,260.0,232.0
21515,-992.0,260.0,232.0
21532,-992.0,260.0,232.0
21549,-992.0,260.0,232.0
21565,-964.0,260.0,240.0
21582,-964.0,260.0,240.0
21599,-964.0,260.0,240.0
21615,-964.0,260.0,240.0
21632,-964.0,260.0,240.0
21648,-964.0,260.0,240.0
21665,-964.0,260.0,240.0
21681,-944.0,280.0,256.0
21698,-944.0,280.0,256.0
21715,-944.0,280.0,256.0
21731,-944.0,280.0,256.0
21748,-944.0,280.0,256.0
21764,-944.0,280.0,256.0
21781,-972.0,300.0,236.0
21798,-972.0,300.0,236.0
21815,-972.0,300.0,236.0
21832,-972.0,300.0,236.0
21848,-972.0,300.0,236.0
21865,-972.0,300.0,236.0
21881,-1004.0,284.0,208.0
21898,-1004.0,284.0,208.0
21915,-1004.0,284.0,208.0
21931,-1004.0,284.0,208.0
21949,-1004.0,284.0,208.0
21965,-1004.0,284.0,208.0
21981,-1000.0,360.0,288.0
21999,-1000.0,360.0,288.0
22015,-1000.0,360.0,288.0
22032,-1000.0,360.0,288.0
22049,-1000.0,360.0,288.0
22065,-1000.0,360.0,288.0
22082,-1000.0,360.0,288.0
22099,-848.0,-144.0,360.0
22116,-848.0,-144.0,360.0
22132,-848.0,-144.0,360.0
22149,-848.0,-144.0,360.0
22166,-848.0,-144.0,360.0
22182,-848.0,-144.0,360.0
22198,-1024.0,64.0,328.0
22215,-1024.0,64.0,328.0
22232,-1024.0,64.0,328.0
22249,-1024.0,64.0,328.0
22265,-1024.0,64.0,328.0
22282,-1024.0,64.0,328.0
22299,-956.0,96.0,300.0
22315,-956.0,96.0,300.0
22332,-956.0,96.0,300.0
22348,-956.0,96.0,300.0
22366,-956.0,96.0,300.0
22382,-956.0,96.0,300.0
22399,-980.0,68.0,280.0
22415,-980.0,68.0,280.0
22432,-980.0,68.0,280.0
22449,-980.0,68.0,280.0
22465,-980.0,68.0,280.0
22482,-980.0,68.0,280.0
22499,-1016.0,52.0,236.0
22516,-1016.0,52.0,236.0
22532,-1016.0,52.0,236.0
22549,-1016.0,52.0,236.0
22565,-1016.0,52.0,236.0
22581,-1016.0,52.0,236.0
22599,-1016.0,52.0,236.0
22616,-1016.0,92.0,236.0
22632,-1016.0,92.0,236.0
22649,-1016.0,92.0,236.0
22665,-1016.0,92.0,236.0
22682,-1016.0,92.0,236.0
22698,-1016.0,92.0,236.0
22716,-992.0,152.0,256.0
22732,-992.0,152.0,256.0
22749,-992.0,152.0,256.0
22765,-992.0,152.0,256.0
22782,-992.0,152.0,256.0
22798,-992.0,152.0,256.0
22816,-988.0,200.0,224.0
22832,-988.0,200.0,224.0
22849,-988.0,200.0,224.0
22865,-988.0,200.0,224.0
22882,-988.0,200.0,224.0
22899,-988.0,200.0,224.0
22916,-1000.0,252.0,212.0
22933,-1000.0,252.0,212.0
22949,-1000.0,252.0,212.0
22966,-1000.0,252.0,212.0
22982,-1000.0,252.0,212.0
22999,-1000.0,252.0,212.0
23016,-984.0,220.0,200.0
23032,-984.0,220.0,200.0
23049,-984.0,220.0,200.0
23065,-984.0,220.0,200.0
23082,-984.0,220.0,200.0
23099,-984.0,220.0,200.0
23115,-984.0,220.0,200.0
23132,-960.0,348.0,244.0
23149,-960.0,348.0,244.0
23166,-960.0,348.0,244.0
23182,-960.0,348.0,244.0
23198,-960.0,348.0,244.0
23216,-960.0,348.0,244.0
23233,-972.0,284.0,200.0
23249,-972.0,284.0,200.0
23266,-972.0,284.0,200.0
23282,-972.0,284.0,200.0
23299,-972.0,284.0,200.0
23316,-972.0,284.0,200.0
23333,-1020.0,348.0,188.0
23349,-1020.0,348.0,188.0
23366,-1020.0,348.0,188.0
23382,-1020.0,348.0,188.0
23399,-1020.0,348.0,188.0
23415,-1020.0,348.0,188.0
23432,-992.0,232.0,124.0
23449,-992.0,232.0,124.0
23466,-992.0,232.0,124.0
23483,-992.0,232.0,124.0
23499,-992.0,232.0,124.0
23516,-992.0,232.0,124.0
23532,-992.0,232.0,124.0
23548,-1084.0,-44.0,164.0
23565,-1084.0,-44.0,164.0
23582,-1084.0,-44.0,164.0
23599,-1084.0,-44.0,164.0
23615,-1084.0,-44.0,164.0
23633,-1084.0,-44.0,164.0
23650,-1116.0,0.0,48.0
23666,-1116.0,0.0,48.0
23682,-1116.0,0.0,48.0
23699,-1116.0,0.0,48.0
23716,-1116.0,0.0,48.0
23732,-1116.0,0.0,48.0
23749,-968.0,0.0,-24.0
23765,-968.0,0.0,-24.0
23782,-968.0,0.0,-24.0
23799,-968.0,0.0,-24.0
23815,-968.0,0.0,-24.0
23832,-968.0,0.0,-24.0
23849,-1136.0,-48.0,-32.0
23865,-1136.0,-48.0,-32.0
23882,-1136.0,-48.0,-32.0
23900,-1136.0,-48.0,-32.0
23916,-1136.0,-48.0,-32.0
23933,-1136.0,-48.0,-32.0
23949,-1076.0,-204.0,-72.0
23966,-1076.0,-204.0,-72.0
23982,-1076.0,-204.0,-72.0
23999,-1076.0,-204.0,-72.0
24016,-1076.0,-204.0,-72.0
24033,-1076.0,-204.0,-72.0
24049,-1076.0,-204.0,-72.0
24066,-1164.0,12.0,-44.0
24082,-1164.0,12.0,-44.0
24099,-1164.0,12.0,-44.0
24116,-1164.0,12.0,-44.0
24133,-1164.0,12.0,-44.0
