MILLIS,X,Y,Z
1802,-1096.0,-16.0,-44.0
1909,-944.0,12.0,40.0
1925,-944.0,12.0,40.0
1942,-944.0,12.0,40.0
1959,-944.0,12.0,40.0
1977,-1156.0,268.0,-4.0
1993,-1156.0,268.0,-4.0
2009,-1156.0,268.0,-4.0
2026,-1156.0,268.0,-4.0
2042,-1156.0,268.0,-4.0
2059,-1156.0,268.0,-4.0
2076,-1156.0,268.0,-4.0
2093,-976.0,172.0,-12.0
2109,-976.0,172.0,-12.0
2126,-976.0,172.0,-12.0
2143,-976.0,172.0,-12.0
2159,-976.0,172.0,-12.0
2175,-976.0,172.0,-12.0
2193,-1032.0,268.0,-84.0
2209,-1032.0,268.0,-84.0
2225,-1032.0,268.0,-84.0
2242,-1032.0,268.0,-84.0
2259,-1032.0,268.0,-84.0
2276,-1032.0,268.0,-84.0
2293,-964.0,176.0,-12.0
2308,-964.0,176.0,-12.0
2325,-964.0,176.0,-12.0
2342,-964.0,176.0,-12.0
2358,-964.0,176.0,-12.0
2376,-964.0,176.0,-12.0
2392,-1136.0,-72.0,-100.0
2408,-1136.0,-72.0,-100.0
2425,-1136.0,-72.0,-100.0
2442,-1136.0,-72.0,-100.0
2458,-1136.0,-72.0,-100.0
2476,-1136.0,-72.0,-100.0
2492,-1080.0,-64.0,-84.0
2509,-1080.0,-64.0,-84.0
2525,-1080.0,-64.0,-84.0
2543,-1080.0,-64.0,-84.0
2558,-1080.0,-64.0,-84.0
2576,-1080.0,-64.0,-84.0
2592,-1080.0,-64.0,-84.0
2609,-1056.0,-76.0,-92.0
2626,-1056.0,-76.0,-92.0
2642,-1056.0,-76.0,-92.0
2658,-1056.0,-76.0,-92.0
2676,-1056.0,-76.0,-92.0
2693,-1056.0,-76.0,-92.0
2709,-1060.0,-44.0,-60.0
2726,-1060.0,-44.0,-60.0
2742,-1060.0,-44.0,-60.0
2759,-1060.0,-44.0,-60.0
2775,-1060.0,-44.0,-60.0
2792,-1060.0,-44.0,-60.0
2809,-988.0,-32.0,16.0
2825,-988.0,-32.0,16.0
2842,-988.0,-32.0,16.0
2858,-988.0,-32.0,16.0
2876,-988.0,-32.0,16.0
2892,-988.0,-32.0,16.0
2909,-1012.0,-124.0,-96.0
2926,-1012.0,-124.0,-96.0
2942,-1012.0,-124.0,-96.0
2959,-1012.0,-124.0,-96.0
2975,-1012.0,-124.0,-96.0
2993,-1012.0,-124.0,-96.0
3010,-1104.0,-84.0,-40.0
3026,-1104.0,-84.0,-40.0
3042,-1104.0,-84.0,-40.0
3059,-1104.0,-84.0,-40.0
3076,-1104.0,-84.0,-40.0
3092,-1104.0,-84.0,-40.0
3109,-1104.0,-84.0,-40.0
3126,-1040.0,-48.0,-76.0
3142,-1040.0,-48.0,-76.0
3159,-1040.0,-48.0,-76.0
3175,-1040.0,-48.0,-76.0
3193,-1040.0,-48.0,-76.0
3209,-1040.0,-48.0,-76.0
3226,-1028.0,140.0,24.0
3243,-1028.0,140.0,24.0
3259,-1028.0,140.0,24.0
3275,-1028.0,140.0,24.0
3292,-1028.0,140.0,24.0
3309,-1028.0,140.0,24.0
3326,-1120.0,-56.0,-232.0
3342,-1120.0,-56.0,-232.0
3359,-1120.0,-56.0,-232.0
3376,-1120.0,-56.0,-232.0
3392,-1120.0,-56.0,-232.0
3410,-1120.0,-56.0,-232.0
3426,-1188.0,16.0,-176.0
3442,-1188.0,16.0,-176.0
3459,-1188.0,16.0,-176.0
3476,-1188.0,16.0,-176.0
3492,-1188.0,16.0,-176.0
3509,-1188.0,16.0,-176.0
3525,-1188.0,16.0,-176.0
3542,-1016.0,64.0,-232.0
3558,-1016.0,64.0,-232.0
3575,-1016.0,64.0,-232.0
3592,-1016.0,64.0,-232.0
3608,-1016.0,64.0,-232.0
3626,-1016.0,64.0,-232.0
3642,-1008.0,16.0,-44.0
3658,-1008.0,16.0,-44.0
3675,-1008.0,16.0,-44.0
3692,-1008.0,16.0,-44.0
3709,-1008.0,16.0,-44.0
3725,-1008.0,16.0,-44.0
3742,-1072.0,60.0,-80.0
3759,-1072.0,60.0,-80.0
3776,-1072.0,60.0,-80.0
3792,-1072.0,60.0,-80.0
3808,-1072.0,60.0,-80.0
3826,-1072.0,60.0,-80.0
3842,-1080.0,92.0,-48.0
3859,-1080.0,92.0,-48.0
3876,-1080.0,92.0,-48.0
3891,-1080.0,92.0,-48.0
3909,-1080.0,92.0,-48.0
3925,-1080.0,92.0,-48.0
3942,-1028.0,152.0,12.0
3959,-1028.0,152.0,12.0
3976,-1028.0,152.0,12.0
3992,-1028.0,152.0,12.0
4009,-1028.0,152.0,12.0
4025,-1028.0,152.0,12.0
4042,-1028.0,152.0,12.0
4059,-1028.0,212.0,-32.0
4075,-1028.0,212.0,-32.0
4093,-1028.0,212.0,-32.0
4109,-1028.0,212.0,-32.0
4126,-1028.0,212.0,-32.0
4142,-1028.0,212.0,-32.0
4159,-1056.0,256.0,32.0
4176,-1056.0,256.0,32.0
4192,-1056.0,256.0,32.0
4209,-1056.0,256.0,32.0
4225,-1056.0,256.0,32.0
4242,-1056.0,256.0,32.0
4259,-1048.0,84.0,0.0
4275,-1048.0,84.0,0.0
4292,-1048.0,84.0,0.0
4308,-1048.0,84.0,0.0
4326,-1048.0,84.0,0.0
4342,-1048.0,84.0,0.0
4358,-1008.0,272.0,-4.0
4376,-1008.0,272.0,-4.0
4391,-1008.0,272.0,-4.0
4409,-1008.0,272.0,-4.0
4426,-1008.0,272.0,-4.0
4442,-1008.0,272.0,-4.0
4458,-1028.0,292.0,84.0
4475,-1028.0,292.0,84.0
4492,-1028.0,292.0,84.0
4508,-1028.0,292.0,84.0
4525,-1028.0,292.0,84.0
4542,-1028.0,292.0,84.0
4560,-1028.0,292.0,84.0
4575,-1020.0,168.0,68.0
4593,-1020.0,168.0,68.0
4609,-1020.0,168.0,68.0
4625,-1020.0,168.0,68.0
4642,-1020.0,168.0,68.0
4658,-1020.0,168.0,68.0
4675,-1096.0,36.0,80.0
4692,-1096.0,36.0,80.0
4709,-1096.0,36.0,80.0
4726,-1096.0,36.0,80.0
4742,-1096.0,36.0,80.0
4759,-1096.0,36.0,80.0
4775,-1096.0,64.0,52.0
4793,-1096.0,64.0,52.0
4809,-1096.0,64.0,52.0
4825,-1096.0,64.0,52.0
4843,-1096.0,64.0,52.0
4859,-1096.0,64.0,52.0
4875,-1060.0,-24.0,0.0
4891,-1060.0,-24.0,0.0
4909,-1060.0,-24.0,0.0
4925,-1060.0,-24.0,0.0
4942,-1060.0,-24.0,0.0
4960,-1060.0,-24.0,0.0
4976,-1080.0,68.0,-4.0
4992,-1080.0,68.0,-4.0
5010,-1080.0,68.0,-4.0
5026,-1080.0,68.0,-4.0
5042,-1080.0,68.0,-4.0
5059,-1080.0,68.0,-4.0
5075,-1080.0,68.0,-4.0
5093,-1068.0,76.0,24.0
5109,-1068.0,76.0,24.0
5125,-1068.0,76.0,24.0
5142,-1068.0,76.0,24.0
5159,-1068.0,76.0,24.0
5176,-1068.0,76.0,24.0
5192,-1068.0,8.0,-4.0
5209,-1068.0,8.0,-4.0
5225,-1068.0,8.0,-4.0
5242,-1068.0,8.0,-4.0
5258,-1068.0,8.0,-4.0
5276,-1068.0,8.0,-4.0
5293,-1096.0,-4.0,-52.0
5308,-1096.0,-4.0,-52.0
5325,-1096.0,-4.0,-52.0
5342,-1096.0,-4.0,-52.0
5359,-1096.0,-4.0,-52.0
5375,-1096.0,-4.0,-52.0
5392,-1044.0,52.0,16.0
5408,-1044.0,52.0,16.0
5426,-1044.0,52.0,16.0
5444,-1044.0,52.0,16.0
5462,-1044.0,52.0,16.0
5481,-1044.0,52.0,16.0
5498,-1040.0,40.0,16.0
5515,-1040.0,40.0,16.0
5532,-1040.0,40.0,16.0
5549,-1040.0,40.0,16.0
5567,-1040.0,40.0,16.0
5583,-1040.0,40.0,16.0
5600,-1060.0,164.0,40.0
5617,-1060.0,164.0,40.0
5633,-1060.0,164.0,40.0
5650,-1060.0,164.0,40.0
5667,-1060.0,164.0,40.0
5683,-1060.0,164.0,40.0
5700,-1060.0,164.0,40.0
5716,-1040.0,120.0,52.0
5733,-1040.0,120.0,52.0
5749,-1040.0,120.0,52.0
5766,-1040.0,120.0,52.0
5782,-1040.0,120.0,52.0
5800,-1040.0,120.0,52.0
5817,-1056.0,160.0,32.0
5833,-1056.0,160.0,32.0
5849,-1056.0,160.0,32.0
5866,-1056.0,160.0,32.0
5883,-1056.0,160.0,32.0
5899,-1056.0,160.0,32.0
5916,-1028.0,168.0,72.0
5933,-1028.0,168.0,72.0
5949,-1028.0,168.0,72.0
5966,-1028.0,168.0,72.0
5983,-1028.0,168.0,72.0
6000,-1028.0,168.0,72.0
6016,-1032.0,168.0,76.0
6033,-1032.0,168.0,76.0
6049,-1032.0,168.0,76.0
6066,-1032.0,168.0,76.0
6083,-1032.0,168.0,76.0
6100,-1032.0,168.0,76.0
6116,-1016.0,180.0,52.0
6133,-1016.0,180.0,52.0
6150,-1016.0,180.0,52.0
6166,-1016.0,180.0,52.0
6183,-1016.0,180.0,52.0
6200,-1016.0,180.0,52.0
6216,-1016.0,180.0,52.0
6233,-1032.0,156.0,56.0
6249,-1032.0,156.0,56.0
6267,-1032.0,156.0,56.0
6283,-1032.0,156.0,56.0
6300,-1032.0,156.0,56.0
6316,-1032.0,156.0,56.0
6333,-1056.0,144.0,60.0
6349,-1056.0,144.0,60.0
6366,-1056.0,144.0,60.0
6383,-1056.0,144.0,60.0
6399,-1056.0,144.0,60.0
6417,-1056.0,144.0,60.0
6433,-1032.0,128.0,44.0
6450,-1032.0,128.0,44.0
6466,-1032.0,128.0,44.0
6483,-1032.0,128.0,44.0
6500,-1032.0,128.0,44.0
6517,-1032.0,128.0,44.0
6533,-1060.0,72.0,20.0
6550,-1060.0,72.0,20.0
6566,-1060.0,72.0,20.0
6583,-1060.0,72.0,20.0
6600,-1060.0,72.0,20.0
6617,-1060.0,72.0,20.0
6634,-1028.0,120.0,44.0
6650,-1028.0,120.0,44.0
6666,-1028.0,120.0,44.0
6683,-1028.0,120.0,44.0
6700,-1028.0,120.0,44.0
6717,-1028.0,120.0,44.0
6734,-1028.0,120.0,44.0
6750,-1036.0,76.0,64.0
6767,-1036.0,76.0,64.0
6783,-1036.0,76.0,64.0
6800,-1036.0,76.0,64.0
6816,-1036.0,76.0,64.0
6833,-1036.0,76.0,64.0
6850,-1088.0,112.0,96.0
6867,-1088.0,112.0,96.0
6883,-1088.0,112.0,96.0
6900,-1088.0,112.0,96.0
6916,-1088.0,112.0,96.0
6933,-1088.0,112.0,96.0
6950,-1016.0,124.0,116.0
6967,-1016.0,124.0,116.0
6984,-1016.0,124.0,116.0
7000,-1016.0,124.0,116.0
7017,-1016.0,124.0,116.0
7033,-1016.0,124.0,116.0
7050,-1040.0,196.0,116.0
7066,-1040.0,196.0,116.0
7083,-1040.0,196.0,116.0
7099,-1040.0,196.0,116.0
7117,-1040.0,196.0,116.0
7134,-1040.0,196.0,116.0
7150,-1040.0,196.0,116.0
7167,-1004.0,228.0,136.0
7183,-1004.0,228.0,136.0
7200,-1004.0,228.0,136.0
7216,-1004.0,228.0,136.0
7234,-1004.0,228.0,136.0
7250,-1004.0,228.0,136.0
7267,-968.0,236.0,184.0
7284,-968.0,236.0,184.0
7300,-968.0,236.0,184.0
7316,-968.0,236.0,184.0
7333,-968.0,236.0,184.0
7351,-968.0,236.0,184.0
7367,-1004.0,224.0,180.0
7384,-1004.0,224.0,180.0
7400,-1004.0,224.0,180.0
7417,-1004.0,224.0,180.0
7433,-1004.0,224.0,180.0
7450,-1004.0,224.0,180.0
7467,-1008.0,240.0,168.0
7484,-1008.0,240.0,168.0
7500,-1008.0,240.0,168.0
7516,-1008.0,240.0,168.0
7534,-1008.0,240.0,168.0
7550,-1008.0,240.0,168.0
7567,-1016.0,212.0,128.0
7584,-1016.0,212.0,128.0
7601,-1016.0,212.0,128.0
7617,-1016.0,212.0,128.0
7633,-1016.0,212.0,128.0
7651,-1016.0,212.0,128.0
7666,-1016.0,212.0,128.0
7683,-1004.0,200.0,112.0
7699,-1004.0,200.0,112.0
7717,-1004.0,200.0,112.0
7733,-1004.0,200.0,112.0
7751,-1004.0,200.0,112.0
7767,-1004.0,200.0,112.0
7784,-1032.0,200.0,92.0
7800,-1032.0,200.0,92.0
7817,-1032.0,200.0,92.0
7833,-1032.0,200.0,92.0
7851,-1032.0,200.0,92.0
7867,-1032.0,200.0,92.0
7883,-1028.0,200.0,68.0
7900,-1028.0,200.0,68.0
7917,-1028.0,200.0,68.0
7933,-1028.0,200.0,68.0
7951,-1028.0,200.0,68.0
7967,-1028.0,200.0,68.0
7983,-1040.0,240.0,56.0
8000,-1040.0,240.0,56.0
8017,-1040.0,240.0,56.0
8034,-1040.0,240.0,56.0
8050,-1040.0,240.0,56.0
8067,-1040.0,240.0,56.0
8084,-1004.0,224.0,80.0
8101,-1004.0,224.0,80.0
8116,-1004.0,224.0,80.0
8133,-1004.0,224.0,80.0
8149,-1004.0,224.0,80.0
8167,-1004.0,224.0,80.0
8184,-1004.0,224.0,80.0
8201,-992.0,332.0,88.0
8217,-992.0,332.0,88.0
8233,-992.0,332.0,88.0
8250,-992.0,332.0,88.0
8268,-992.0,332.0,88.0
8284,-992.0,332.0,88.0
8301,-1024.0,244.0,120.0
8317,-1024.0,244.0,120.0
8333,-1024.0,244.0,120.0
8350,-1024.0,244.0,120.0
8367,-1024.0,244.0,120.0
8383,-1024.0,244.0,120.0
8400,-1040.0,232.0,68.0
8418,-1040.0,232.0,68.0
8433,-1040.0,232.0,68.0
8451,-1040.0,232.0,68.0
8467,-1040.0,232.0,68.0
8483,-1040.0,232.0,68.0
8499,-964.0,264.0,164.0
8516,-964.0,264.0,164.0
8533,-964.0,264.0,164.0
8551,-964.0,264.0,164.0
8566,-964.0,264.0,164.0
8584,-964.0,264.0,164.0
8600,-964.0,264.0,164.0
8617,-984.0,248.0,172.0
8634,-984.0,248.0,172.0
8650,-984.0,248.0,172.0
8667,-984.0,248.0,172.0
8683,-984.0,248.0,172.0
8701,-984.0,248.0,172.0
8716,-1012.0,264.0,172.0
8732,-1012.0,264.0,172.0
8751,-1012.0,264.0,172.0
8767,-1012.0,264.0,172.0
8784,-1012.0,264.0,172.0
8800,-1012.0,264.0,172.0
8817,-1008.0,280.0,156.0
8833,-1008.0,280.0,156.0
8851,-1008.0,280.0,156.0
8869,-1008.0,280.0,156.0
8887,-1008.0,280.0,156.0
8906,-1008.0,280.0,156.0
8923,-992.0,300.0,132.0
8941,-992.0,300.0,132.0
8958,-992.0,300.0,132.0
8975,-992.0,300.0,132.0
8991,-992.0,300.0,132.0
9007,-992.0,300.0,132.0
9025,-1000.0,260.0,84.0
9041,-1000.0,260.0,84.0
9059,-1000.0,260.0,84.0
9075,-1000.0,260.0,84.0
9091,-1000.0,260.0,84.0
9108,-1000.0,260.0,84.0
9125,-1020.0,308.0,64.0
9141,-1020.0,308.0,64.0
9158,-1020.0,308.0,64.0
9175,-1020.0,308.0,64.0
9191,-1020.0,308.0,64.0
9208,-1020.0,308.0,64.0
9225,-988.0,304.0,44.0
9241,-988.0,304.0,44.0
9258,-988.0,304.0,44.0
9275,-988.0,304.0,44.0
9291,-988.0,304.0,44.0
9308,-988.0,304.0,44.0
9324,-988.0,304.0,44.0
9341,-940.0,336.0,64.0
9358,-940.0,336.0,64.0
9374,-940.0,336.0,64.0
9391,-940.0,336.0,64.0
9408,-940.0,336.0,64.0
9424,-940.0,336.0,64.0
9442,-1040.0,328.0,92.0
9458,-1040.0,328.0,92.0
9475,-1040.0,328.0,92.0
9491,-1040.0,328.0,92.0
9508,-1040.0,328.0,92.0
9524,-1040.0,328.0,92.0
9541,-944.0,156.0,32.0
9557,-944.0,156.0,32.0
9574,-944.0,156.0,32.0
9591,-944.0,156.0,32.0
9608,-944.0,156.0,32.0
9625,-944.0,156.0,32.0
9641,-1200.0,48.0,140.0
9658,-1200.0,48.0,140.0
9674,-1200.0,48.0,140.0
9692,-1200.0,48.0,140.0
9707,-1200.0,48.0,140.0
9724,-1200.0,48.0,140.0
9741,-1180.0,92.0,104.0
9758,-1180.0,92.0,104.0
9775,-1180.0,92.0,104.0
9791,-1180.0,92.0,104.0
9808,-1180.0,92.0,104.0
9825,-1180.0,92.0,104.0
9841,-1180.0,92.0,104.0
9857,-1052.0,-92.0,76.0
9875,-1052.0,-92.0,76.0
9891,-1052.0,-92.0,76.0
9908,-1052.0,-92.0,76.0
9924,-1052.0,-92.0,76.0
9941,-1052.0,-92.0,76.0
9958,-1024.0,40.0,128.0
9974,-1024.0,40.0,128.0
9991,-1024.0,40.0,128.0
10009,-1024.0,40.0,128.0
10025,-1024.0,40.0,128.0
10042,-1024.0,40.0,128.0
10058,-1028.0,-16.0,120.0
10075,-1028.0,-16.0,120.0
10091,-1028.0,-16.0,120.0
10108,-1028.0,-16.0,120.0
10125,-1028.0,-16.0,120.0
10141,-1028.0,-16.0,120.0
10158,-1004.0,24.0,184.0
10175,-1004.0,24.0,184.0
10192,-1004.0,24.0,184.0
10208,-1004.0,24.0,184.0
10225,-1004.0,24.0,184.0
10241,-1004.0,24.0,184.0
10258,-1004.0,24.0,184.0
10274,-1104.0,0.0,164.0
10292,-1104.0,0.0,164.0
10308,-1104.0,0.0,164.0
10325,-1104.0,0.0,164.0
10341,-1104.0,0.0,164.0
10358,-1104.0,0.0,164.0
10374,-1072.0,436.0,24.0
10392,-1072.0,436.0,24.0
10408,-1072.0,436.0,24.0
10424,-1072.0,436.0,24.0
10441,-1072.0,436.0,24.0
10458,-1072.0,436.0,24.0
10475,-944.0,208.0,-8.0
10491,-944.0,208.0,-8.0
10509,-944.0,208.0,-8.0
10525,-944.0,208.0,-8.0
10542,-944.0,208.0,-8.0
10559,-944.0,208.0,-8.0
10575,-928.0,432.0,-28.0
10592,-928.0,432.0,-28.0
10608,-928.0,432.0,-28.0
10625,-928.0,432.0,-28.0
10642,-928.0,432.0,-28.0
10658,-928.0,432.0,-28.0
10675,-1016.0,340.0,8.0
10691,-1016.0,340.0,8.0
10708,-1016.0,340.0,8.0
10725,-1016.0,340.0,8.0
10742,-1016.0,340.0,8.0
10758,-1016.0,340.0,8.0
10774,-1016.0,340.0,8.0
10791,-1008.0,268.0,56.0
10807,-1008.0,268.0,56.0
10825,-1008.0,268.0,56.0
10842,-1008.0,268.0,56.0
10858,-1008.0,268.0,56.0
10875,-1008.0,268.0,56.0
10891,-884.0,400.0,120.0
10909,-884.0,400.0,120.0
10925,-884.0,400.0,120.0
10941,-884.0,400.0,120.0
10959,-884.0,400.0,120.0
10975,-884.0,400.0,120.0
10992,-1256.0,264.0,188.0
11008,-1256.0,264.0,188.0
11025,-1256.0,264.0,188.0
11041,-1256.0,264.0,188.0
11058,-1256.0,264.0,188.0
11076,-1256.0,264.0,188.0
11092,-1112.0,68.0,88.0
11109,-1112.0,68.0,88.0
11125,-1112.0,68.0,88.0
11141,-1112.0,68.0,88.0
11159,-1112.0,68.0,88.0
11175,-1112.0,68.0,88.0
11192,-984.0,-76.0,100.0
11208,-984.0,-76.0,100.0
11224,-984.0,-76.0,100.0
11241,-984.0,-76.0,100.0
11257,-984.0,-76.0,100.0
11275,-984.0,-76.0,100.0
11291,-984.0,-76.0,100.0
11309,-1020.0,0.0,88.0
11325,-1020.0,0.0,88.0
11342,-1020.0,0.0,88.0
11358,-1020.0,0.0,88.0
11375,-1020.0,0.0,88.0
11391,-1020.0,0.0,88.0
11407,-1036.0,80.0,52.0
11425,-1036.0,80.0,52.0
11442,-1036.0,80.0,52.0
11458,-1036.0,80.0,52.0
11475,-1036.0,80.0,52.0
11492,-1036.0,80.0,52.0
11508,-1072.0,48.0,60.0
11525,-1072.0,48.0,60.0
11541,-1072.0,48.0,60.0
11558,-1072.0,48.0,60.0
11574,-1072.0,48.0,60.0
11592,-1072.0,48.0,60.0
11608,-1104.0,108.0,12.0
11625,-1104.0,108.0,12.0
11641,-1104.0,108.0,12.0
11658,-1104.0,108.0,12.0
11674,-1104.0,108.0,12.0
11692,-1104.0,108.0,12.0
11709,-1104.0,204.0,28.0
11725,-1104.0,204.0,28.0
11742,-1104.0,204.0,28.0
11759,-1104.0,204.0,28.0
11775,-1104.0,204.0,28.0
11792,-1104.0,204.0,28.0
11808,-1104.0,204.0,28.0
11825,-1104.0,140.0,48.0
11841,-1104.0,140.0,48.0
11858,-1104.0,140.0,48.0
11875,-1104.0,140.0,48.0
11892,-1104.0,140.0,48.0
11908,-1104.0,140.0,48.0
11925,-1100.0,-68.0,80.0
11941,-1100.0,-68.0,80.0
11958,-1100.0,-68.0,80.0
11974,-1100.0,-68.0,80.0
11993,-1100.0,-68.0,80.0
12009,-1100.0,-68.0,80.0
12026,-1036.0,36.0,56.0
12041,-1036.0,36.0,56.0
12058,-1036.0,36.0,56.0
12076,-1036.0,36.0,56.0
12092,-1036.0,36.0,56.0
12109,-1036.0,36.0,56.0
12125,-1112.0,-100.0,76.0
12142,-1112.0,-100.0,76.0
12158,-1112.0,-100.0,76.0
12176,-1112.0,-100.0,76.0
12192,-1112.0,-100.0,76.0
12208,-1112.0,-100.0,76.0
12226,-1112.0,-100.0,76.0
12242,-1036.0,64.0,100.0
12258,-1036.0,64.0,100.0
12275,-1036.0,64.0,100.0
12292,-1036.0,64.0,100.0
12308,-1036.0,64.0,100.0
12325,-1036.0,64.0,100.0
12342,-1000.0,-16.0,84.0
12358,-1000.0,-16.0,84.0
12376,-1000.0,-16.0,84.0
12392,-1000.0,-16.0,84.0
12409,-1000.0,-16.0,84.0
12425,-1000.0,-16.0,84.0
12442,-1032.0,28.0,100.0
12459,-1032.0,28.0,100.0
12475,-1032.0,28.0,100.0
12491,-1032.0,28.0,100.0
12509,-1032.0,28.0,100.0
12527,-1032.0,28.0,100.0
12545,-1052.0,40.0,92.0
12564,-1052.0,40.0,92.0
12582,-1052.0,40.0,92.0
12599,-1052.0,40.0,92.0
12615,-1052.0,40.0,92.0
12633,-1052.0,40.0,92.0
12650,-1040.0,80.0,80.0
12666,-1040.0,80.0,80.0
12683,-1040.0,80.0,80.0
12700,-1040.0,80.0,80.0
12716,-1040.0,80.0,80.0
12733,-1040.0,80.0,80.0
12749,-1028.0,80.0,100.0
12766,-1028.0,80.0,100.0
12783,-1028.0,80.0,100.0
12799,-1028.0,80.0,100.0
12816,-1028.0,80.0,100.0
12832,-1028.0,80.0,100.0
12849,-1040.0,72.0,112.0
12865,-1040.0,72.0,112.0
12883,-1040.0,72.0,112.0
12899,-1040.0,72.0,112.0
12916,-1040.0,72.0,112.0
12932,-1040.0,72.0,112.0
12949,-1040.0,72.0,112.0
12966,-1040.0,56.0,92.0
12982,-1040.0,56.0,92.0
12999,-1040.0,56.0,92.0
13016,-1040.0,56.0,92.0
13032,-1040.0,56.0,92.0
13048,-1040.0,56.0,92.0
13066,-1032.0,100.0,120.0
13082,-1032.0,100.0,120.0
13099,-1032.0,100.0,120.0
13115,-1032.0,100.0,120.0
13132,-1032.0,100.0,120.0
13149,-1032.0,100.0,120.0
13165,-1072.0,12.0,64.0
13183,-1072.0,12.0,64.0
13200,-1072.0,12.0,64.0
13216,-1072.0,12.0,64.0
13232,-1072.0,12.0,64.0
13249,-1072.0,12.0,64.0
13266,-1072.0,-12.0,52.0
13283,-1072.0,-12.0,52.0
13299,-1072.0,-12.0,52.0
13316,-1072.0,-12.0,52.0
13332,-1072.0,-12.0,52.0
13349,-1072.0,-12.0,52.0
13365,-1028.0,36.0,116.0
13383,-1028.0,36.0,116.0
13399,-1028.0,36.0,116.0
13416,-1028.0,36.0,116.0
13433,-1028.0,36.0,116.0
13449,-1028.0,36.0,116.0
13466,-1028.0,36.0,116.0
13483,-1032.0,-4.0,60.0
13500,-1032.0,-4.0,60.0
13515,-1032.0,-4.0,60.0
13533,-1032.0,-4.0,60.0
13549,-1032.0,-4.0,60.0
13566,-1032.0,-4.0,60.0
13583,-1056.0,44.0,48.0
13599,-1056.0,44.0,48.0
13616,-1056.0,44.0,48.0
13633,-1056.0,44.0,48.0
13650,-1056.0,44.0,48.0
13667,-1056.0,44.0,48.0
13683,-1092.0,152.0,80.0
13700,-1092.0,152.0,80.0
13716,-1092.0,152.0,80.0
13733,-1092.0,152.0,80.0
13750,-1092.0,152.0,80.0
13766,-1092.0,152.0,80.0
13783,-1084.0,188.0,156.0
13800,-1084.0,188.0,156.0
13816,-1084.0,188.0,156.0
13833,-1084.0,188.0,156.0
13849,-1084.0,188.0,156.0
13866,-1084.0,188.0,156.0
13883,-1084.0,188.0,156.0
13899,-952.0,136.0,88.0
13916,-952.0,136.0,88.0
13932,-952.0,136.0,88.0
13950,-952.0,136.0,88.0
13967,-952.0,136.0,88.0
13983,-952.0,136.0,88.0
14000,-1028.0,252.0,136.0
14016,-1028.0,252.0,136.0
14033,-1028.0,252.0,136.0
14050,-1028.0,252.0,136.0
14066,-1028.0,252.0,136.0
14083,-1028.0,252.0,136.0
14099,-1036.0,292.0,140.0
14116,-1036.0,292.0,140.0
14133,-1036.0,292.0,140.0
14149,-1036.0,292.0,140.0
14166,-1036.0,292.0,140.0
14182,-1036.0,292.0,140.0
14200,-920.0,392.0,156.0
14216,-920.0,392.0,156.0
14233,-920.0,392.0,156.0
14249,-920.0,392.0,156.0
14266,-920.0,392.0,156.0
14282,-920.0,392.0,156.0
14299,-932.0,292.0,204.0
14316,-932.0,292.0,204.0
14333,-932.0,292.0,204.0
14350,-932.0,292.0,204.0
14366,-932.0,292.0,204.0
14382,-932.0,292.0,204.0
14399,-932.0,292.0,204.0
14416,-980.0,292.0,192.0
14433,-980.0,292.0,192.0
14449,-980.0,292.0,192.0
14467,-980.0,292.0,192.0
14483,-980.0,292.0,192.0
14500,-980.0,292.0,192.0
14516,-980.0,320.0,176.0
14533,-980.0,320.0,176.0
14550,-980.0,320.0,176.0
14566,-980.0,320.0,176.0
14583,-980.0,320.0,176.0
14600,-980.0,320.0,176.0
14616,-988.0,308.0,164.0
14633,-988.0,308.0,164.0
14649,-988.0,308.0,164.0
14666,-988.0,308.0,164.0
14683,-988.0,308.0,164.0
14700,-988.0,308.0,164.0
14716,-1000.0,260.0,124.0
14733,-1000.0,260.0,124.0
14749,-1000.0,260.0,124.0
14766,-1000.0,260.0,124.0
14783,-1000.0,260.0,124.0
14799,-1000.0,260.0,124.0
14817,-1008.0,268.0,108.0
14833,-1008.0,268.0,108.0
14850,-1008.0,268.0,108.0
14866,-1008.0,268.0,108.0
14882,-1008.0,268.0,108.0
14900,-1008.0,268.0,108.0
14917,-1008.0,268.0,108.0
14933,-1012.0,260.0,80.0
14949,-1012.0,260.0,80.0
14966,-1012.0,260.0,80.0
14983,-1012.0,260.0,80.0
15000,-1012.0,260.0,80.0
15017,-1012.0,260.0,80.0
15033,-1004.0,264.0,96.0
15050,-1004.0,264.0,96.0
15066,-1004.0,264.0,96.0
15083,-1004.0,264.0,96.0
15100,-1004.0,264.0,96.0
15116,-1004.0,264.0,96.0
15133,-1068.0,152.0,140.0
15149,-1068.0,152.0,140.0
15166,-1068.0,152.0,140.0
15183,-1068.0,152.0,140.0
15199,-1068.0,152.0,140.0
15217,-1068.0,152.0,140.0
15233,-1016.0,68.0,148.0
15249,-1016.0,68.0,148.0
15267,-1016.0,68.0,148.0
15284,-1016.0,68.0,148.0
15300,-1016.0,68.0,148.0
15317,-1016.0,68.0,148.0
15333,-1016.0,68.0,148.0
15350,-1012.0,128.0,188.0
15367,-1012.0,128.0,188.0
15383,-1012.0,128.0,188.0
15399,-1012.0,128.0,188.0
15417,-1012.0,128.0,188.0
15433,-1012.0,128.0,188.0
15450,-1004.0,132.0,188.0
15466,-1004.0,132.0,188.0
15483,-1004.0,132.0,188.0
15500,-1004.0,132.0,188.0
15517,-1004.0,132.0,188.0
15533,-1004.0,132.0,188.0
15550,-1028.0,84.0,204.0
15567,-1028.0,84.0,204.0
15583,-1028.0,84.0,204.0
15600,-1028.0,84.0,204.0
15616,-1028.0,84.0,204.0
15634,-1028.0,84.0,204.0
15650,-1000.0,88.0,252.0
15667,-1000.0,88.0,252.0
15684,-1000.0,88.0,252.0
15700,-1000.0,88.0,252.0
15717,-1000.0,88.0,252.0
15733,-1000.0,88.0,252.0
15750,-968.0,168.0,252.0
15767,-968.0,168.0,252.0
15784,-968.0,168.0,252.0
15800,-968.0,168.0,252.0
15816,-968.0,168.0,252.0
15834,-968.0,168.0,252.0
15850,-968.0,168.0,252.0
15867,-968.0,104.0,240.0
15883,-968.0,104.0,240.0
15900,-968.0,104.0,240.0
15916,-968.0,104.0,240.0
15933,-968.0,104.0,240.0
15950,-968.0,104.0,240.0
15966,-1032.0,68.0,164.0
15983,-1032.0,68.0,164.0
16000,-1032.0,68.0,164.0
16016,-1032.0,68.0,164.0
16034,-1032.0,68.0,164.0
16051,-1032.0,68.0,164.0
16066,-1028.0,172.0,160.0
16084,-1028.0,172.0,160.0
16107,-1028.0,172.0,160.0
16124,-1028.0,172.0,160.0
16141,-1028.0,172.0,160.0
16157,-1028.0,172.0,160.0
16174,-1016.0,168.0,128.0
16191,-1016.0,168.0,128.0
16207,-1016.0,168.0,128.0
16225,-1016.0,168.0,128.0
16241,-1016.0,168.0,128.0
16258,-1016.0,168.0,128.0
16274,-1024.0,236.0,120.0
16291,-1024.0,236.0,120.0
16308,-1024.0,236.0,120.0
16324,-1024.0,236.0,120.0
16341,-1024.0,236.0,120.0
16358,-1024.0,236.0,120.0
16374,-1012.0,248.0,80.0
16391,-1012.0,248.0,80.0
16407,-1012.0,248.0,80.0
16424,-1012.0,248.0,80.0
16441,-1012.0,248.0,80.0
16457,-1012.0,248.0,80.0
16474,-1012.0,248.0,80.0
16491,-996.0,228.0,164.0
16507,-996.0,228.0,164.0
16523,-996.0,228.0,164.0
16541,-996.0,228.0,164.0
16558,-996.0,228.0,164.0
16574,-996.0,228.0,164.0
16590,-980.0,256.0,148.0
16607,-980.0,256.0,148.0
16624,-980.0,256.0,148.0
16640,-980.0,256.0,148.0
16657,-980.0,256.0,148.0
16674,-980.0,256.0,148.0
16690,-1000.0,248.0,144.0
16707,-1000.0,248.0,144.0
16724,-1000.0,248.0,144.0
16741,-1000.0,248.0,144.0
16757,-1000.0,248.0,144.0
16774,-1000.0,248.0,144.0
16791,-1012.0,236.0,112.0
16808,-1012.0,236.0,112.0
16824,-1012.0,236.0,112.0
16841,-1012.0,236.0,112.0
16858,-1012.0,236.0,112.0
16874,-1012.0,236.0,112.0
16890,-1020.0,212.0,120.0
16908,-1020.0,212.0,120.0
16924,-1020.0,212.0,120.0
16941,-1020.0,212.0,120.0
16958,-1020.0,212.0,120.0
16974,-1020.0,212.0,120.0
16991,-1020.0,212.0,120.0
17007,-1056.0,92.0,56.0
17024,-1056.0,92.0,56.0
17040,-1056.0,92.0,56.0
17057,-1056.0,92.0,56.0
17074,-1056.0,92.0,56.0
17091,-1056.0,92.0,56.0
17108,-1028.0,256.0,68.0
17124,-1028.0,256.0,68.0
17140,-1028.0,256.0,68.0
17157,-1028.0,256.0,68.0
17174,-1028.0,256.0,68.0
17191,-1028.0,256.0,68.0
17208,-1016.0,160.0,28.0
17224,-1016.0,160.0,28.0
17241,-1016.0,160.0,28.0
17258,-1016.0,160.0,28.0
17274,-1016.0,160.0,28.0
17291,-1016.0,160.0,28.0
17308,-1052.0,252.0,76.0
17324,-1052.0,252.0,76.0
17340,-1052.0,252.0,76.0
17358,-1052.0,252.0,76.0
17374,-1052.0,252.0,76.0
17391,-1052.0,252.0,76.0
17408,-1004.0,140.0,64.0
17424,-1004.0,140.0,64.0
17441,-1004.0,140.0,64.0
17457,-1004.0,140.0,64.0
17474,-1004.0,140.0,64.0
17490,-1004.0,140.0,64.0
17507,-1004.0,140.0,64.0
17524,-1056.0,248.0,-4.0
17540,-1056.0,248.0,-4.0
17558,-1056.0,248.0,-4.0
17575,-1056.0,248.0,-4.0
17592,-1056.0,248.0,-4.0
17608,-1056.0,248.0,-4.0
17625,-984.0,344.0,44.0
17641,-984.0,344.0,44.0
17658,-984.0,344.0,44.0
17675,-984.0,344.0,44.0
17691,-984.0,344.0,44.0
17708,-984.0,344.0,44.0
17724,-908.0,308.0,-8.0
17741,-908.0,308.0,-8.0
17758,-908.0,308.0,-8.0
17775,-908.0,308.0,-8.0
17791,-908.0,308.0,-8.0
17808,-908.0,308.0,-8.0
17824,-908.0,376.0,-52.0
17841,-908.0,376.0,-52.0
17857,-908.0,376.0,-52.0
17875,-908.0,376.0,-52.0
17891,-908.0,376.0,-52.0
17907,-908.0,376.0,-52.0
17924,-908.0,376.0,-52.0
17941,-992.0,416.0,-80.0
17957,-992.0,416.0,-80.0
17975,-992.0,416.0,-80.0
17991,-992.0,416.0,-80.0
18008,-992.0,416.0,-80.0
18024,-992.0,416.0,-80.0
18041,-1080.0,440.0,-52.0
18058,-1080.0,440.0,-52.0
18075,-1080.0,440.0,-52.0
18091,-1080.0,440.0,-52.0
18108,-1080.0,440.0,-52.0
18125,-1080.0,440.0,-52.0
18142,-1316.0,140.0,28.0
18158,-1316.0,140.0,28.0
18174,-1316.0,140.0,28.0
18191,-1316.0,140.0,28.0
18207,-1316.0,140.0,28.0
18224,-1316.0,140.0,28.0
18241,-1220.0,-120.0,-40.0
18258,-1220.0,-120.0,-40.0
18275,-1220.0,-120.0,-40.0
18291,-1220.0,-120.0,-40.0
18308,-1220.0,-120.0,-40.0
18324,-1220.0,-120.0,-40.0
18341,-1052.0,-172.0,-64.0
18358,-1052.0,-172.0,-64.0
18374,-1052.0,-172.0,-64.0
18392,-1052.0,-172.0,-64.0
18408,-1052.0,-172.0,-64.0
18425,-1052.0,-172.0,-64.0
18441,-1052.0,-172.0,-64.0
18458,-968.0,-84.0,-88.0
18475,-968.0,-84.0,-88.0
18491,-968.0,-84.0,-88.0
18508,-968.0,-84.0,-88.0
18524,-968.0,-84.0,-88.0
18541,-968.0,-84.0,-88.0
18558,-1084.0,12.0,-24.0
18575,-1084.0,12.0,-24.0
18591,-1084.0,12.0,-24.0
18608,-1084.0,12.0,-24.0
18625,-1084.0,12.0,-24.0
18641,-1084.0,12.0,-24.0
18658,-992.0,124.0,-40.0
18674,-992.0,124.0,-40.0
18691,-992.0,124.0,-40.0
18708,-992.0,124.0,-40.0
18725,-992.0,124.0,-40.0
18741,-992.0,124.0,-40.0
18758,-1052.0,104.0,-12.0
18775,-1052.0,104.0,-12.0
18792,-1052.0,104.0,-12.0
18808,-1052.0,104.0,-12.0
18825,-1052.0,104.0,-12.0
18841,-1052.0,104.0,-12.0
18859,-1048.0,44.0,88.0
18875,-1048.0,44.0,88.0
18892,-1048.0,44.0,88.0
18908,-1048.0,44.0,88.0
18925,-1048.0,44.0,88.0
18942,-1048.0,44.0,88.0
18958,-1048.0,44.0,88.0
18975,-1084.0,-24.0,180.0
18991,-1084.0,-24.0,180.0
19008,-1084.0,-24.0,180.0
19024,-1084.0,-24.0,180.0
19041,-1084.0,-24.0,180.0
19058,-1084.0,-24.0,180.0
19074,-1004.0,212.0,152.0
19091,-1004.0,212.0,152.0
19107,-1004.0,212.0,152.0
19125,-1004.0,212.0,152.0
19141,-1004.0,212.0,152.0
19159,-1004.0,212.0,152.0
19175,-984.0,144.0,144.0
19191,-984.0,144.0,144.0
19208,-984.0,144.0,144.0
19225,-984.0,144.0,144.0
19241,-984.0,144.0,144.0
19258,-984.0,144.0,144.0
19275,-1012.0,96.0,176.0
19291,-1012.0,96.0,176.0
19309,-1012.0,96.0,176.0
19325,-1012.0,96.0,176.0
19341,-1012.0,96.0,176.0
19359,-1012.0,96.0,176.0
19375,-1052.0,60.0,152.0
19392,-1052.0,60.0,152.0
19408,-1052.0,60.0,152.0
19424,-1052.0,60.0,152.0
19441,-1052.0,60.0,152.0
19458,-1052.0,60.0,152.0
19475,-1052.0,60.0,152.0
19492,-1016.0,12.0,216.0
19508,-1016.0,12.0,216.0
19525,-1016.0,12.0,216.0
19541,-1016.0,12.0,216.0
19558,-1016.0,12.0,216.0
19575,-1016.0,12.0,216.0
19591,-956.0,-96.0,176.0
19608,-956.0,-96.0,176.0
19625,-956.0,-96.0,176.0
19642,-956.0,-96.0,176.0
19661,-956.0,-96.0,176.0
19679,-956.0,-96.0,176.0
19698,-1176.0,40.0,224.0
19715,-1176.0,40.0,224.0
19733,-1176.0,40.0,224.0
19749,-1176.0,40.0,224.0
19765,-1176.0,40.0,224.0
19783,-1176.0,40.0,224.0
19799,-940.0,128.0,208.0
19816,-940.0,128.0,208.0
19832,-940.0,128.0,208.0
19849,-940.0,128.0,208.0
19866,-940.0,128.0,208.0
19883,-940.0,128.0,208.0
19899,-964.0,28.0,188.0
19916,-964.0,28.0,188.0
19932,-964.0,28.0,188.0
19949,-964.0,28.0,188.0
19966,-964.0,28.0,188.0
19982,-964.0,28.0,188.0
19999,-1060.0,36.0,252.0
20015,-1060.0,36.0,252.0
20032,-1060.0,36.0,252.0
20048,-1060.0,36.0,252.0
20065,-1060.0,36.0,252.0
20082,-1060.0,36.0,252.0
20099,-1060.0,36.0,252.0
20115,-984.0,140.0,172.0
20132,-984.0,140.0,172.0
20149,-984.0,140.0,172.0
20165,-984.0,140.0,172.0
20182,-984.0,140.0,172.0
20199,-984.0,140.0,172.0
20215,-1048.0,144.0,100.0
20232,-1048.0,144.0,100.0
20248,-1048.0,144.0,100.0
20266,-1048.0,144.0,100.0
20283,-1048.0,144.0,100.0
20299,-1048.0,144.0,100.0
20315,-1052.0,320.0,20.0
20332,-1052.0,320.0,20.0
20349,-1052.0,320.0,20.0
20365,-1052.0,320.0,20.0
20382,-1052.0,320.0,20.0
20398,-1052.0,320.0,20.0
20416,-1008.0,196.0,44.0
20433,-1008.0,196.0,44.0
20449,-1008.0,196.0,44.0
20466,-1008.0,196.0,44.0
20482,-1008.0,196.0,44.0
20499,-1008.0,196.0,44.0
20516,-1060.0,204.0,-24.0
20532,-1060.0,204.0,-24.0
20549,-1060.0,204.0,-24.0
20565,-1060.0,204.0,-24.0
20583,-1060.0,204.0,-24.0
20599,-1060.0,204.0,-24.0
20616,-1060.0,204.0,-24.0
20632,-1076.0,248.0,32.0
20649,-1076.0,248.0,32.0
20665,-1076.0,248.0,32.0
20682,-1076.0,248.0,32.0
20699,-1076.0,248.0,32.0
20715,-1076.0,248.0,32.0
20732,-1012.0,124.0,-36.0
20749,-1012.0,124.0,-36.0
20766,-1012.0,124.0,-36.0
20782,-1012.0,124.0,-36.0
20800,-1012.0,124.0,-36.0
20815,-1012.0,124.0,-36.0
20833,-984.0,56.0,88.0
20849,-984.0,56.0,88.0
20866,-984.0,56.0,88.0
20883,-984.0,56.0,88.0
20899,-984.0,56.0,88.0
20915,-984.0,56.0,88.0
20932,-1012.0,132.0,244.0
20950,-1012.0,132.0,244.0
20966,-1012.0,132.0,244.0
20983,-1012.0,132.0,244.0
20999,-1012.0,132.0,244.0
21015,-1012.0,132.0,244.0
21032,-1032.0,44.0,76.0
21049,-1032.0,44.0,76.0
21066,-1032.0,44.0,76.0
21083,-1032.0,44.0,76.0
21099,-1032.0,44.0,76.0
21116,-1032.0,44.0,76.0
21132,-1032.0,44.0,76.0
21149,-1028.0,300.0,200.0
21166,-1028.0,300.0,200.0
21183,-1028.0,300.0,200.0
21199,-1028.0,300.0,200.0
21216,-1028.0,300.0,200.0
21232,-1028.0,300.0,200.0
21249,-952.0,400.0,272.0
21266,-952.0,400.0,272.0
21282,-952.0,400.0,272.0
21299,-952.0,400.0,272.0
21316,-952.0,400.0,272.0
21332,-952.0,400.0,272.0
21350,-960.0,208.0,252.0
21366,-960.0,208.0,252.0
21383,-960.0,208.0,252.0
21399,-960.0,208.0,252.0
21416,-960.0,208.0,252.0
21432,-960.0,208.0,252.0
21449,-952.0,432.0,180.0
21466,-952.0,432.0,180.0
21482,-952.0,432.0,180.0
21498,-952.0,432.0,180.0
21516,-952.0,432.0,180.0
21532,-952.0,432.0,180.0
21550,-952.0,432.0,180.0
21566,-956.0,308.0,160.0
21582,-956.0,308.0,160.0
21599,-956.0,308.0,160.0
21616,-956.0,308.0,160.0
21633,-956.0,308.0,160.0
21650,-956.0,308.0,160.0
21666,-988.0,308.0,136.0
21682,-988.0,308.0,136.0
21699,-988.0,308.0,136.0
21716,-988.0,308.0,136.0
21733,-988.0,308.0,136.0
21749,-988.0,308.0,136.0
21766,-1032.0,208.0,104.0
21783,-1032.0,208.0,104.0
21799,-1032.0,208.0,104.0
21816,-1032.0,208.0,104.0
21833,-1032.0,208.0,104.0
21849,-1032.0,208.0,104.0
21866,-1036.0,220.0,76.0
21882,-1036.0,220.0,76.0
21899,-1036.0,220.0,76.0
21917,-1036.0,220.0,76.0
21932,-1036.0,220.0,76.0
21950,-1036.0,220.0,76.0
21966,-1024.0,216.0,100.0
21983,-1024.0,216.0,100.0
21999,-1024.0,216.0,100.0
22016,-1024.0,216.0,100.0
22033,-1024.0,216.0,100.0
22050,-1024.0,216.0,100.0
22067,-1024.0,216.0,100.0
22083,-1016.0,232.0,112.0
22099,-1016.0,232.0,112.0
22116,-1016.0,232.0,112.0
22133,-1016.0,232.0,112.0
22150,-1016.0,232.0,112.0
22166,-1016.0,232.0,112.0
22183,-1036.0,288.0,80.0
22200,-1036.0,288.0,80.0
22217,-1036.0,288.0,80.0
22233,-1036.0,288.0,80.0
22249,-1036.0,288.0,80.0
22266,-1036.0,288.0,80.0
22282,-996.0,340.0,100.0
22300,-996.0,340.0,100.0
22315,-996.0,340.0,100.0
22333,-996.0,340.0,100.0
22349,-996.0,340.0,100.0
22366,-996.0,340.0,100.0
22383,-1004.0,220.0,140.0
22399,-1004.0,220.0,140.0
22417,-1004.0,220.0,140.0
22432,-1004.0,220.0,140.0
22450,-1004.0,220.0,140.0
22466,-1004.0,220.0,140.0
22483,-1004.0,220.0,140.0
22499,-956.0,348.0,176.0
22516,-956.0,348.0,176.0
22533,-956.0,348.0,176.0
22549,-956.0,348.0,176.0
22567,-956.0,348.0,176.0
22582,-956.0,348.0,176.0
22599,-952.0,408.0,180.0
22616,-952.0,408.0,180.0
22633,-952.0,408.0,180.0
22649,-952.0,408.0,180.0
22666,-952.0,408.0,180.0
22683,-952.0,408.0,180.0
22700,-944.0,356.0,184.0
22716,-944.0,356.0,184.0
22733,-944.0,356.0,184.0
22749,-944.0,356.0,184.0
22767,-944.0,356.0,184.0
22783,-944.0,356.0,184.0
22799,-944.0,356.0,168.0
22817,-944.0,356.0,168.0
22833,-944.0,356.0,168.0
22849,-944.0,356.0,168.0
22866,-944.0,356.0,168.0
22883,-944.0,356.0,168.0
22900,-988.0,304.0,144.0
22917,-988.0,304.0,144.0
22933,-988.0,304.0,144.0
22950,-988.0,304.0,144.0
22967,-988.0,304.0,144.0
22983,-988.0,304.0,144.0
23000,-988.0,304.0,144.0
23017,-996.0,312.0,120.0
23032,-996.0,312.0,120.0
23049,-996.0,312.0,120.0
23066,-996.0,312.0,120.0
23082,-996.0,312.0,120.0
23100,-996.0,312.0,120.0
23116,-1008.0,244.0,116.0
23133,-1008.0,244.0,116.0
23149,-1008.0,244.0,116.0
23167,-1008.0,244.0,116.0
23183,-1008.0,244.0,116.0
23199,-1008.0,244.0,116.0
23217,-968.0,256.0,132.0
23234,-968.0,256.0,132.0
23249,-968.0,256.0,132.0
23267,-968.0,256.0,132.0
23290,-968.0,256.0,132.0
23308,-968.0,256.0,132.0
23324,-1076.0,216.0,176.0
23341,-1076.0,216.0,176.0
23357,-1076.0,216.0,176.0
23374,-1076.0,216.0,176.0
23391,-1076.0,216.0,176.0
23408,-1076.0,216.0,176.0
23424,-1060.0,76.0,152.0
23441,-1060.0,76.0,152.0
23458,-1060.0,76.0,152.0
23474,-1060.0,76.0,152.0
23491,-1060.0,76.0,152.0
23507,-1060.0,76.0,152.0
23523,-1032.0,76.0,144.0
23540,-1032.0,76.0,144.0
23557,-1032.0,76.0,144.0
23573,-1032.0,76.0,144.0
23590,-1032.0,76.0,144.0
23606,-1032.0,76.0,144.0
23624,-972.0,116.0,216.0
23640,-972.0,116.0,216.0
23657,-972.0,116.0,216.0
23674,-972.0,116.0,216.0
23690,-972.0,116.0,216.0
23706,-972.0,116.0,216.0
23723,-972.0,116.0,216.0
23740,-984.0,32.0,208.0
23757,-984.0,32.0,208.0
23774,-984.0,32.0,208.0
23790,-984.0,32.0,208.0
23807,-984.0,32.0,208.0
23823,-984.0,32.0,208.0
23840,-1032.0,176.0,172.0
23857,-1032.0,176.0,172.0
23873,-1032.0,176.0,172.0
23891,-1032.0,176.0,172.0
23907,-1032.0,176.0,172.0
23924,-1032.0,176.0,172.0
23940,-1052.0,80.0,180.0
23957,-1052.0,80.0,180.0
23974,-1052.0,80.0,180.0
23991,-1052.0,80.0,180.0
24007,-1052.0,80.0,180.0
24024,-1052.0,80.0,180.0
24041,-1000.0,72.0,172.0
24057,-1000.0,72.0,172.0
24074,-1000.0,72.0,172.0
24091,-1000.0,72.0,172.0
24107,-1000.0,72.0,172.0
24124,-1000.0,72.0,172.0
24140,-1000.0,72.0,172.0
24157,-1008.0,84.0,132.0
24174,-1008.0,84.0,132.0
24190,-1008.0,84.0,132.0
24207,-1008.0,84.0,132.0
24224,-1008.0,84.0,132.0
24241,-1008.0,84.0,132.0
24257,-1096.0,136.0,100.0
24273,-1096.0,136.0,100.0
24291,-1096.0,136.0,100.0
24308,-1096.0,136.0,100.0
24324,-1096.0,136.0,100.0
24341,-1096.0,136.0,100.0
24358,-1052.0,56.0,92.0
24374,-1052.0,56.0,92.0
24391,-1052.0,56.0,92.0
24407,-1052.0,56.0,92.0
24425,-1052.0,56.0,92.0
24441,-1052.0,56.0,92.0
24458,-1028.0,68.0,76.0
24474,-1028.0,68.0,76.0
24491,-1028.0,68.0,76.0
24507,-1028.0,68.0,76.0
24524,-1028.0,68.0,76.0
24541,-1028.0,68.0,76.0
24557,-1048.0,116.0,112.0
24574,-1048.0,116.0,112.0
24590,-1048.0,116.0,112.0
24608,-1048.0,116.0,112.0
24624,-1048.0,116.0,112.0
24640,-1048.0,116.0,112.0
24657,-1048.0,116.0,112.0
24675,-1040.0,160.0,48.0
24691,-1040.0,160.0,48.0
24707,-1040.0,160.0,48.0
24724,-1040.0,160.0,48.0
24740,-1040.0,160.0,48.0
24758,-1040.0,160.0,48.0
24775,-1052.0,124.0,36.0
24791,-1052.0,124.0,36.0
24808,-1052.0,124.0,36.0
24824,-1052.0,124.0,36.0
24841,-1052.0,124.0,36.0
24857,-1052.0,124.0,36.0
24874,-1036.0,212.0,104.0
24890,-1036.0,212.0,104.0
24907,-1036.0,212.0,104.0
24924,-1036.0,212.0,104.0
24941,-1036.0,212.0,104.0
24957,-1036.0,212.0,104.0
24974,-1000.0,112.0,100.0
24991,-1000.0,112.0,100.0
25008,-1000.0,112.0,100.0
25024,-1000.0,112.0,100.0
25041,-1000.0,112.0,100.0
25057,-1000.0,112.0,100.0
25075,-1020.0,124.0,76.0
25091,-1020.0,124.0,76.0
25108,-1020.0,124.0,76.0
25124,-1020.0,124.0,76.0
25141,-1020.0,124.0,76.0
25157,-1020.0,124.0,76.0
25174,-1020.0,124.0,76.0
25191,-1044.0,116.0,52.0
25207,-1044.0,116.0,52.0
25224,-1044.0,116.0,52.0
25241,-1044.0,116.0,52.0
25258,-1044.0,116.0,52.0
25274,-1044.0,116.0,52.0
25291,-1044.0,168.0,24.0
25308,-1044.0,168.0,24.0
25324,-1044.0,168.0,24.0
25341,-1044.0,168.0,24.0
25358,-1044.0,168.0,24.0
25374,-1044.0,168.0,24.0
25390,-1064.0,100.0,24.0
25407,-1064.0,100.0,24.0
25424,-1064.0,100.0,24.0
25442,-1064.0,100.0,24.0
25457,-1064.0,100.0,24.0
25474,-1064.0,100.0,24.0
25491,-1052.0,84.0,24.0
25508,-1052.0,84.0,24.0
25524,-1052.0,84.0,24.0
25542,-1052.0,84.0,24.0
25558,-1052.0,84.0,24.0
25574,-1052.0,84.0,24.0
25591,-1052.0,84.0,24.0
25607,-1044.0,-12.0,44.0
25625,-1044.0,-12.0,44.0
25641,-1044.0,-12.0,44.0
25658,-1044.0,-12.0,44.0
25674,-1044.0,-12.0,44.0
25691,-1044.0,-12.0,44.0
25707,-1052.0,-24.0,96.0
25724,-1052.0,-24.0,96.0
25742,-1052.0,-24.0,96.0
25757,-1052.0,-24.0,96.0
25774,-1052.0,-24.0,96.0
25791,-1052.0,-24.0,96.0
25808,-1068.0,48.0,8.0
25824,-1068.0,48.0,8.0
25842,-1068.0,48.0,8.0
25858,-1068.0,48.0,8.0
25874,-1068.0,48.0,8.0
25890,-1068.0,48.0,8.0
25909,-984.0,80.0,-28.0
25924,-984.0,80.0,-28.0
25941,-984.0,80.0,-28.0
25958,-984.0,80.0,-28.0
25975,-984.0,80.0,-28.0
25991,-984.0,80.0,-28.0
26008,-1256.0,4.0,-52.0
26024,-1256.0,4.0,-52.0
26041,-1256.0,4.0,-52.0
26057,-1256.0,4.0,-52.0
26073,-1256.0,4.0,-52.0
26091,-1256.0,4.0,-52.0
26108,-1256.0,4.0,-52.0
26124,-1024.0,88.0,-84.0
26141,-1024.0,88.0,-84.0
26157,-1024.0,88.0,-84.0
26174,-1024.0,88.0,-84.0
26190,-1024.0,88.0,-84.0
26207,-1024.0,88.0,-84.0
26225,-1036.0,52.0,-112.0
26241,-1036.0,52.0,-112.0
26258,-1036.0,52.0,-112.0
26274,-1036.0,52.0,-112.0
26291,-1036.0,52.0,-112.0
26307,-1036.0,52.0,-112.0
26325,-1132.0,36.0,-100.0
26341,-1132.0,36.0,-100.0
26358,-1132.0,36.0,-100.0
26375,-1132.0,36.0,-100.0
26391,-1132.0,36.0,-100.0
26407,-1132.0,36.0,-100.0
26425,-1028.0,-8.0,-112.0
26442,-1028.0,-8.0,-112.0
26458,-1028.0,-8.0,-112.0
26474,-1028.0,-8.0,-112.0
26492,-1028.0,-8.0,-112.0
26508,-1028.0,-8.0,-112.0
26524,-1120.0,40.0,-84.0
26541,-1120.0,40.0,-84.0
26557,-1120.0,40.0,-84.0
26575,-1120.0,40.0,-84.0
26591,-1120.0,40.0,-84.0
26607,-1120.0,40.0,-84.0
26624,-1120.0,40.0,-84.0
