MILLIS,X,Y,Z
1335,-840.0,348.0,436.0
1467,-1000.0,8.0,396.0
1481,-1000.0,8.0,396.0
1497,-1000.0,8.0,396.0
1514,-1000.0,8.0,396.0
1530,-1000.0,8.0,396.0
1548,-936.0,32.0,384.0
1564,-936.0,32.0,384.0
1580,-936.0,32.0,384.0
1598,-936.0,32.0,384.0
1614,-936.0,32.0,384.0
1631,-936.0,32.0,384.0
1648,-936.0,32.0,384.0
1664,-936.0,20.0,448.0
1681,-936.0,20.0,448.0
1698,-936.0,20.0,448.0
1715,-936.0,20.0,448.0
1731,-936.0,20.0,448.0
1747,-936.0,20.0,448.0
1765,-784.0,96.0,476.0
1780,-784.0,96.0,476.0
1797,-784.0,96.0,476.0
1814,-784.0,96.0,476.0
1830,-784.0,96.0,476.0
1848,-784.0,96.0,476.0
1863,-776.0,256.0,528.0
1880,-776.0,256.0,528.0
1896,-776.0,256.0,528.0
1914,-776.0,256.0,528.0
1930,-776.0,256.0,528.0
1947,-776.0,256.0,528.0
1964,-824.0,292.0,512.0
1980,-824.0,292.0,512.0
1997,-824.0,292.0,512.0
2014,-824.0,292.0,512.0
2030,-824.0,292.0,512.0
2046,-824.0,292.0,512.0
2063,-824.0,268.0,496.0
2080,-844.0,268.0,496.0
2096,-844.0,268.0,496.0
2113,-844.0,268.0,496.0
2130,-844.0,268.0,496.0
2147,-844.0,268.0,496.0
2163,-844.0,268.0,496.0
2180,-876.0,220.0,480.0
2197,-876.0,220.0,480.0
2214,-876.0,220.0,480.0
2230,-876.0,220.0,480.0
2247,-876.0,220.0,480.0
2263,-876.0,220.0,480.0
2280,-860.0,280.0,444.0
2297,-860.0,280.0,444.0
2313,-860.0,280.0,444.0
2330,-860.0,280.0,444.0
2347,-860.0,280.0,444.0
2364,-860.0,280.0,444.0
2380,-816.0,368.0,444.0
2397,-816.0,368.0,444.0
2414,-816.0,368.0,444.0
2430,-816.0,368.0,444.0
2447,-816.0,368.0,444.0
2464,-816.0,368.0,444.0
2480,-800.0,388.0,460.0
2496,-800.0,388.0,460.0
2514,-800.0,388.0,460.0
2530,-800.0,388.0,460.0
2547,-800.0,388.0,460.0
2563,-800.0,388.0,460.0
2580,-764.0,388.0,484.0
2598,-764.0,388.0,484.0
2613,-764.0,388.0,484.0
2631,-764.0,388.0,484.0
2647,-764.0,388.0,484.0
2664,-764.0,388.0,484.0
2681,-764.0,388.0,484.0
2697,-792.0,376.0,512.0
2714,-792.0,376.0,512.0
2731,-792.0,376.0,512.0
2747,-792.0,376.0,512.0
2764,-792.0,376.0,512.0
2781,-792.0,376.0,512.0
2797,-740.0,440.0,552.0
2814,-740.0,440.0,552.0
2831,-740.0,440.0,552.0
2847,-740.0,440.0,552.0
2863,-740.0,440.0,552.0
2880,-740.0,440.0,552.0
2897,-684.0,428.0,572.0
2913,-684.0,428.0,572.0
2931,-684.0,428.0,572.0
2947,-684.0,428.0,572.0
2964,-684.0,428.0,572.0
2980,-684.0,428.0,572.0
2997,-668.0,424.0,572.0
3014,-668.0,424.0,572.0
3031,-668.0,424.0,572.0
3048,-668.0,424.0,572.0
3064,-668.0,424.0,572.0
3080,-668.0,424.0,572.0
3097,-668.0,424.0,572.0
3114,-680.0,400.0,572.0
3130,-680.0,400.0,572.0
3147,-680.0,400.0,572.0
3164,-680.0,400.0,572.0
3180,-680.0,400.0,572.0
3197,-680.0,400.0,572.0
3213,-700.0,404.0,560.0
3230,-700.0,404.0,560.0
3247,-700.0,404.0,560.0
3263,-700.0,404.0,560.0
3280,-700.0,404.0,560.0
3297,-700.0,404.0,560.0
3313,-736.0,388.0,528.0
3330,-736.0,388.0,528.0
3346,-736.0,388.0,528.0
3364,-736.0,388.0,528.0
3381,-736.0,388.0,528.0
3397,-736.0,388.0,528.0
3414,-728.0,376.0,552.0
3431,-728.0,376.0,552.0
3447,-728.0,376.0,552.0
3463,-728.0,376.0,552.0
3480,-728.0,376.0,552.0
3497,-728.0,376.0,552.0
3514,-768.0,336.0,544.0
3531,-768.0,336.0,544.0
3547,-768.0,336.0,544.0
3564,-768.0,336.0,544.0
3580,-768.0,336.0,544.0
3597,-768.0,336.0,544.0
3614,-768.0,336.0,544.0
3630,-884.0,232.0,556.0
3646,-884.0,232.0,556.0
3663,-884.0,232.0,556.0
3680,-884.0,232.0,556.0
3697,-884.0,232.0,556.0
3713,-884.0,232.0,556.0
3730,-912.0,132.0,452.0
3747,-912.0,132.0,452.0
3763,-912.0,132.0,452.0
3780,-912.0,132.0,452.0
3797,-912.0,132.0,452.0
3814,-912.0,132.0,452.0
3830,-908.0,-12.0,432.0
3847,-908.0,-12.0,432.0
3864,-908.0,-12.0,432.0
3881,-908.0,-12.0,432.0
3897,-908.0,-12.0,432.0
3914,-908.0,-12.0,432.0
3930,-876.0,16.0,456.0
3947,-876.0,16.0,456.0
3964,-876.0,16.0,456.0
3980,-876.0,16.0,456.0
3997,-876.0,16.0,456.0
4013,-876.0,16.0,456.0
4030,-876.0,16.0,456.0
4047,-908.0,52.0,512.0
4064,-908.0,52.0,512.0
4080,-908.0,52.0,512.0
4097,-908.0,52.0,512.0
4113,-908.0,52.0,512.0
4130,-908.0,52.0,512.0
4147,-880.0,28.0,496.0
4164,-880.0,28.0,496.0
4180,-880.0,28.0,496.0
4198,-880.0,28.0,496.0
4214,-880.0,28.0,496.0
4230,-880.0,28.0,496.0
4246,-860.0,168.0,532.0
4264,-860.0,168.0,532.0
4280,-860.0,168.0,532.0
4298,-860.0,168.0,532.0
4314,-860.0,168.0,532.0
4330,-860.0,168.0,532.0
4347,-772.0,180.0,544.0
4364,-772.0,180.0,544.0
4380,-772.0,180.0,544.0
4397,-772.0,180.0,544.0
4413,-772.0,180.0,544.0
4430,-772.0,180.0,544.0
4447,-764.0,256.0,608.0
4464,-764.0,256.0,608.0
4481,-764.0,256.0,608.0
4498,-764.0,256.0,608.0
4513,-764.0,256.0,608.0
4531,-764.0,256.0,608.0
4547,-764.0,256.0,608.0
4564,-736.0,268.0,636.0
4580,-736.0,268.0,636.0
4598,-736.0,268.0,636.0
4614,-736.0,268.0,636.0
4631,-736.0,268.0,636.0
4648,-736.0,268.0,636.0
4663,-696.0,296.0,644.0
4681,-696.0,296.0,644.0
4697,-696.0,296.0,644.0
4714,-696.0,296.0,644.0
4731,-696.0,296.0,644.0
4748,-696.0,296.0,644.0
4763,-704.0,316.0,600.0
4780,-704.0,316.0,600.0
4796,-704.0,316.0,600.0
4821,-704.0,316.0,600.0
4838,-704.0,316.0,600.0
4855,-704.0,316.0,600.0
4873,-768.0,348.0,548.0
4889,-768.0,348.0,548.0
4905,-768.0,348.0,548.0
4922,-768.0,348.0,548.0
4939,-768.0,348.0,548.0
4955,-768.0,348.0,548.0
4972,-784.0,312.0,540.0
4989,-784.0,312.0,540.0
5005,-784.0,312.0,540.0
5022,-784.0,312.0,540.0
5039,-784.0,312.0,540.0
5055,-784.0,312.0,540.0
5072,-800.0,372.0,480.0
5089,-800.0,372.0,480.0
5105,-800.0,372.0,480.0
5122,-800.0,372.0,480.0
5139,-800.0,372.0,480.0
5154,-800.0,372.0,480.0
5172,-820.0,376.0,448.0
5188,-820.0,376.0,448.0
5205,-820.0,376.0,448.0
5222,-820.0,376.0,448.0
5238,-820.0,376.0,448.0
5255,-820.0,376.0,448.0
5271,-820.0,376.0,448.0
5289,-804.0,396.0,468.0
5305,-804.0,396.0,468.0
5321,-804.0,396.0,468.0
5338,-804.0,396.0,468.0
5355,-804.0,396.0,468.0
5371,-804.0,396.0,468.0
5388,-776.0,408.0,484.0
5405,-776.0,408.0,484.0
5421,-776.0,408.0,484.0
5438,-776.0,408.0,484.0
5455,-776.0,408.0,484.0
5471,-776.0,408.0,484.0
5489,-792.0,416.0,476.0
5505,-792.0,416.0,476.0
5522,-792.0,416.0,476.0
5539,-792.0,416.0,476.0
5555,-792.0,416.0,476.0
5572,-792.0,416.0,476.0
5588,-768.0,388.0,524.0
5606,-768.0,388.0,524.0
5621,-768.0,388.0,524.0
5639,-768.0,388.0,524.0
5656,-768.0,388.0,524.0
5672,-768.0,388.0,524.0
5689,-740.0,376.0,556.0
5705,-740.0,376.0,556.0
5722,-740.0,376.0,556.0
5738,-740.0,376.0,556.0
5755,-740.0,376.0,556.0
5771,-740.0,376.0,556.0
5788,-740.0,376.0,556.0
5805,-708.0,384.0,560.0
5821,-708.0,384.0,560.0
5839,-708.0,384.0,560.0
5855,-708.0,384.0,560.0
5872,-708.0,384.0,560.0
5889,-708.0,384.0,560.0
5905,-724.0,372.0,540.0
5922,-724.0,372.0,540.0
5938,-724.0,372.0,540.0
5956,-724.0,372.0,540.0
5972,-724.0,372.0,540.0
5989,-724.0,372.0,540.0
6005,-784.0,320.0,508.0
6022,-784.0,320.0,508.0
6039,-784.0,320.0,508.0
6055,-784.0,320.0,508.0
6072,-784.0,320.0,508.0
6089,-784.0,320.0,508.0
6105,-1068.0,52.0,528.0
6122,-1068.0,52.0,528.0
6139,-1068.0,52.0,528.0
6155,-1068.0,52.0,528.0
6172,-1068.0,52.0,528.0
6188,-1068.0,52.0,528.0
6205,-1068.0,52.0,528.0
6221,-940.0,-36.0,440.0
6239,-940.0,-36.0,440.0
6256,-940.0,-36.0,440.0
6272,-940.0,-36.0,440.0
6289,-940.0,-36.0,440.0
6305,-940.0,-36.0,440.0
6322,-852.0,-32.0,424.0
6339,-852.0,-32.0,424.0
6355,-852.0,-32.0,424.0
6373,-852.0,-32.0,424.0
6389,-852.0,-32.0,424.0
6405,-852.0,-32.0,424.0
6422,-884.0,-36.0,448.0
6439,-884.0,-36.0,448.0
6455,-884.0,-36.0,448.0
6472,-884.0,-36.0,448.0
6489,-884.0,-36.0,448.0
6505,-884.0,-36.0,448.0
6522,-892.0,8.0,480.0
6538,-892.0,8.0,480.0
6555,-892.0,8.0,480.0
6572,-892.0,8.0,480.0
6589,-892.0,8.0,480.0
6605,-892.0,8.0,480.0
6622,-860.0,48.0,488.0
6639,-860.0,48.0,488.0
6656,-860.0,48.0,488.0
6672,-860.0,48.0,488.0
6689,-860.0,48.0,488.0
6705,-860.0,48.0,488.0
6722,-860.0,48.0,488.0
6739,-840.0,56.0,520.0
6756,-840.0,56.0,520.0
6772,-840.0,56.0,520.0
6789,-840.0,56.0,520.0
6806,-840.0,56.0,520.0
6821,-840.0,56.0,520.0
6838,-792.0,92.0,572.0
6855,-792.0,92.0,572.0
6872,-792.0,92.0,572.0
6889,-792.0,92.0,572.0
6906,-792.0,92.0,572.0
6922,-792.0,92.0,572.0
6938,-816.0,176.0,572.0
6955,-816.0,176.0,572.0
6972,-816.0,176.0,572.0
6988,-816.0,176.0,572.0
7005,-816.0,176.0,572.0
7022,-816.0,176.0,572.0
7039,-788.0,296.0,616.0
7055,-788.0,296.0,616.0
7072,-788.0,296.0,616.0
7090,-788.0,296.0,616.0
7105,-788.0,296.0,616.0
7123,-788.0,296.0,616.0
7139,-760.0,272.0,592.0
7156,-760.0,272.0,592.0
7172,-760.0,272.0,592.0
7189,-760.0,272.0,592.0
7206,-760.0,272.0,592.0
7222,-760.0,272.0,592.0
7239,-760.0,272.0,592.0
7256,-760.0,256.0,564.0
7272,-760.0,256.0,564.0
7288,-760.0,256.0,564.0
7305,-760.0,256.0,564.0
7322,-760.0,256.0,564.0
7339,-760.0,256.0,564.0
7356,-828.0,264.0,512.0
7373,-828.0,264.0,512.0
7389,-828.0,264.0,512.0
7405,-828.0,264.0,512.0
7422,-828.0,264.0,512.0
7439,-828.0,264.0,512.0
7455,-848.0,248.0,516.0
7473,-848.0,248.0,516.0
7490,-848.0,248.0,516.0
7506,-848.0,248.0,516.0
7523,-848.0,248.0,516.0
7539,-848.0,248.0,516.0
7556,-864.0,232.0,472.0
7572,-864.0,232.0,472.0
7589,-864.0,232.0,472.0
7605,-864.0,232.0,472.0
7622,-864.0,232.0,472.0
7639,-864.0,232.0,472.0
7655,-864.0,232.0,472.0
7672,-880.0,248.0,456.0
7689,-880.0,248.0,456.0
7705,-880.0,248.0,456.0
7722,-880.0,248.0,456.0
7738,-880.0,248.0,456.0
7755,-880.0,248.0,456.0
7773,-892.0,252.0,436.0
7790,-892.0,252.0,436.0
7805,-892.0,252.0,436.0
7822,-892.0,252.0,436.0
7838,-892.0,252.0,436.0
7856,-892.0,252.0,436.0
7872,-848.0,288.0,444.0
7889,-848.0,288.0,444.0
7906,-848.0,288.0,444.0
7921,-848.0,288.0,444.0
7938,-848.0,288.0,444.0
7955,-848.0,288.0,444.0
7973,-828.0,300.0,484.0
7997,-828.0,300.0,484.0
8015,-828.0,300.0,484.0
8031,-828.0,300.0,484.0
8048,-828.0,300.0,484.0
8064,-828.0,300.0,484.0
8081,-824.0,340.0,456.0
8097,-824.0,340.0,456.0
8115,-824.0,340.0,456.0
8131,-824.0,340.0,456.0
8147,-824.0,340.0,456.0
8164,-824.0,340.0,456.0
8180,-844.0,344.0,468.0
8197,-844.0,344.0,468.0
8214,-844.0,344.0,468.0
8231,-844.0,344.0,468.0
8247,-844.0,344.0,468.0
8264,-844.0,344.0,468.0
8281,-768.0,352.0,536.0
8297,-768.0,352.0,536.0
8313,-768.0,352.0,536.0
8331,-768.0,352.0,536.0
8347,-768.0,352.0,536.0
8364,-768.0,352.0,536.0
8380,-768.0,352.0,536.0
8397,-788.0,348.0,524.0
8413,-788.0,348.0,524.0
8430,-788.0,348.0,524.0
8448,-788.0,348.0,524.0
8464,-788.0,348.0,524.0
8481,-788.0,348.0,524.0
8498,-784.0,308.0,544.0
8514,-784.0,308.0,544.0
8530,-784.0,308.0,544.0
8548,-784.0,308.0,544.0
8564,-784.0,308.0,544.0
8581,-784.0,308.0,544.0
8597,-832.0,244.0,528.0
8614,-832.0,244.0,528.0
8630,-832.0,244.0,528.0
8648,-832.0,244.0,528.0
8664,-832.0,244.0,528.0
8680,-832.0,244.0,528.0
8697,-980.0,32.0,536.0
8715,-980.0,32.0,536.0
8731,-980.0,32.0,536.0
8747,-980.0,32.0,536.0
8764,-980.0,32.0,536.0
8781,-980.0,32.0,536.0
8798,-956.0,56.0,512.0
8815,-956.0,56.0,512.0
8831,-956.0,56.0,512.0
8848,-956.0,56.0,512.0
8864,-956.0,56.0,512.0
8880,-956.0,56.0,512.0
8897,-956.0,56.0,512.0
8915,-908.0,-12.0,468.0
8931,-908.0,-12.0,468.0
8948,-908.0,-12.0,468.0
8964,-908.0,-12.0,468.0
8981,-908.0,-12.0,468.0
8997,-908.0,-12.0,468.0
9015,-888.0,-36.0,452.0
9030,-888.0,-36.0,452.0
9048,-888.0,-36.0,452.0
9064,-888.0,-36.0,452.0
9081,-888.0,-36.0,452.0
9097,-888.0,-36.0,452.0
9114,-900.0,-40.0,472.0
9131,-900.0,-40.0,472.0
9148,-900.0,-40.0,472.0
9164,-900.0,-40.0,472.0
9181,-900.0,-40.0,472.0
9198,-900.0,-40.0,472.0
9214,-888.0,-8.0,544.0
9231,-888.0,-8.0,544.0
9248,-888.0,-8.0,544.0
9264,-888.0,-8.0,544.0
9282,-888.0,-8.0,544.0
9298,-888.0,-8.0,544.0
9315,-828.0,120.0,564.0
9332,-828.0,120.0,564.0
9348,-828.0,120.0,564.0
9364,-828.0,120.0,564.0
9381,-828.0,120.0,564.0
9397,-828.0,120.0,564.0
9414,-828.0,120.0,564.0
9431,-744.0,216.0,580.0
9447,-744.0,216.0,580.0
9464,-744.0,216.0,580.0
9481,-744.0,216.0,580.0
9497,-744.0,216.0,580.0
9514,-744.0,216.0,580.0
9531,-744.0,236.0,640.0
9548,-744.0,236.0,640.0
9564,-744.0,236.0,640.0
9581,-744.0,236.0,640.0
9598,-744.0,236.0,640.0
9614,-744.0,236.0,640.0
9631,-748.0,252.0,588.0
9648,-748.0,252.0,588.0
9664,-748.0,252.0,588.0
9681,-748.0,252.0,588.0
9698,-748.0,252.0,588.0
9714,-748.0,252.0,588.0
9731,-768.0,252.0,560.0
9748,-768.0,252.0,560.0
9765,-768.0,252.0,560.0
9781,-768.0,252.0,560.0
9798,-768.0,252.0,560.0
9814,-768.0,252.0,560.0
9831,-812.0,252.0,544.0
9847,-812.0,252.0,544.0
9865,-812.0,252.0,544.0
9881,-812.0,252.0,544.0
9898,-812.0,252.0,544.0
9915,-812.0,252.0,544.0
9931,-812.0,252.0,544.0
9948,-828.0,244.0,512.0
9965,-828.0,244.0,512.0
9981,-828.0,244.0,512.0
9998,-828.0,244.0,512.0
10015,-828.0,244.0,512.0
10031,-828.0,244.0,512.0
10048,-832.0,296.0,512.0
10065,-832.0,296.0,512.0
10081,-832.0,296.0,512.0
10098,-832.0,296.0,512.0
10115,-832.0,296.0,512.0
10131,-832.0,296.0,512.0
10148,-820.0,296.0,520.0
10165,-820.0,296.0,520.0
10181,-820.0,296.0,520.0
10198,-820.0,296.0,520.0
10214,-820.0,296.0,520.0
10231,-820.0,296.0,520.0
10248,-812.0,308.0,544.0
10265,-812.0,308.0,544.0
10281,-812.0,308.0,544.0
10298,-812.0,308.0,544.0
10314,-812.0,308.0,544.0
10331,-812.0,308.0,544.0
10349,-812.0,308.0,544.0
10365,-768.0,416.0,516.0
10382,-768.0,416.0,516.0
10398,-768.0,416.0,516.0
10415,-768.0,416.0,516.0
10431,-768.0,416.0,516.0
10448,-768.0,416.0,516.0
10464,-756.0,396.0,516.0
10482,-756.0,396.0,516.0
10498,-756.0,396.0,516.0
10514,-756.0,396.0,516.0
10531,-756.0,396.0,516.0
10548,-756.0,396.0,516.0
10565,-724.0,340.0,576.0
10581,-724.0,340.0,576.0
10598,-724.0,340.0,576.0
10615,-724.0,340.0,576.0
10631,-724.0,340.0,576.0
10647,-724.0,340.0,576.0
10664,-696.0,392.0,592.0
10680,-696.0,392.0,592.0
10698,-696.0,392.0,592.0
10714,-696.0,392.0,592.0
10731,-696.0,392.0,592.0
10747,-696.0,392.0,592.0
10765,-664.0,420.0,576.0
10782,-664.0,420.0,576.0
10798,-664.0,420.0,576.0
10814,-664.0,420.0,576.0
10832,-664.0,420.0,576.0
10848,-664.0,420.0,576.0
10865,-664.0,420.0,576.0
10882,-688.0,372.0,580.0
10898,-688.0,372.0,580.0
10914,-688.0,372.0,580.0
10931,-688.0,372.0,580.0
10948,-688.0,372.0,580.0
10965,-688.0,372.0,580.0
10981,-752.0,352.0,560.0
10998,-752.0,352.0,560.0
11015,-752.0,352.0,560.0
11031,-752.0,352.0,560.0
11048,-752.0,352.0,560.0
11065,-752.0,352.0,560.0
11081,-1032.0,236.0,620.0
11097,-1032.0,236.0,620.0
11115,-1032.0,236.0,620.0
11132,-1032.0,236.0,620.0
11148,-1032.0,236.0,620.0
11164,-1032.0,236.0,620.0
11181,-964.0,32.0,512.0
11198,-964.0,32.0,512.0
11215,-964.0,32.0,512.0
11232,-964.0,32.0,512.0
11248,-964.0,32.0,512.0
11265,-964.0,32.0,512.0
11282,-964.0,32.0,512.0
11298,-900.0,48.0,428.0
11315,-900.0,48.0,428.0
11331,-900.0,48.0,428.0
11348,-900.0,48.0,428.0
11365,-900.0,48.0,428.0
11381,-900.0,48.0,428.0
11398,-900.0,-4.0,440.0
11415,-900.0,-4.0,440.0
11431,-900.0,-4.0,440.0
11448,-900.0,-4.0,440.0
11464,-900.0,-4.0,440.0
11482,-900.0,-4.0,440.0
11500,-896.0,28.0,428.0
11518,-896.0,28.0,428.0
11537,-896.0,28.0,428.0
11555,-896.0,28.0,428.0
11573,-896.0,28.0,428.0
11589,-896.0,28.0,428.0
11606,-900.0,24.0,496.0
11622,-900.0,24.0,496.0
11639,-900.0,24.0,496.0
11655,-900.0,24.0,496.0
11673,-900.0,24.0,496.0
11690,-900.0,24.0,496.0
11706,-868.0,84.0,520.0
11723,-868.0,84.0,520.0
11739,-868.0,84.0,520.0
11756,-868.0,84.0,520.0
11772,-868.0,84.0,520.0
11789,-868.0,84.0,520.0
11806,-804.0,356.0,544.0
11823,-804.0,356.0,544.0
11839,-804.0,356.0,544.0
11855,-804.0,356.0,544.0
11872,-804.0,356.0,544.0
11889,-804.0,356.0,544.0
11905,-708.0,348.0,616.0
11922,-708.0,348.0,616.0
11939,-708.0,348.0,616.0
11956,-708.0,348.0,616.0
11972,-708.0,348.0,616.0
11989,-708.0,348.0,616.0
12006,-708.0,348.0,616.0
12022,-668.0,380.0,636.0
12039,-668.0,380.0,636.0
12056,-668.0,380.0,636.0
12072,-668.0,380.0,636.0
12089,-668.0,380.0,636.0
12106,-668.0,380.0,636.0
12122,-676.0,372.0,632.0
12139,-676.0,372.0,632.0
12156,-676.0,372.0,632.0
12173,-676.0,372.0,632.0
12190,-676.0,372.0,632.0
12205,-676.0,372.0,632.0
12223,-752.0,316.0,548.0
12239,-752.0,316.0,548.0
12256,-752.0,316.0,548.0
12272,-752.0,316.0,548.0
12289,-752.0,316.0,548.0
12306,-752.0,316.0,548.0
12323,-916.0,116.0,480.0
12340,-916.0,116.0,480.0
12356,-916.0,116.0,480.0
12373,-916.0,116.0,480.0
12389,-916.0,116.0,480.0
12406,-916.0,116.0,480.0
12422,-960.0,128.0,428.0
12439,-960.0,128.0,428.0
12456,-960.0,128.0,428.0
12472,-960.0,128.0,428.0
12490,-960.0,128.0,428.0
12505,-960.0,128.0,428.0
12523,-960.0,128.0,428.0
12539,-924.0,96.0,432.0
12556,-924.0,96.0,432.0
12573,-924.0,96.0,432.0
12590,-924.0,96.0,432.0
12607,-924.0,96.0,432.0
12623,-924.0,96.0,432.0
12640,-892.0,112.0,468.0
12656,-892.0,112.0,468.0
12673,-892.0,112.0,468.0
12689,-892.0,112.0,468.0
12706,-892.0,112.0,468.0
12722,-892.0,112.0,468.0
12740,-880.0,140.0,468.0
12756,-880.0,140.0,468.0
12773,-880.0,140.0,468.0
12789,-880.0,140.0,468.0
12805,-880.0,140.0,468.0
12823,-880.0,140.0,468.0
12839,-788.0,356.0,556.0
12856,-788.0,356.0,556.0
12872,-788.0,356.0,556.0
12889,-788.0,356.0,556.0
12906,-788.0,356.0,556.0
12922,-788.0,356.0,556.0
12940,-724.0,404.0,604.0
12957,-724.0,404.0,604.0
12973,-724.0,404.0,604.0
12989,-724.0,404.0,604.0
13006,-724.0,404.0,604.0
13022,-724.0,404.0,604.0
13039,-724.0,404.0,604.0
13057,-652.0,416.0,608.0
13073,-652.0,416.0,608.0
13090,-652.0,416.0,608.0
13106,-652.0,416.0,608.0
13123,-652.0,416.0,608.0
13139,-652.0,416.0,608.0
13156,-700.0,388.0,588.0
13173,-700.0,388.0,588.0
13190,-700.0,388.0,588.0
13206,-700.0,388.0,588.0
13223,-700.0,388.0,588.0
13240,-700.0,388.0,588.0
13256,-704.0,360.0,584.0
13273,-704.0,360.0,584.0
13289,-704.0,360.0,584.0
13306,-704.0,360.0,584.0
13322,-704.0,360.0,584.0
13340,-704.0,360.0,584.0
13356,-736.0,360.0,584.0
13373,-736.0,360.0,584.0
13390,-736.0,360.0,584.0
13406,-736.0,360.0,584.0
13423,-736.0,360.0,584.0
13439,-736.0,360.0,584.0
13456,-736.0,360.0,584.0
13472,-744.0,320.0,584.0
13490,-744.0,320.0,584.0
13506,-744.0,320.0,584.0
13523,-744.0,320.0,584.0
13540,-744.0,320.0,584.0
13556,-744.0,320.0,584.0
13573,-772.0,292.0,560.0
13590,-772.0,292.0,560.0
13607,-772.0,292.0,560.0
13623,-772.0,292.0,560.0
13639,-772.0,292.0,560.0
13657,-772.0,292.0,560.0
13673,-828.0,236.0,540.0
13690,-828.0,236.0,540.0
13705,-828.0,236.0,540.0
13723,-828.0,236.0,540.0
13739,-828.0,236.0,540.0
13756,-828.0,236.0,540.0
13774,-924.0,176.0,500.0
13789,-924.0,176.0,500.0
13805,-924.0,176.0,500.0
13824,-924.0,176.0,500.0
13840,-924.0,176.0,500.0
13857,-924.0,176.0,500.0
13873,-912.0,24.0,460.0
13890,-912.0,24.0,460.0
13907,-912.0,24.0,460.0
13924,-912.0,24.0,460.0
13940,-912.0,24.0,460.0
13957,-912.0,24.0,460.0
13973,-912.0,24.0,460.0
13989,-976.0,20.0,464.0
14006,-976.0,20.0,464.0
14023,-976.0,20.0,464.0
14039,-976.0,20.0,464.0
14055,-976.0,20.0,464.0
14072,-976.0,20.0,464.0
14089,-896.0,-76.0,472.0
14106,-896.0,-76.0,472.0
14123,-896.0,-76.0,472.0
14139,-896.0,-76.0,472.0
14156,-896.0,-76.0,472.0
14173,-896.0,-76.0,472.0
14190,-840.0,56.0,516.0
14206,-840.0,56.0,516.0
14223,-840.0,56.0,516.0
14240,-840.0,56.0,516.0
14257,-840.0,56.0,516.0
14273,-840.0,56.0,516.0
14290,-832.0,216.0,536.0
14307,-832.0,216.0,536.0
14323,-832.0,216.0,536.0
14340,-832.0,216.0,536.0
14355,-832.0,216.0,536.0
14372,-832.0,216.0,536.0
14389,-832.0,216.0,536.0
14407,-760.0,288.0,616.0
14422,-760.0,288.0,616.0
14440,-760.0,288.0,616.0
14456,-760.0,288.0,616.0
14473,-760.0,288.0,616.0
14489,-760.0,288.0,616.0
14506,-708.0,308.0,608.0
14523,-708.0,308.0,608.0
14540,-708.0,308.0,608.0
14556,-708.0,308.0,608.0
14573,-708.0,308.0,608.0
14590,-708.0,308.0,608.0
14606,-704.0,320.0,612.0
14623,-704.0,320.0,612.0
14639,-704.0,320.0,612.0
14657,-704.0,320.0,612.0
14674,-704.0,320.0,612.0
14690,-704.0,320.0,612.0
14707,-724.0,308.0,596.0
14723,-724.0,308.0,596.0
14740,-724.0,308.0,596.0
14756,-724.0,308.0,596.0
14773,-724.0,308.0,596.0
14790,-724.0,308.0,596.0
14806,-748.0,296.0,572.0
14823,-748.0,296.0,572.0
14839,-748.0,296.0,572.0
14856,-748.0,296.0,572.0
14873,-748.0,296.0,572.0
14889,-748.0,296.0,572.0
14906,-748.0,296.0,572.0
14923,-800.0,268.0,548.0
14939,-800.0,268.0,548.0
14957,-800.0,268.0,548.0
14972,-800.0,268.0,548.0
14990,-800.0,268.0,548.0
15006,-800.0,268.0,548.0
15023,-804.0,268.0,532.0
15040,-804.0,268.0,532.0
15056,-804.0,268.0,532.0
15073,-804.0,268.0,532.0
15090,-804.0,268.0,532.0
15106,-804.0,268.0,532.0
15123,-772.0,328.0,528.0
15139,-772.0,328.0,528.0
15156,-772.0,328.0,528.0
15173,-772.0,328.0,528.0
15191,-772.0,328.0,528.0
15210,-772.0,328.0,528.0
15228,-796.0,312.0,548.0
15246,-796.0,312.0,548.0
15264,-796.0,312.0,548.0
15280,-796.0,312.0,548.0
15298,-796.0,312.0,548.0
15314,-796.0,312.0,548.0
15331,-824.0,252.0,560.0
15347,-824.0,252.0,560.0
15364,-824.0,252.0,560.0
15379,-824.0,252.0,560.0
15397,-824.0,252.0,560.0
15413,-824.0,252.0,560.0
15431,-748.0,268.0,556.0
15447,-748.0,268.0,556.0
15464,-748.0,268.0,556.0
15480,-748.0,268.0,556.0
15497,-748.0,268.0,556.0
15514,-748.0,268.0,556.0
15530,-756.0,376.0,540.0
15547,-756.0,376.0,540.0
15564,-756.0,376.0,540.0
15580,-756.0,376.0,540.0
15597,-756.0,376.0,540.0
15613,-756.0,376.0,540.0
15630,-756.0,376.0,540.0
15647,-776.0,364.0,532.0
15663,-776.0,364.0,532.0
15680,-776.0,364.0,532.0
15697,-776.0,364.0,532.0
15713,-776.0,364.0,532.0
15730,-776.0,364.0,532.0
15746,-776.0,380.0,504.0
15763,-776.0,380.0,504.0
15780,-776.0,380.0,504.0
15797,-776.0,380.0,504.0
15813,-776.0,380.0,504.0
15830,-776.0,380.0,504.0
15847,-792.0,344.0,496.0
15863,-792.0,344.0,496.0
15880,-792.0,344.0,496.0
15897,-792.0,344.0,496.0
15913,-792.0,344.0,496.0
15930,-792.0,344.0,496.0
15946,-812.0,324.0,496.0
15964,-812.0,324.0,496.0
15980,-812.0,324.0,496.0
15996,-812.0,324.0,496.0
16014,-812.0,324.0,496.0
16030,-812.0,324.0,496.0
16047,-812.0,324.0,496.0
16063,-836.0,256.0,536.0
16080,-836.0,256.0,536.0
16097,-836.0,256.0,536.0
16114,-836.0,256.0,536.0
16131,-836.0,256.0,536.0
16147,-836.0,256.0,536.0
16163,-856.0,12.0,536.0
16180,-856.0,12.0,536.0
16196,-856.0,12.0,536.0
16214,-856.0,12.0,536.0
16231,-856.0,12.0,536.0
16247,-856.0,12.0,536.0
16263,-848.0,-28.0,544.0
16280,-848.0,-28.0,544.0
16296,-848.0,-28.0,544.0
16314,-848.0,-28.0,544.0
16330,-848.0,-28.0,544.0
16347,-848.0,-28.0,544.0
16363,-780.0,-108.0,568.0
16381,-780.0,-108.0,568.0
16397,-780.0,-108.0,568.0
16414,-780.0,-108.0,568.0
16430,-780.0,-108.0,568.0
16447,-780.0,-108.0,568.0
16464,-756.0,-124.0,656.0
16481,-756.0,-124.0,656.0
16497,-756.0,-124.0,656.0
16514,-756.0,-124.0,656.0
16530,-756.0,-124.0,656.0
16547,-756.0,-124.0,656.0
16564,-756.0,-124.0,656.0
16581,-720.0,0.0,768.0
16597,-720.0,0.0,768.0
16614,-720.0,0.0,768.0
16631,-720.0,0.0,768.0
16647,-720.0,0.0,768.0
16664,-720.0,0.0,768.0
16681,-644.0,-52.0,728.0
16698,-644.0,-52.0,728.0
16714,-644.0,-52.0,728.0
16731,-644.0,-52.0,728.0
16747,-644.0,-52.0,728.0
16764,-644.0,-52.0,728.0
16780,-732.0,168.0,712.0
16797,-732.0,168.0,712.0
16813,-732.0,168.0,712.0
16831,-732.0,168.0,712.0
16847,-732.0,168.0,712.0
16864,-732.0,168.0,712.0
16881,-740.0,136.0,652.0
16896,-740.0,136.0,652.0
16914,-740.0,136.0,652.0
16930,-740.0,136.0,652.0
16947,-740.0,136.0,652.0
16964,-740.0,136.0,652.0
16980,-768.0,168.0,560.0
16997,-768.0,168.0,560.0
17014,-768.0,168.0,560.0
17031,-768.0,168.0,560.0
17047,-768.0,168.0,560.0
17064,-768.0,168.0,560.0
17080,-768.0,168.0,560.0
17098,-808.0,232.0,556.0
17114,-808.0,232.0,556.0
17131,-808.0,232.0,556.0
17147,-808.0,232.0,556.0
17164,-808.0,232.0,556.0
17181,-808.0,232.0,556.0
17197,-832.0,224.0,500.0
17214,-832.0,224.0,500.0
17231,-832.0,224.0,500.0
17248,-832.0,224.0,500.0
17264,-832.0,224.0,500.0
17281,-832.0,224.0,500.0
17297,-844.0,200.0,504.0
17314,-844.0,200.0,504.0
17330,-844.0,200.0,504.0
17347,-844.0,200.0,504.0
17364,-844.0,200.0,504.0
17380,-844.0,200.0,504.0
17397,-832.0,264.0,516.0
17414,-832.0,264.0,516.0
17431,-832.0,264.0,516.0
17447,-832.0,264.0,516.0
17464,-832.0,264.0,516.0
17481,-832.0,264.0,516.0
17497,-820.0,240.0,536.0
17514,-820.0,240.0,536.0
17531,-820.0,240.0,536.0
17548,-820.0,240.0,536.0
17565,-820.0,240.0,536.0
17581,-820.0,240.0,536.0
17598,-820.0,240.0,536.0
17614,-792.0,268.0,524.0
17631,-792.0,268.0,524.0
17648,-792.0,268.0,524.0
17664,-792.0,268.0,524.0
17681,-792.0,268.0,524.0
17697,-792.0,268.0,524.0
17714,-796.0,300.0,536.0
17731,-796.0,300.0,536.0
17747,-796.0,300.0,536.0
17764,-796.0,300.0,536.0
17781,-796.0,300.0,536.0
17797,-796.0,300.0,536.0
17814,-752.0,332.0,568.0
17831,-752.0,332.0,568.0
17847,-752.0,332.0,568.0
17864,-752.0,332.0,568.0
17881,-752.0,332.0,568.0
17897,-752.0,332.0,568.0
17915,-756.0,316.0,580.0
17931,-756.0,316.0,580.0
17948,-756.0,316.0,580.0
17964,-756.0,316.0,580.0
17981,-756.0,316.0,580.0
17998,-756.0,316.0,580.0
18014,-756.0,316.0,580.0
18030,-760.0,276.0,584.0
18048,-760.0,276.0,584.0
18064,-760.0,276.0,584.0
18081,-760.0,276.0,584.0
18098,-760.0,276.0,584.0
18114,-760.0,276.0,584.0
18130,-776.0,192.0,576.0
18148,-776.0,192.0,576.0
18164,-776.0,192.0,576.0
18181,-776.0,192.0,576.0
18197,-776.0,192.0,576.0
18214,-776.0,192.0,576.0
18230,-776.0,232.0,564.0
18247,-776.0,232.0,564.0
18265,-776.0,232.0,564.0
18281,-776.0,232.0,564.0
18298,-776.0,232.0,564.0
18315,-776.0,232.0,564.0
18330,-780.0,260.0,548.0
18348,-780.0,260.0,548.0
18365,-780.0,260.0,548.0
18381,-780.0,260.0,548.0
18398,-780.0,260.0,548.0
18413,-780.0,260.0,548.0
18431,-876.0,212.0,536.0
18448,-876.0,212.0,536.0
18465,-876.0,212.0,536.0
18480,-876.0,212.0,536.0
18497,-876.0,212.0,536.0
18514,-876.0,212.0,536.0
18531,-876.0,212.0,536.0
18548,-872.0,68.0,552.0
18564,-872.0,68.0,552.0
18582,-872.0,68.0,552.0
18597,-872.0,68.0,552.0
18614,-872.0,68.0,552.0
18631,-872.0,68.0,552.0
18647,-900.0,60.0,528.0
18664,-900.0,60.0,528.0
18681,-900.0,60.0,528.0
18698,-900.0,60.0,528.0
18717,-900.0,60.0,528.0
18735,-900.0,60.0,528.0
18754,-868.0,8.0,512.0
18771,-868.0,8.0,512.0
18789,-868.0,8.0,512.0
18806,-868.0,8.0,512.0
18821,-868.0,8.0,512.0
18839,-868.0,8.0,512.0
18855,-852.0,32.0,548.0
18872,-852.0,32.0,548.0
18889,-852.0,32.0,548.0
18906,-852.0,32.0,548.0
18922,-852.0,32.0,548.0
18939,-852.0,32.0,548.0
18956,-832.0,32.0,584.0
18972,-832.0,32.0,584.0
18989,-832.0,32.0,584.0
19005,-832.0,32.0,584.0
19022,-832.0,32.0,584.0
19039,-832.0,32.0,584.0
19055,-788.0,76.0,584.0
19072,-788.0,76.0,584.0
19088,-788.0,76.0,584.0
19105,-788.0,76.0,584.0
19122,-788.0,76.0,584.0
19138,-788.0,76.0,584.0
19155,-736.0,204.0,652.0
19171,-736.0,204.0,652.0
19188,-736.0,204.0,652.0
19205,-736.0,204.0,652.0
19221,-736.0,204.0,652.0
19239,-736.0,204.0,652.0
19255,-736.0,204.0,652.0
19272,-696.0,272.0,672.0
19288,-696.0,272.0,672.0
19305,-696.0,272.0,672.0
19321,-696.0,272.0,672.0
19338,-696.0,272.0,672.0
19355,-696.0,272.0,672.0
19372,-704.0,288.0,652.0
19389,-704.0,288.0,652.0
19405,-704.0,288.0,652.0
19422,-704.0,288.0,652.0
19438,-704.0,288.0,652.0
19456,-704.0,288.0,652.0
19472,-716.0,284.0,640.0
19489,-716.0,284.0,640.0
19505,-716.0,284.0,640.0
19522,-716.0,284.0,640.0
19539,-716.0,284.0,640.0
19556,-716.0,284.0,640.0
19571,-732.0,308.0,588.0
19589,-732.0,308.0,588.0
19605,-732.0,308.0,588.0
19622,-732.0,308.0,588.0
19639,-732.0,308.0,588.0
19655,-732.0,308.0,588.0
19672,-772.0,308.0,572.0
19689,-772.0,308.0,572.0
19705,-772.0,308.0,572.0
19722,-772.0,308.0,572.0
19739,-772.0,308.0,572.0
19755,-772.0,308.0,572.0
19772,-772.0,308.0,572.0
19789,-752.0,348.0,556.0
19805,-752.0,348.0,556.0
19822,-752.0,348.0,556.0
19839,-752.0,348.0,556.0
19855,-752.0,348.0,556.0
19872,-752.0,348.0,556.0
19889,-720.0,400.0,540.0
19905,-720.0,400.0,540.0
19922,-720.0,400.0,540.0
19939,-720.0,400.0,540.0
19955,-720.0,400.0,540.0
19973,-720.0,400.0,540.0
19989,-740.0,396.0,560.0
20006,-740.0,396.0,560.0
20022,-740.0,396.0,560.0
20039,-740.0,396.0,560.0
20055,-740.0,396.0,560.0
20072,-740.0,396.0,560.0
20089,-784.0,368.0,528.0
20105,-784.0,368.0,528.0
20122,-784.0,368.0,528.0
20138,-784.0,368.0,528.0
20156,-784.0,368.0,528.0
20172,-784.0,368.0,528.0
20189,-784.0,368.0,528.0
20205,-744.0,376.0,552.0
20222,-744.0,376.0,552.0
20239,-744.0,376.0,552.0
20255,-744.0,376.0,552.0
20273,-744.0,376.0,552.0
20289,-744.0,376.0,552.0
20306,-768.0,352.0,556.0
20322,-768.0,352.0,556.0
20339,-768.0,352.0,556.0
20355,-768.0,352.0,556.0
20372,-768.0,352.0,556.0
20389,-768.0,352.0,556.0
20406,-748.0,408.0,524.0
20422,-748.0,408.0,524.0
20439,-748.0,408.0,524.0
20455,-748.0,408.0,524.0
20472,-748.0,408.0,524.0
20489,-748.0,408.0,524.0
20505,-732.0,388.0,524.0
20523,-732.0,388.0,524.0
20538,-732.0,388.0,524.0
20556,-732.0,388.0,524.0
20572,-732.0,388.0,524.0
20589,-732.0,388.0,524.0
20606,-756.0,376.0,552.0
20622,-756.0,376.0,552.0
20639,-756.0,376.0,552.0
20655,-756.0,376.0,552.0
20673,-756.0,376.0,552.0
20689,-756.0,376.0,552.0
20706,-756.0,376.0,552.0
20722,-776.0,320.0,572.0
20739,-776.0,320.0,572.0
20755,-776.0,320.0,572.0
20772,-776.0,320.0,572.0
20789,-776.0,320.0,572.0
20806,-776.0,320.0,572.0
20822,-760.0,324.0,556.0
20839,-760.0,324.0,556.0
20855,-760.0,324.0,556.0
20872,-760.0,324.0,556.0
20889,-760.0,324.0,556.0
20905,-760.0,324.0,556.0
20922,-736.0,312.0,576.0
20939,-736.0,312.0,576.0
20955,-736.0,312.0,576.0
20973,-736.0,312.0,576.0
20988,-736.0,312.0,576.0
21006,-736.0,312.0,576.0
21023,-744.0,356.0,560.0
21039,-744.0,356.0,560.0
21056,-744.0,356.0,560.0
21072,-744.0,356.0,560.0
21089,-744.0,356.0,560.0
21105,-744.0,356.0,560.0
21121,-744.0,356.0,560.0
21139,-752.0,368.0,524.0
21156,-752.0,368.0,524.0
21173,-752.0,368.0,524.0
21189,-752.0,368.0,524.0
21206,-752.0,368.0,524.0
21223,-752.0,368.0,524.0
21239,-796.0,332.0,508.0
21255,-796.0,332.0,508.0
21272,-796.0,332.0,508.0
21289,-796.0,332.0,508.0
21305,-796.0,332.0,508.0
21322,-796.0,332.0,508.0
21339,-844.0,308.0,456.0
21355,-844.0,308.0,456.0
21372,-844.0,308.0,456.0
21390,-844.0,308.0,456.0
21406,-844.0,308.0,456.0
21422,-844.0,308.0,456.0
21439,-896.0,256.0,512.0
21456,-896.0,256.0,512.0
21473,-896.0,256.0,512.0
21489,-896.0,256.0,512.0
21505,-896.0,256.0,512.0
21522,-896.0,256.0,512.0
21539,-864.0,156.0,512.0
21556,-864.0,156.0,512.0
21573,-864.0,156.0,512.0
21589,-864.0,156.0,512.0
21606,-864.0,156.0,512.0
21622,-864.0,156.0,512.0
21639,-864.0,156.0,512.0
21655,-916.0,124.0,500.0
21672,-916.0,124.0,500.0
21689,-916.0,124.0,500.0
21706,-916.0,124.0,500.0
21722,-916.0,124.0,500.0
21739,-916.0,124.0,500.0
21756,-948.0,128.0,524.0
21772,-948.0,128.0,524.0
21789,-948.0,128.0,524.0
21805,-948.0,128.0,524.0
21823,-948.0,128.0,524.0
21839,-948.0,128.0,524.0
21856,-808.0,92.0,540.0
21872,-808.0,92.0,540.0
21889,-808.0,92.0,540.0
21905,-808.0,92.0,540.0
21923,-808.0,92.0,540.0
21940,-808.0,92.0,540.0
21956,-832.0,136.0,564.0
21973,-832.0,136.0,564.0
21989,-832.0,136.0,564.0
22006,-832.0,136.0,564.0
22023,-832.0,136.0,564.0
22039,-832.0,136.0,564.0
22056,-888.0,104.0,544.0
22072,-888.0,104.0,544.0
22089,-888.0,104.0,544.0
22105,-888.0,104.0,544.0
22122,-888.0,104.0,544.0
22139,-888.0,104.0,544.0
22156,-888.0,104.0,544.0
22172,-868.0,8.0,536.0
22189,-868.0,8.0,536.0
22206,-868.0,8.0,536.0
22222,-868.0,8.0,536.0
22238,-868.0,8.0,536.0
22256,-868.0,8.0,536.0
22273,-848.0,16.0,548.0
22289,-848.0,16.0,548.0
22306,-848.0,16.0,548.0
22323,-848.0,16.0,548.0
22339,-848.0,16.0,548.0
22356,-848.0,16.0,548.0
22374,-932.0,140.0,544.0
22392,-932.0,140.0,544.0
22410,-932.0,140.0,544.0
22429,-932.0,140.0,544.0
22446,-932.0,140.0,544.0
22463,-932.0,140.0,544.0
22480,-748.0,344.0,568.0
22497,-748.0,344.0,568.0
22514,-748.0,344.0,568.0
22530,-748.0,344.0,568.0
22546,-748.0,344.0,568.0
22563,-748.0,344.0,568.0
22580,-772.0,344.0,536.0
22597,-772.0,344.0,536.0
22613,-772.0,344.0,536.0
22629,-772.0,344.0,536.0
22647,-772.0,344.0,536.0
22663,-772.0,344.0,536.0
22679,-752.0,392.0,536.0
22696,-752.0,392.0,536.0
22713,-752.0,392.0,536.0
22730,-752.0,392.0,536.0
22746,-752.0,392.0,536.0
22763,-752.0,392.0,536.0
22779,-752.0,392.0,536.0
22796,-732.0,380.0,528.0
22813,-732.0,380.0,528.0
22829,-732.0,380.0,528.0
22846,-732.0,380.0,528.0
22863,-732.0,380.0,528.0
22879,-732.0,380.0,528.0
22896,-776.0,372.0,532.0
22913,-776.0,372.0,532.0
22930,-776.0,372.0,532.0
22946,-776.0,372.0,532.0
22963,-776.0,372.0,532.0
22979,-776.0,372.0,532.0
22996,-812.0,328.0,528.0
23013,-812.0,328.0,528.0
23029,-812.0,328.0,528.0
23046,-812.0,328.0,528.0
23063,-812.0,328.0,528.0
23079,-812.0,328.0,528.0
23096,-784.0,352.0,516.0
23114,-784.0,352.0,516.0
23130,-784.0,352.0,516.0
23147,-784.0,352.0,516.0
23163,-784.0,352.0,516.0
23180,-784.0,352.0,516.0
23196,-764.0,372.0,516.0
23213,-764.0,372.0,516.0
23230,-764.0,372.0,516.0
23246,-764.0,372.0,516.0
23263,-764.0,372.0,516.0
23280,-764.0,372.0,516.0
23296,-764.0,372.0,516.0
23313,-788.0,352.0,528.0
23330,-788.0,352.0,528.0
23346,-788.0,352.0,528.0
23363,-788.0,352.0,528.0
23379,-788.0,352.0,528.0
23397,-788.0,352.0,528.0
23413,-780.0,332.0,524.0
23430,-780.0,332.0,524.0
23446,-780.0,332.0,524.0
23463,-780.0,332.0,524.0
23480,-780.0,332.0,524.0
23496,-780.0,332.0,524.0
23513,-756.0,384.0,536.0
23529,-756.0,384.0,536.0
23547,-756.0,384.0,536.0
23563,-756.0,384.0,536.0
23580,-756.0,384.0,536.0
23596,-756.0,384.0,536.0
23614,-752.0,416.0,520.0
23629,-752.0,416.0,520.0
23647,-752.0,416.0,520.0
23664,-752.0,416.0,520.0
23680,-752.0,416.0,520.0
23697,-752.0,416.0,520.0
23713,-752.0,416.0,520.0
23730,-784.0,360.0,528.0
23746,-784.0,360.0,528.0
23763,-784.0,360.0,528.0
23780,-784.0,360.0,528.0
23797,-784.0,360.0,528.0
23813,-784.0,360.0,528.0
23830,-768.0,392.0,516.0
23846,-768.0,392.0,516.0
23863,-768.0,392.0,516.0
23879,-768.0,392.0,516.0
23896,-768.0,392.0,516.0
23913,-768.0,392.0,516.0
23930,-768.0,388.0,504.0
23947,-768.0,388.0,504.0
23964,-768.0,388.0,504.0
23979,-768.0,388.0,504.0
23997,-768.0,388.0,504.0
24013,-768.0,388.0,504.0
24030,-776.0,396.0,504.0
24046,-776.0,396.0,504.0
24063,-776.0,396.0,504.0
24080,-776.0,396.0,504.0
24097,-776.0,396.0,504.0
24113,-776.0,396.0,504.0
24130,-788.0,332.0,536.0
24146,-788.0,332.0,536.0
24163,-788.0,332.0,536.0
24180,-788.0,332.0,536.0
24197,-788.0,332.0,536.0
24213,-788.0,332.0,536.0
24230,-788.0,332.0,536.0
24247,-768.0,348.0,536.0
24263,-768.0,348.0,536.0
24280,-768.0,348.0,536.0
24296,-768.0,348.0,536.0
24314,-768.0,348.0,536.0
24330,-768.0,348.0,536.0
24347,-776.0,380.0,508.0
24363,-776.0,380.0,508.0
24380,-776.0,380.0,508.0
24397,-776.0,380.0,508.0
24413,-776.0,380.0,508.0
24430,-776.0,380.0,508.0
24446,-796.0,348.0,496.0
24464,-796.0,348.0,496.0
24480,-796.0,348.0,496.0
24497,-796.0,348.0,496.0
24514,-796.0,348.0,496.0
24530,-796.0,348.0,496.0
24547,-792.0,364.0,484.0
24563,-792.0,364.0,484.0
24580,-792.0,364.0,484.0
24596,-792.0,364.0,484.0
24613,-792.0,364.0,484.0
24630,-792.0,364.0,484.0
24646,-772.0,376.0,496.0
24663,-772.0,376.0,496.0
24681,-772.0,376.0,496.0
24696,-772.0,376.0,496.0
24713,-772.0,376.0,496.0
24731,-772.0,376.0,496.0
24747,-772.0,376.0,496.0
24764,-780.0,380.0,504.0
24780,-780.0,380.0,504.0
24797,-780.0,380.0,504.0
24813,-780.0,380.0,504.0
24830,-780.0,380.0,504.0
24847,-780.0,380.0,504.0
24863,-828.0,376.0,476.0
24881,-828.0,376.0,476.0
24897,-828.0,376.0,476.0
24913,-828.0,376.0,476.0
24930,-828.0,376.0,476.0
24947,-828.0,376.0,476.0
24963,-812.0,388.0,404.0
24980,-812.0,388.0,404.0
24997,-812.0,388.0,404.0
25014,-812.0,388.0,404.0
25030,-812.0,388.0,404.0
25047,-812.0,388.0,404.0
25064,-848.0,392.0,352.0
25080,-848.0,392.0,352.0
25097,-848.0,392.0,352.0
25114,-848.0,392.0,352.0
25130,-848.0,392.0,352.0
25148,-848.0,392.0,352.0
25163,-848.0,392.0,352.0
25180,-904.0,340.0,284.0
25198,-904.0,340.0,284.0
25214,-904.0,340.0,284.0
25229,-904.0,340.0,284.0
25247,-904.0,340.0,284.0
25264,-904.0,340.0,284.0
25280,-952.0,312.0,204.0
25297,-952.0,312.0,204.0
25313,-952.0,312.0,204.0
25330,-952.0,312.0,204.0
25346,-952.0,312.0,204.0
25364,-952.0,312.0,204.0
25380,-1008.0,268.0,148.0
25398,-1008.0,268.0,148.0
25413,-1008.0,268.0,148.0
25430,-1008.0,268.0,148.0
25447,-1008.0,268.0,148.0
25463,-1008.0,268.0,148.0
25480,-1016.0,256.0,120.0
25497,-1016.0,256.0,120.0
25514,-1016.0,256.0,120.0
25531,-1016.0,256.0,120.0
25547,-1016.0,256.0,120.0
25564,-1016.0,256.0,120.0
25580,-1196.0,64.0,104.0
25596,-1196.0,64.0,104.0
25614,-1196.0,64.0,104.0
25630,-1196.0,64.0,104.0
25647,-1196.0,64.0,104.0
25664,-1196.0,64.0,104.0
25680,-1196.0,64.0,104.0
