MILLIS,X,Y,Z
1348,-968.0,120.0,296.0
1474,-888.0,336.0,440.0
1488,-888.0,336.0,440.0
1503,-888.0,336.0,440.0
1520,-888.0,336.0,440.0
1538,-888.0,336.0,440.0
1555,-888.0,336.0,440.0
1571,-812.0,408.0,448.0
1588,-812.0,408.0,448.0
1605,-812.0,408.0,448.0
1621,-812.0,408.0,448.0
1638,-812.0,408.0,448.0
1654,-812.0,408.0,448.0
1670,-808.0,388.0,460.0
1688,-808.0,388.0,460.0
1704,-808.0,388.0,460.0
1721,-808.0,388.0,460.0
1737,-808.0,388.0,460.0
1754,-808.0,388.0,460.0
1771,-780.0,388.0,476.0
1787,-780.0,388.0,476.0
1803,-780.0,388.0,476.0
1821,-780.0,388.0,476.0
1838,-780.0,388.0,476.0
1854,-780.0,388.0,476.0
1870,-800.0,344.0,484.0
1887,-800.0,344.0,484.0
1904,-800.0,344.0,484.0
1920,-800.0,344.0,484.0
1937,-800.0,344.0,484.0
1954,-800.0,344.0,484.0
1970,-800.0,344.0,484.0
1987,-812.0,360.0,468.0
2004,-812.0,360.0,468.0
2020,-812.0,360.0,468.0
2036,-812.0,360.0,468.0
2054,-812.0,360.0,468.0
2071,-812.0,360.0,468.0
2087,-820.0,408.0,412.0
2103,-820.0,408.0,412.0
2120,-820.0,408.0,412.0
2137,-820.0,408.0,412.0
2153,-820.0,408.0,412.0
2170,-820.0,408.0,412.0
2187,-836.0,412.0,364.0
2204,-836.0,412.0,364.0
2221,-836.0,412.0,364.0
2238,-836.0,412.0,364.0
2254,-836.0,412.0,364.0
2271,-836.0,412.0,364.0
2287,-944.0,292.0,316.0
2303,-944.0,292.0,316.0
2321,-944.0,292.0,316.0
2337,-944.0,292.0,316.0
2354,-944.0,292.0,316.0
2371,-944.0,292.0,316.0
2388,-988.0,304.0,276.0
2404,-988.0,304.0,276.0
2421,-988.0,304.0,276.0
2437,-988.0,304.0,276.0
2454,-988.0,304.0,276.0
2471,-988.0,304.0,276.0
2487,-988.0,304.0,276.0
2505,-1016.0,176.0,256.0
2521,-1016.0,176.0,256.0
2537,-1016.0,176.0,256.0
2554,-1016.0,176.0,256.0
2571,-1016.0,176.0,256.0
2587,-1016.0,176.0,256.0
2604,-1080.0,112.0,264.0
2620,-1080.0,112.0,264.0
2638,-1080.0,112.0,264.0
2654,-1080.0,112.0,264.0
2671,-1080.0,112.0,264.0
2688,-1080.0,112.0,264.0
2704,-1028.0,-28.0,212.0
2721,-1028.0,-28.0,212.0
2737,-1028.0,-28.0,212.0
2755,-1028.0,-28.0,212.0
2771,-1028.0,-28.0,212.0
2787,-1028.0,-28.0,212.0
2804,-992.0,16.0,176.0
2821,-992.0,16.0,176.0
2837,-992.0,16.0,176.0
2854,-992.0,16.0,176.0
2871,-992.0,16.0,176.0
2888,-992.0,16.0,176.0
2904,-992.0,16.0,176.0
2921,-1028.0,76.0,148.0
2937,-1028.0,76.0,148.0
2954,-1028.0,76.0,148.0
2971,-1028.0,76.0,148.0
2987,-1028.0,76.0,148.0
3004,-1028.0,76.0,148.0
3021,-1052.0,16.0,156.0
3037,-1052.0,16.0,156.0
3054,-1052.0,16.0,156.0
3071,-1052.0,16.0,156.0
3088,-1052.0,16.0,156.0
3104,-1052.0,16.0,156.0
3121,-1032.0,20.0,148.0
3137,-1032.0,20.0,148.0
3154,-1032.0,20.0,148.0
3171,-1032.0,20.0,148.0
3187,-1032.0,20.0,148.0
3204,-1032.0,20.0,148.0
3220,-1016.0,60.0,136.0
3237,-1016.0,60.0,136.0
3253,-1016.0,60.0,136.0
3270,-1016.0,60.0,136.0
3288,-1016.0,60.0,136.0
3304,-1016.0,60.0,136.0
3320,-1052.0,68.0,136.0
3337,-1052.0,68.0,136.0
3353,-1052.0,68.0,136.0
3370,-1052.0,68.0,136.0
3387,-1052.0,68.0,136.0
3403,-1052.0,68.0,136.0
3420,-1052.0,68.0,136.0
3437,-1076.0,116.0,132.0
3454,-1076.0,116.0,132.0
3471,-1076.0,116.0,132.0
3488,-1076.0,116.0,132.0
3504,-1076.0,116.0,132.0
3521,-1076.0,116.0,132.0
3537,-992.0,264.0,220.0
3554,-992.0,264.0,220.0
3571,-992.0,264.0,220.0
3588,-992.0,264.0,220.0
3604,-992.0,264.0,220.0
3621,-992.0,264.0,220.0
3638,-952.0,316.0,232.0
3654,-952.0,316.0,232.0
3670,-952.0,316.0,232.0
3687,-952.0,316.0,232.0
3704,-952.0,316.0,232.0
3721,-952.0,316.0,232.0
3737,-928.0,348.0,264.0
3754,-928.0,348.0,264.0
3770,-928.0,348.0,264.0
3787,-928.0,348.0,264.0
3804,-928.0,348.0,264.0
3821,-928.0,348.0,264.0
3838,-952.0,352.0,264.0
3854,-952.0,352.0,264.0
3871,-952.0,352.0,264.0
3888,-952.0,352.0,264.0
3904,-952.0,352.0,264.0
3920,-952.0,352.0,264.0
3938,-952.0,352.0,264.0
3954,-940.0,376.0,236.0
3971,-940.0,376.0,236.0
3987,-940.0,376.0,236.0
4004,-940.0,376.0,236.0
4020,-940.0,376.0,236.0
4037,-940.0,376.0,236.0
4054,-928.0,388.0,208.0
4070,-928.0,388.0,208.0
4087,-928.0,388.0,208.0
4104,-928.0,388.0,208.0
4121,-928.0,388.0,208.0
4137,-928.0,388.0,208.0
4154,-936.0,380.0,208.0
4171,-936.0,380.0,208.0
4188,-936.0,380.0,208.0
4205,-936.0,380.0,208.0
4220,-936.0,380.0,208.0
4237,-936.0,380.0,208.0
4253,-920.0,360.0,204.0
4270,-920.0,360.0,204.0
4287,-920.0,360.0,204.0
4304,-920.0,360.0,204.0
4320,-920.0,360.0,204.0
4338,-920.0,360.0,204.0
4354,-920.0,360.0,204.0
4371,-972.0,276.0,208.0
4387,-972.0,276.0,208.0
4404,-972.0,276.0,208.0
4421,-972.0,276.0,208.0
4438,-972.0,276.0,208.0
4454,-972.0,276.0,208.0
4470,-1040.0,220.0,212.0
4488,-1040.0,220.0,212.0
4504,-1040.0,220.0,212.0
4521,-1040.0,220.0,212.0
4537,-1040.0,220.0,212.0
4554,-1040.0,220.0,212.0
4571,-1040.0,124.0,132.0
4587,-1040.0,124.0,132.0
4604,-1040.0,124.0,132.0
4622,-1040.0,124.0,132.0
4637,-1040.0,124.0,132.0
4654,-1040.0,124.0,132.0
4670,-1096.0,64.0,96.0
4688,-1096.0,64.0,96.0
4705,-1096.0,64.0,96.0
4720,-1096.0,64.0,96.0
4737,-1096.0,64.0,96.0
4754,-1096.0,64.0,96.0
4771,-1028.0,-32.0,72.0
4787,-1028.0,-32.0,72.0
4804,-1028.0,-32.0,72.0
4821,-1028.0,-32.0,72.0
4837,-1028.0,-32.0,72.0
4854,-1028.0,-32.0,72.0
4871,-1028.0,-32.0,72.0
4888,-1024.0,-12.0,88.0
4904,-1024.0,-12.0,88.0
4921,-1024.0,-12.0,88.0
4937,-1024.0,-12.0,88.0
4954,-1024.0,-12.0,88.0
4972,-1024.0,-12.0,88.0
4991,-1052.0,16.0,88.0
5010,-1052.0,16.0,88.0
5028,-1052.0,16.0,88.0
5045,-1052.0,16.0,88.0
5061,-1052.0,16.0,88.0
5079,-1052.0,16.0,88.0
5096,-1048.0,4.0,84.0
5112,-1048.0,4.0,84.0
5129,-1048.0,4.0,84.0
5146,-1048.0,4.0,84.0
5161,-1048.0,4.0,84.0
5179,-1048.0,4.0,84.0
5196,-1068.0,52.0,124.0
5212,-1068.0,52.0,124.0
5229,-1068.0,52.0,124.0
5245,-1068.0,52.0,124.0
5262,-1068.0,52.0,124.0
5278,-1068.0,52.0,124.0
5295,-1008.0,72.0,136.0
5311,-1008.0,72.0,136.0
5328,-1008.0,72.0,136.0
5345,-1008.0,72.0,136.0
5362,-1008.0,72.0,136.0
5379,-1008.0,72.0,136.0
5395,-1032.0,156.0,204.0
5411,-1032.0,156.0,204.0
5428,-1032.0,156.0,204.0
5445,-1032.0,156.0,204.0
5462,-1032.0,156.0,204.0
5478,-1032.0,156.0,204.0
5496,-1004.0,180.0,252.0
5511,-1004.0,180.0,252.0
5528,-1004.0,180.0,252.0
5545,-1004.0,180.0,252.0
5562,-1004.0,180.0,252.0
5578,-1004.0,180.0,252.0
5595,-1004.0,180.0,252.0
5612,-944.0,288.0,280.0
5629,-944.0,288.0,280.0
5644,-944.0,288.0,280.0
5662,-944.0,288.0,280.0
5679,-944.0,288.0,280.0
5695,-944.0,288.0,280.0
5712,-944.0,296.0,284.0
5729,-944.0,296.0,284.0
5745,-944.0,296.0,284.0
5761,-944.0,296.0,284.0
5779,-944.0,296.0,284.0
5795,-944.0,296.0,284.0
5812,-940.0,332.0,276.0
5829,-940.0,332.0,276.0
5845,-940.0,332.0,276.0
5861,-940.0,332.0,276.0
5878,-940.0,332.0,276.0
5896,-940.0,332.0,276.0
5911,-944.0,332.0,276.0
5928,-944.0,332.0,276.0
5945,-944.0,332.0,276.0
5962,-944.0,332.0,276.0
5978,-944.0,332.0,276.0
5995,-944.0,332.0,276.0
6011,-944.0,332.0,276.0
6029,-932.0,336.0,260.0
6046,-932.0,336.0,260.0
6062,-932.0,336.0,260.0
6078,-932.0,336.0,260.0
6096,-932.0,336.0,260.0
6112,-932.0,336.0,260.0
6128,-928.0,352.0,252.0
6146,-928.0,352.0,252.0
6162,-928.0,352.0,252.0
6179,-928.0,352.0,252.0
6195,-928.0,352.0,252.0
6212,-928.0,352.0,252.0
6228,-936.0,324.0,248.0
6246,-936.0,324.0,248.0
6262,-936.0,324.0,248.0
6278,-936.0,324.0,248.0
6296,-936.0,324.0,248.0
6312,-936.0,324.0,248.0
6329,-956.0,260.0,224.0
6345,-956.0,260.0,224.0
6362,-956.0,260.0,224.0
6378,-956.0,260.0,224.0
6395,-956.0,260.0,224.0
6411,-956.0,260.0,224.0
6429,-1120.0,136.0,236.0
6446,-1120.0,136.0,236.0
6462,-1120.0,136.0,236.0
6479,-1120.0,136.0,236.0
6495,-1120.0,136.0,236.0
6512,-1120.0,136.0,236.0
6529,-1120.0,136.0,236.0
6545,-1068.0,120.0,112.0
6562,-1068.0,120.0,112.0
6579,-1068.0,120.0,112.0
6596,-1068.0,120.0,112.0
6612,-1068.0,120.0,112.0
6629,-1068.0,120.0,112.0
6646,-1104.0,0.0,88.0
6662,-1104.0,0.0,88.0
6679,-1104.0,0.0,88.0
6695,-1104.0,0.0,88.0
6712,-1104.0,0.0,88.0
6729,-1104.0,0.0,88.0
6746,-1040.0,-52.0,60.0
6763,-1040.0,-52.0,60.0
6779,-1040.0,-52.0,60.0
6795,-1040.0,-52.0,60.0
6812,-1040.0,-52.0,60.0
6829,-1040.0,-52.0,60.0
6846,-1024.0,-60.0,48.0
6862,-1024.0,-60.0,48.0
6879,-1024.0,-60.0,48.0
6896,-1024.0,-60.0,48.0
6912,-1024.0,-60.0,48.0
6929,-1024.0,-60.0,48.0
6946,-1052.0,-36.0,92.0
6962,-1052.0,-36.0,92.0
6979,-1052.0,-36.0,92.0
6996,-1052.0,-36.0,92.0
7013,-1052.0,-36.0,92.0
7029,-1052.0,-36.0,92.0
7046,-1052.0,-36.0,92.0
7062,-1052.0,-20.0,120.0
7079,-1052.0,-20.0,120.0
7096,-1052.0,-20.0,120.0
7112,-1052.0,-20.0,120.0
7129,-1052.0,-20.0,120.0
7145,-1052.0,-20.0,120.0
7162,-1028.0,-56.0,120.0
7179,-1028.0,-56.0,120.0
7196,-1028.0,-56.0,120.0
7213,-1028.0,-56.0,120.0
7229,-1028.0,-56.0,120.0
7246,-1028.0,-56.0,120.0
7262,-1052.0,-20.0,180.0
7279,-1052.0,-20.0,180.0
7295,-1052.0,-20.0,180.0
7313,-1052.0,-20.0,180.0
7329,-1052.0,-20.0,180.0
7346,-1052.0,-20.0,180.0
7362,-1008.0,64.0,252.0
7379,-1008.0,64.0,252.0
7396,-1008.0,64.0,252.0
7412,-1008.0,64.0,252.0
7429,-1008.0,64.0,252.0
7446,-1008.0,64.0,252.0
7462,-1008.0,64.0,252.0
7479,-980.0,172.0,264.0
7495,-980.0,172.0,264.0
7512,-980.0,172.0,264.0
7529,-980.0,172.0,264.0
7546,-980.0,172.0,264.0
7562,-980.0,172.0,264.0
7579,-976.0,228.0,304.0
7595,-976.0,228.0,304.0
7612,-976.0,228.0,304.0
7630,-976.0,228.0,304.0
7646,-976.0,228.0,304.0
7662,-976.0,228.0,304.0
7679,-940.0,336.0,296.0
7696,-940.0,336.0,296.0
7712,-940.0,336.0,296.0
7728,-940.0,336.0,296.0
7745,-940.0,336.0,296.0
7763,-940.0,336.0,296.0
7779,-892.0,348.0,324.0
7796,-892.0,348.0,324.0
7813,-892.0,348.0,324.0
7829,-892.0,348.0,324.0
7845,-892.0,348.0,324.0
7862,-892.0,348.0,324.0
7879,-896.0,392.0,288.0
7896,-896.0,392.0,288.0
7912,-896.0,392.0,288.0
7929,-896.0,392.0,288.0
7945,-896.0,392.0,288.0
7962,-896.0,392.0,288.0
7978,-896.0,392.0,288.0
7996,-912.0,368.0,272.0
8012,-912.0,368.0,272.0
8029,-912.0,368.0,272.0
8045,-912.0,368.0,272.0
8063,-912.0,368.0,272.0
8079,-912.0,368.0,272.0
8096,-940.0,348.0,256.0
8113,-940.0,348.0,256.0
8129,-940.0,348.0,256.0
8145,-940.0,348.0,256.0
8162,-940.0,348.0,256.0
8179,-940.0,348.0,256.0
8196,-960.0,308.0,224.0
8212,-960.0,308.0,224.0
8229,-960.0,308.0,224.0
8246,-960.0,308.0,224.0
8263,-960.0,308.0,224.0
8279,-960.0,308.0,224.0
8296,-968.0,324.0,216.0
8312,-968.0,324.0,216.0
8329,-968.0,324.0,216.0
8346,-968.0,324.0,216.0
8363,-968.0,324.0,216.0
8378,-968.0,324.0,216.0
8396,-976.0,292.0,204.0
8413,-976.0,292.0,204.0
8429,-976.0,292.0,204.0
8446,-976.0,292.0,204.0
8462,-976.0,292.0,204.0
8480,-976.0,292.0,204.0
8496,-976.0,292.0,204.0
8512,-992.0,276.0,204.0
8529,-992.0,276.0,204.0
8545,-992.0,276.0,204.0
8563,-992.0,276.0,204.0
8586,-992.0,276.0,204.0
8603,-1028.0,200.0,144.0
8620,-1028.0,200.0,144.0
8637,-1028.0,200.0,144.0
8653,-1028.0,200.0,144.0
8670,-1028.0,200.0,144.0
8687,-1028.0,200.0,144.0
8703,-1028.0,200.0,144.0
8720,-1084.0,112.0,132.0
8737,-1084.0,112.0,132.0
8754,-1084.0,112.0,132.0
8770,-1084.0,112.0,132.0
8787,-1084.0,112.0,132.0
8803,-1084.0,112.0,132.0
8820,-1072.0,40.0,100.0
8836,-1072.0,40.0,100.0
8853,-1072.0,40.0,100.0
8870,-1072.0,40.0,100.0
8886,-1072.0,40.0,100.0
8903,-1072.0,40.0,100.0
8920,-1036.0,4.0,112.0
8937,-1036.0,4.0,112.0
8953,-1036.0,4.0,112.0
8970,-1036.0,4.0,112.0
8986,-1036.0,4.0,112.0
9003,-1036.0,4.0,112.0
9019,-1032.0,-8.0,100.0
9037,-1032.0,-8.0,100.0
9054,-1032.0,-8.0,100.0
9069,-1032.0,-8.0,100.0
9087,-1032.0,-8.0,100.0
9103,-1032.0,-8.0,100.0
9120,-1032.0,-8.0,100.0
9136,-1044.0,52.0,120.0
9153,-1044.0,52.0,120.0
9170,-1044.0,52.0,120.0
9187,-1044.0,52.0,120.0
9204,-1044.0,52.0,120.0
9220,-1044.0,52.0,120.0
9236,-1068.0,32.0,152.0
9254,-1068.0,32.0,152.0
9270,-1068.0,32.0,152.0
9287,-1068.0,32.0,152.0
9304,-1068.0,32.0,152.0
9320,-1068.0,32.0,152.0
9337,-1068.0,200.0,140.0
9354,-1068.0,200.0,140.0
9370,-1068.0,200.0,140.0
9387,-1068.0,200.0,140.0
9404,-1068.0,200.0,140.0
9421,-1068.0,200.0,140.0
9437,-1032.0,108.0,188.0
9453,-1032.0,108.0,188.0
9470,-1032.0,108.0,188.0
9486,-1032.0,108.0,188.0
9503,-1032.0,108.0,188.0
9520,-1032.0,108.0,188.0
9536,-988.0,220.0,244.0
9553,-988.0,220.0,244.0
9570,-988.0,220.0,244.0
9586,-988.0,220.0,244.0
9603,-988.0,220.0,244.0
9621,-988.0,220.0,244.0
9637,-988.0,220.0,244.0
9654,-992.0,204.0,280.0
9670,-992.0,204.0,280.0
9687,-992.0,204.0,280.0
9703,-992.0,204.0,280.0
9719,-992.0,204.0,280.0
9737,-992.0,204.0,280.0
9754,-936.0,252.0,308.0
9771,-936.0,252.0,308.0
9786,-936.0,252.0,308.0
9804,-936.0,252.0,308.0
9820,-936.0,252.0,308.0
9837,-936.0,252.0,308.0
9853,-936.0,284.0,300.0
9870,-936.0,284.0,300.0
9887,-936.0,284.0,300.0
9903,-936.0,284.0,300.0
9920,-936.0,284.0,300.0
9936,-936.0,284.0,300.0
9954,-960.0,264.0,288.0
9970,-960.0,264.0,288.0
9987,-960.0,264.0,288.0
10003,-960.0,264.0,288.0
10020,-960.0,264.0,288.0
10037,-960.0,264.0,288.0
10054,-960.0,260.0,264.0
10070,-960.0,260.0,264.0
10087,-960.0,260.0,264.0
10104,-960.0,260.0,264.0
10120,-960.0,260.0,264.0
10137,-960.0,260.0,264.0
10153,-960.0,260.0,264.0
10170,-972.0,288.0,236.0
10187,-972.0,288.0,236.0
10204,-972.0,288.0,236.0
10220,-972.0,288.0,236.0
10237,-972.0,288.0,236.0
10254,-972.0,288.0,236.0
10270,-992.0,304.0,228.0
10287,-992.0,304.0,228.0
10303,-992.0,304.0,228.0
10320,-992.0,304.0,228.0
10337,-992.0,304.0,228.0
10353,-992.0,304.0,228.0
10370,-972.0,288.0,216.0
10387,-972.0,288.0,216.0
10403,-972.0,288.0,216.0
10420,-972.0,288.0,216.0
10436,-972.0,288.0,216.0
10454,-972.0,288.0,216.0
10471,-984.0,292.0,188.0
10487,-984.0,292.0,188.0
10504,-984.0,292.0,188.0
10520,-984.0,292.0,188.0
10537,-984.0,292.0,188.0
10554,-984.0,292.0,188.0
10571,-984.0,292.0,188.0
10587,-1024.0,172.0,156.0
10604,-1024.0,172.0,156.0
10621,-1024.0,172.0,156.0
10637,-1024.0,172.0,156.0
10654,-1024.0,172.0,156.0
10670,-1024.0,172.0,156.0
10686,-1116.0,88.0,124.0
10704,-1116.0,88.0,124.0
10720,-1116.0,88.0,124.0
10737,-1116.0,88.0,124.0
10754,-1116.0,88.0,124.0
10771,-1116.0,88.0,124.0
10787,-1072.0,0.0,104.0
10804,-1072.0,0.0,104.0
10820,-1072.0,0.0,104.0
10837,-1072.0,0.0,104.0
10854,-1072.0,0.0,104.0
10870,-1072.0,0.0,104.0
10887,-1076.0,-8.0,72.0
10904,-1076.0,-8.0,72.0
10921,-1076.0,-8.0,72.0
10937,-1076.0,-8.0,72.0
10954,-1076.0,-8.0,72.0
10970,-1076.0,-8.0,72.0
10987,-1040.0,-60.0,80.0
11004,-1040.0,-60.0,80.0
11020,-1040.0,-60.0,80.0
11037,-1040.0,-60.0,80.0
11054,-1040.0,-60.0,80.0
11070,-1040.0,-60.0,80.0
11087,-1040.0,-60.0,80.0
11104,-1044.0,-48.0,100.0
11121,-1044.0,-48.0,100.0
11136,-1044.0,-48.0,100.0
11154,-1044.0,-48.0,100.0
11170,-1044.0,-48.0,100.0
11186,-1044.0,-48.0,100.0
11204,-1064.0,8.0,152.0
11220,-1064.0,8.0,152.0
11238,-1064.0,8.0,152.0
11254,-1064.0,8.0,152.0
11270,-1064.0,8.0,152.0
11286,-1064.0,8.0,152.0
11304,-1052.0,116.0,212.0
11320,-1052.0,116.0,212.0
11337,-1052.0,116.0,212.0
11353,-1052.0,116.0,212.0
11370,-1052.0,116.0,212.0
11388,-1052.0,116.0,212.0
11404,-968.0,196.0,240.0
11421,-968.0,196.0,240.0
11437,-968.0,196.0,240.0
11454,-968.0,196.0,240.0
11471,-968.0,196.0,240.0
11487,-968.0,196.0,240.0
11503,-968.0,196.0,240.0
11520,-928.0,312.0,284.0
11537,-928.0,312.0,284.0
11554,-928.0,312.0,284.0
11571,-928.0,312.0,284.0
11586,-928.0,312.0,284.0
11604,-928.0,312.0,284.0
11621,-916.0,368.0,276.0
11637,-916.0,368.0,276.0
11654,-916.0,368.0,276.0
11670,-916.0,368.0,276.0
11688,-916.0,368.0,276.0
11704,-916.0,368.0,276.0
11720,-900.0,324.0,332.0
11738,-900.0,324.0,332.0
11754,-900.0,324.0,332.0
11770,-900.0,324.0,332.0
11787,-900.0,324.0,332.0
11804,-900.0,324.0,332.0
11821,-896.0,344.0,324.0
11837,-896.0,344.0,324.0
11854,-896.0,344.0,324.0
11870,-896.0,344.0,324.0
11887,-896.0,344.0,324.0
11904,-896.0,344.0,324.0
11920,-900.0,344.0,332.0
11938,-900.0,344.0,332.0
11954,-900.0,344.0,332.0
11970,-900.0,344.0,332.0
11987,-900.0,344.0,332.0
12004,-900.0,344.0,332.0
12021,-900.0,344.0,332.0
12038,-916.0,352.0,332.0
12053,-916.0,352.0,332.0
12070,-916.0,352.0,332.0
12086,-916.0,352.0,332.0
12104,-916.0,352.0,332.0
12120,-916.0,352.0,332.0
12137,-912.0,356.0,312.0
12154,-912.0,356.0,312.0
12171,-912.0,356.0,312.0
12188,-912.0,356.0,312.0
12204,-912.0,356.0,312.0
12220,-912.0,356.0,312.0
12237,-932.0,372.0,264.0
12254,-932.0,372.0,264.0
12271,-932.0,372.0,264.0
12290,-932.0,372.0,264.0
12308,-932.0,372.0,264.0
12326,-932.0,372.0,264.0
12344,-916.0,372.0,240.0
12361,-916.0,372.0,240.0
12378,-916.0,372.0,240.0
12394,-916.0,372.0,240.0
12410,-916.0,372.0,240.0
12428,-916.0,372.0,240.0
12445,-960.0,272.0,224.0
12461,-960.0,272.0,224.0
12478,-960.0,272.0,224.0
12494,-960.0,272.0,224.0
12511,-960.0,272.0,224.0
12528,-960.0,272.0,224.0
12544,-1032.0,164.0,188.0
12561,-1032.0,164.0,188.0
12577,-1032.0,164.0,188.0
12594,-1032.0,164.0,188.0
12611,-1032.0,164.0,188.0
12628,-1032.0,164.0,188.0
12644,-1056.0,168.0,156.0
12661,-1056.0,168.0,156.0
12677,-1056.0,168.0,156.0
12694,-1056.0,168.0,156.0
12711,-1056.0,168.0,156.0
12727,-1056.0,168.0,156.0
12744,-1056.0,168.0,156.0
12761,-1088.0,40.0,188.0
12777,-1088.0,40.0,188.0
12794,-1088.0,40.0,188.0
12810,-1088.0,40.0,188.0
12828,-1088.0,40.0,188.0
12844,-1088.0,40.0,188.0
12861,-1048.0,-68.0,148.0
12877,-1048.0,-68.0,148.0
12894,-1048.0,-68.0,148.0
12911,-1048.0,-68.0,148.0
12927,-1048.0,-68.0,148.0
12943,-1048.0,-68.0,148.0
12961,-1028.0,-24.0,172.0
12978,-1028.0,-24.0,172.0
12994,-1028.0,-24.0,172.0
13011,-1028.0,-24.0,172.0
13027,-1028.0,-24.0,172.0
13044,-1028.0,-24.0,172.0
13060,-1036.0,-24.0,184.0
13078,-1036.0,-24.0,184.0
13094,-1036.0,-24.0,184.0
13111,-1036.0,-24.0,184.0
13128,-1036.0,-24.0,184.0
13144,-1036.0,-24.0,184.0
13161,-1036.0,-24.0,184.0
13177,-1044.0,-36.0,208.0
13195,-1044.0,-36.0,208.0
13210,-1044.0,-36.0,208.0
13228,-1044.0,-36.0,208.0
13244,-1044.0,-36.0,208.0
13261,-1044.0,-36.0,208.0
13277,-1016.0,16.0,232.0
13294,-1016.0,16.0,232.0
13310,-1016.0,16.0,232.0
13328,-1016.0,16.0,232.0
13345,-1016.0,16.0,232.0
13361,-1016.0,16.0,232.0
13378,-1004.0,140.0,232.0
13394,-1004.0,140.0,232.0
13411,-1004.0,140.0,232.0
13427,-1004.0,140.0,232.0
13445,-1004.0,140.0,232.0
13461,-1004.0,140.0,232.0
13478,-956.0,236.0,244.0
13494,-956.0,236.0,244.0
13512,-956.0,236.0,244.0
13528,-956.0,236.0,244.0
13544,-956.0,236.0,244.0
13561,-956.0,236.0,244.0
13578,-964.0,252.0,264.0
13594,-964.0,252.0,264.0
13611,-964.0,252.0,264.0
13628,-964.0,252.0,264.0
13644,-964.0,252.0,264.0
13661,-964.0,252.0,264.0
13678,-964.0,252.0,264.0
13695,-948.0,348.0,268.0
13711,-948.0,348.0,268.0
13728,-948.0,348.0,268.0
13744,-948.0,348.0,268.0
13761,-948.0,348.0,268.0
13777,-948.0,348.0,268.0
13795,-920.0,328.0,276.0
13811,-920.0,328.0,276.0
13828,-920.0,328.0,276.0
13844,-920.0,328.0,276.0
13861,-920.0,328.0,276.0
13877,-920.0,328.0,276.0
13895,-956.0,300.0,268.0
13911,-956.0,300.0,268.0
13928,-956.0,300.0,268.0
13944,-956.0,300.0,268.0
13961,-956.0,300.0,268.0
13977,-956.0,300.0,268.0
13995,-980.0,300.0,260.0
14012,-980.0,300.0,260.0
14028,-980.0,300.0,260.0
14045,-980.0,300.0,260.0
14061,-980.0,300.0,260.0
14078,-980.0,300.0,260.0
14095,-920.0,380.0,248.0
14111,-920.0,380.0,248.0
14128,-920.0,380.0,248.0
14144,-920.0,380.0,248.0
14161,-920.0,380.0,248.0
14178,-920.0,380.0,248.0
14194,-920.0,380.0,248.0
14211,-940.0,352.0,248.0
14227,-940.0,352.0,248.0
14244,-940.0,352.0,248.0
14261,-940.0,352.0,248.0
14278,-940.0,352.0,248.0
14295,-940.0,352.0,248.0
14311,-932.0,328.0,288.0
14328,-932.0,328.0,288.0
14344,-932.0,328.0,288.0
14361,-932.0,328.0,288.0
14378,-932.0,328.0,288.0
14395,-932.0,328.0,288.0
14411,-940.0,260.0,272.0
14428,-940.0,260.0,272.0
14445,-940.0,260.0,272.0
14461,-940.0,260.0,272.0
14477,-940.0,260.0,272.0
14494,-940.0,260.0,272.0
14511,-984.0,252.0,244.0
14528,-984.0,252.0,244.0
14544,-984.0,252.0,244.0
14562,-984.0,252.0,244.0
14578,-984.0,252.0,244.0
14595,-984.0,252.0,244.0
14612,-984.0,252.0,244.0
14628,-1048.0,156.0,192.0
14645,-1048.0,156.0,192.0
14661,-1048.0,156.0,192.0
14679,-1048.0,156.0,192.0
14695,-1048.0,156.0,192.0
14711,-1048.0,156.0,192.0
14728,-1068.0,84.0,176.0
14745,-1068.0,84.0,176.0
14761,-1068.0,84.0,176.0
14778,-1068.0,84.0,176.0
14795,-1068.0,84.0,176.0
14811,-1068.0,84.0,176.0
14828,-1048.0,48.0,168.0
14844,-1048.0,48.0,168.0
14861,-1048.0,48.0,168.0
14878,-1048.0,48.0,168.0
14895,-1048.0,48.0,168.0
14911,-1048.0,48.0,168.0
14927,-1032.0,40.0,160.0
14945,-1032.0,40.0,160.0
14961,-1032.0,40.0,160.0
14979,-1032.0,40.0,160.0
14995,-1032.0,40.0,160.0
15012,-1032.0,40.0,160.0
15027,-1032.0,48.0,148.0
15045,-1032.0,48.0,148.0
15062,-1032.0,48.0,148.0
15079,-1032.0,48.0,148.0
15095,-1032.0,48.0,148.0
15112,-1032.0,48.0,148.0
15128,-1032.0,48.0,148.0
15145,-1032.0,60.0,180.0
15161,-1032.0,60.0,180.0
15177,-1032.0,60.0,180.0
15194,-1032.0,60.0,180.0
15211,-1032.0,60.0,180.0
15228,-1032.0,60.0,180.0
15245,-1044.0,84.0,212.0
15262,-1044.0,84.0,212.0
15278,-1044.0,84.0,212.0
15295,-1044.0,84.0,212.0
15311,-1044.0,84.0,212.0
15329,-1044.0,84.0,212.0
15346,-1000.0,140.0,232.0
15361,-1000.0,140.0,232.0
15377,-1000.0,140.0,232.0
15395,-1000.0,140.0,232.0
15412,-1000.0,140.0,232.0
15429,-1000.0,140.0,232.0
15444,-952.0,256.0,288.0
15462,-952.0,256.0,288.0
15478,-952.0,256.0,288.0
15495,-952.0,256.0,288.0
15512,-952.0,256.0,288.0
15528,-952.0,256.0,288.0
15545,-932.0,288.0,304.0
15562,-932.0,288.0,304.0
15578,-932.0,288.0,304.0
15595,-932.0,288.0,304.0
15611,-932.0,288.0,304.0
15628,-932.0,288.0,304.0
15645,-932.0,288.0,304.0
15661,-960.0,276.0,312.0
15679,-960.0,276.0,312.0
15694,-960.0,276.0,312.0
15711,-960.0,276.0,312.0
15728,-960.0,276.0,312.0
15744,-960.0,276.0,312.0
15762,-924.0,300.0,332.0
15778,-924.0,300.0,332.0
15795,-924.0,300.0,332.0
15812,-924.0,300.0,332.0
15828,-924.0,300.0,332.0
15845,-924.0,300.0,332.0
15861,-896.0,304.0,348.0
15880,-896.0,304.0,348.0
15898,-896.0,304.0,348.0
15917,-896.0,304.0,348.0
15934,-896.0,304.0,348.0
15952,-896.0,304.0,348.0
15968,-924.0,288.0,368.0
15985,-924.0,288.0,368.0
16002,-924.0,288.0,368.0
16019,-924.0,288.0,368.0
16036,-924.0,288.0,368.0
16053,-924.0,288.0,368.0
16069,-904.0,296.0,348.0
16086,-904.0,296.0,348.0
16102,-904.0,296.0,348.0
16119,-904.0,296.0,348.0
16135,-904.0,296.0,348.0
16152,-904.0,296.0,348.0
16168,-916.0,272.0,336.0
16186,-916.0,272.0,336.0
16202,-916.0,272.0,336.0
16219,-916.0,272.0,336.0
16235,-916.0,272.0,336.0
16252,-916.0,272.0,336.0
16269,-956.0,268.0,308.0
16286,-956.0,268.0,308.0
16302,-956.0,268.0,308.0
16319,-956.0,268.0,308.0
16336,-956.0,268.0,308.0
16352,-956.0,268.0,308.0
16369,-956.0,268.0,308.0
16385,-952.0,268.0,264.0
16402,-952.0,268.0,264.0
16419,-952.0,268.0,264.0
16436,-952.0,268.0,264.0
16453,-952.0,268.0,264.0
16468,-952.0,268.0,264.0
16486,-1036.0,220.0,228.0
16502,-1036.0,220.0,228.0
16518,-1036.0,220.0,228.0
16536,-1036.0,220.0,228.0
16552,-1036.0,220.0,228.0
16569,-1036.0,220.0,228.0
16586,-1020.0,224.0,164.0
16602,-1020.0,224.0,164.0
16619,-1020.0,224.0,164.0
16636,-1020.0,224.0,164.0
16652,-1020.0,224.0,164.0
16669,-1020.0,224.0,164.0
16685,-1040.0,144.0,144.0
16703,-1040.0,144.0,144.0
16719,-1040.0,144.0,144.0
16736,-1040.0,144.0,144.0
16752,-1040.0,144.0,144.0
16769,-1040.0,144.0,144.0
16785,-1040.0,144.0,144.0
16802,-1076.0,88.0,136.0
16818,-1076.0,88.0,136.0
16836,-1076.0,88.0,136.0
16852,-1076.0,88.0,136.0
16869,-1076.0,88.0,136.0
16886,-1076.0,88.0,136.0
16902,-1048.0,48.0,120.0
16919,-1048.0,48.0,120.0
16936,-1048.0,48.0,120.0
16952,-1048.0,48.0,120.0
16969,-1048.0,48.0,120.0
16986,-1048.0,48.0,120.0
17003,-1036.0,80.0,112.0
17019,-1036.0,80.0,112.0
17036,-1036.0,80.0,112.0
17053,-1036.0,80.0,112.0
17069,-1036.0,80.0,112.0
17086,-1036.0,80.0,112.0
17103,-1048.0,76.0,168.0
17119,-1048.0,76.0,168.0
17136,-1048.0,76.0,168.0
17152,-1048.0,76.0,168.0
17169,-1048.0,76.0,168.0
17186,-1048.0,76.0,168.0
17202,-1024.0,76.0,160.0
17219,-1024.0,76.0,160.0
17236,-1024.0,76.0,160.0
17252,-1024.0,76.0,160.0
17269,-1024.0,76.0,160.0
17285,-1024.0,76.0,160.0
17302,-1024.0,76.0,160.0
17319,-1020.0,76.0,180.0
17336,-1020.0,76.0,180.0
17352,-1020.0,76.0,180.0
17369,-1020.0,76.0,180.0
17386,-1020.0,76.0,180.0
17403,-1020.0,76.0,180.0
17420,-1008.0,164.0,204.0
17436,-1008.0,164.0,204.0
17453,-1008.0,164.0,204.0
17469,-1008.0,164.0,204.0
17485,-1008.0,164.0,204.0
17502,-1008.0,164.0,204.0
17520,-968.0,264.0,260.0
17536,-968.0,264.0,260.0
17552,-968.0,264.0,260.0
17569,-968.0,264.0,260.0
17586,-968.0,264.0,260.0
17603,-968.0,264.0,260.0
17620,-960.0,232.0,324.0
17636,-960.0,232.0,324.0
17652,-960.0,232.0,324.0
17669,-960.0,232.0,324.0
17686,-960.0,232.0,324.0
17703,-960.0,232.0,324.0
17719,-960.0,232.0,324.0
17736,-948.0,268.0,352.0
17752,-948.0,268.0,352.0
17769,-948.0,268.0,352.0
17786,-948.0,268.0,352.0
17803,-948.0,268.0,352.0
17820,-948.0,268.0,352.0
17836,-924.0,284.0,344.0
17853,-924.0,284.0,344.0
17870,-924.0,284.0,344.0
17886,-924.0,284.0,344.0
17903,-924.0,284.0,344.0
17920,-924.0,284.0,344.0
17936,-904.0,276.0,376.0
17953,-904.0,276.0,376.0
17969,-904.0,276.0,376.0
17986,-904.0,276.0,376.0
18003,-904.0,276.0,376.0
18019,-904.0,276.0,376.0
18037,-868.0,300.0,384.0
18052,-868.0,300.0,384.0
18069,-868.0,300.0,384.0
18086,-868.0,300.0,384.0
18102,-868.0,300.0,384.0
18119,-868.0,300.0,384.0
18136,-884.0,304.0,388.0
18152,-884.0,304.0,388.0
18169,-884.0,304.0,388.0
18187,-884.0,304.0,388.0
18202,-884.0,304.0,388.0
18220,-884.0,304.0,388.0
18236,-884.0,304.0,388.0
18253,-880.0,332.0,384.0
18269,-880.0,332.0,384.0
18286,-880.0,332.0,384.0
18303,-880.0,332.0,384.0
18319,-880.0,332.0,384.0
18336,-880.0,332.0,384.0
18353,-884.0,332.0,356.0
18369,-884.0,332.0,356.0
18386,-884.0,332.0,356.0
18403,-884.0,332.0,356.0
18419,-884.0,332.0,356.0
18436,-884.0,332.0,356.0
18453,-916.0,292.0,336.0
18469,-916.0,292.0,336.0
18486,-916.0,292.0,336.0
18503,-916.0,292.0,336.0
18520,-916.0,292.0,336.0
18536,-916.0,292.0,336.0
18552,-960.0,228.0,304.0
18569,-960.0,228.0,304.0
18586,-960.0,228.0,304.0
18603,-960.0,228.0,304.0
18620,-960.0,228.0,304.0
18636,-960.0,228.0,304.0
18653,-960.0,228.0,304.0
18670,-1040.0,240.0,248.0
18686,-1040.0,240.0,248.0
18703,-1040.0,240.0,248.0
18719,-1040.0,240.0,248.0
18737,-1040.0,240.0,248.0
18753,-1040.0,240.0,248.0
18770,-1012.0,80.0,164.0
18787,-1012.0,80.0,164.0
18803,-1012.0,80.0,164.0
18819,-1012.0,80.0,164.0
18836,-1012.0,80.0,164.0
18852,-1012.0,80.0,164.0
18870,-1092.0,20.0,152.0
18887,-1092.0,20.0,152.0
18903,-1092.0,20.0,152.0
18920,-1092.0,20.0,152.0
18936,-1092.0,20.0,152.0
18953,-1092.0,20.0,152.0
18970,-1044.0,-8.0,92.0
18986,-1044.0,-8.0,92.0
19004,-1044.0,-8.0,92.0
19020,-1044.0,-8.0,92.0
19036,-1044.0,-8.0,92.0
19053,-1044.0,-8.0,92.0
19069,-1044.0,24.0,124.0
19086,-1044.0,24.0,124.0
19104,-1044.0,24.0,124.0
19119,-1044.0,24.0,124.0
19137,-1044.0,24.0,124.0
19153,-1044.0,24.0,124.0
19170,-1044.0,24.0,124.0
19186,-1044.0,52.0,124.0
19203,-1044.0,52.0,124.0
19220,-1044.0,52.0,124.0
19237,-1044.0,52.0,124.0
19252,-1044.0,52.0,124.0
19270,-1044.0,52.0,124.0
19287,-1052.0,40.0,108.0
19303,-1052.0,40.0,108.0
19319,-1052.0,40.0,108.0
19336,-1052.0,40.0,108.0
19353,-1052.0,40.0,108.0
19370,-1052.0,40.0,108.0
19386,-1056.0,12.0,104.0
19403,-1056.0,12.0,104.0
19419,-1056.0,12.0,104.0
19436,-1056.0,12.0,104.0
19454,-1056.0,12.0,104.0
19473,-1056.0,12.0,104.0
19492,-1060.0,20.0,120.0
19510,-1060.0,20.0,120.0
19527,-1060.0,20.0,120.0
19545,-1060.0,20.0,120.0
19560,-1060.0,20.0,120.0
19577,-1060.0,20.0,120.0
19594,-1044.0,36.0,148.0
19610,-1044.0,36.0,148.0
19627,-1044.0,36.0,148.0
19644,-1044.0,36.0,148.0
19661,-1044.0,36.0,148.0
19677,-1044.0,36.0,148.0
19694,-1032.0,144.0,184.0
19711,-1032.0,144.0,184.0
19727,-1032.0,144.0,184.0
19744,-1032.0,144.0,184.0
19761,-1032.0,144.0,184.0
19777,-1032.0,144.0,184.0
19794,-932.0,252.0,312.0
19810,-932.0,252.0,312.0
19828,-932.0,252.0,312.0
19844,-932.0,252.0,312.0
19860,-932.0,252.0,312.0
19877,-932.0,252.0,312.0
19894,-932.0,252.0,312.0
19910,-932.0,280.0,344.0
19927,-932.0,280.0,344.0
19943,-932.0,280.0,344.0
19960,-932.0,280.0,344.0
19977,-932.0,280.0,344.0
19994,-932.0,280.0,344.0
20010,-924.0,304.0,364.0
20027,-924.0,304.0,364.0
20044,-924.0,304.0,364.0
20060,-924.0,304.0,364.0
20077,-924.0,304.0,364.0
20093,-924.0,304.0,364.0
20111,-900.0,300.0,376.0
20127,-900.0,300.0,376.0
20144,-900.0,300.0,376.0
20160,-900.0,300.0,376.0
20178,-900.0,300.0,376.0
20194,-900.0,300.0,376.0
20211,-876.0,308.0,352.0
20227,-876.0,308.0,352.0
20244,-876.0,308.0,352.0
20260,-876.0,308.0,352.0
20277,-876.0,308.0,352.0
20294,-876.0,308.0,352.0
20310,-876.0,308.0,352.0
20328,-884.0,344.0,368.0
20344,-884.0,344.0,368.0
20360,-884.0,344.0,368.0
20378,-884.0,344.0,368.0
20394,-884.0,344.0,368.0
20411,-884.0,344.0,368.0
20427,-912.0,308.0,364.0
20444,-912.0,308.0,364.0
20461,-912.0,308.0,364.0
20478,-912.0,308.0,364.0
20494,-912.0,308.0,364.0
20510,-912.0,308.0,364.0
20527,-936.0,280.0,324.0
20544,-936.0,280.0,324.0
20561,-936.0,280.0,324.0
20578,-936.0,280.0,324.0
20595,-936.0,280.0,324.0
20611,-936.0,280.0,324.0
20627,-972.0,252.0,280.0
20644,-972.0,252.0,280.0
20661,-972.0,252.0,280.0
20677,-972.0,252.0,280.0
20694,-972.0,252.0,280.0
20711,-972.0,252.0,280.0
20727,-972.0,192.0,192.0
20744,-972.0,192.0,192.0
20761,-972.0,192.0,192.0
20778,-972.0,192.0,192.0
20794,-972.0,192.0,192.0
20811,-972.0,192.0,192.0
20827,-972.0,192.0,192.0
20844,-1056.0,156.0,132.0
20860,-1056.0,156.0,132.0
20877,-1056.0,156.0,132.0
20895,-1056.0,156.0,132.0
20911,-1056.0,156.0,132.0
20927,-1056.0,156.0,132.0
20945,-1100.0,108.0,136.0
20961,-1100.0,108.0,136.0
20978,-1100.0,108.0,136.0
20994,-1100.0,108.0,136.0
21011,-1100.0,108.0,136.0
21027,-1100.0,108.0,136.0
21045,-1072.0,64.0,104.0
21061,-1072.0,64.0,104.0
21078,-1072.0,64.0,104.0
21094,-1072.0,64.0,104.0
21111,-1072.0,64.0,104.0
21127,-1072.0,64.0,104.0
21144,-1060.0,-8.0,84.0
21161,-1060.0,-8.0,84.0
21177,-1060.0,-8.0,84.0
21194,-1060.0,-8.0,84.0
21211,-1060.0,-8.0,84.0
21228,-1060.0,-8.0,84.0
21244,-1040.0,0.0,100.0
21261,-1040.0,0.0,100.0
21277,-1040.0,0.0,100.0
21294,-1040.0,0.0,100.0
21312,-1040.0,0.0,100.0
21328,-1040.0,0.0,100.0
21344,-1040.0,0.0,100.0
21361,-1060.0,12.0,84.0
21378,-1060.0,12.0,84.0
21394,-1060.0,12.0,84.0
21411,-1060.0,12.0,84.0
21428,-1060.0,12.0,84.0
21445,-1060.0,12.0,84.0
21461,-1064.0,112.0,148.0
21478,-1064.0,112.0,148.0
21494,-1064.0,112.0,148.0
21510,-1064.0,112.0,148.0
21528,-1064.0,112.0,148.0
21544,-1064.0,112.0,148.0
21561,-960.0,176.0,192.0
21578,-960.0,176.0,192.0
21595,-960.0,176.0,192.0
21611,-960.0,176.0,192.0
21628,-960.0,176.0,192.0
21644,-960.0,176.0,192.0
21661,-960.0,276.0,220.0
21677,-960.0,276.0,220.0
21695,-960.0,276.0,220.0
21711,-960.0,276.0,220.0
21728,-960.0,276.0,220.0
21745,-960.0,276.0,220.0
21762,-960.0,308.0,288.0
21778,-960.0,308.0,288.0
21794,-960.0,308.0,288.0
21812,-960.0,308.0,288.0
21828,-960.0,308.0,288.0
21845,-960.0,308.0,288.0
21862,-960.0,308.0,288.0
21878,-908.0,304.0,308.0
21895,-908.0,304.0,308.0
21911,-908.0,304.0,308.0
21928,-908.0,304.0,308.0
21945,-908.0,304.0,308.0
21961,-908.0,304.0,308.0
21977,-920.0,332.0,296.0
21994,-920.0,332.0,296.0
22010,-920.0,332.0,296.0
22028,-920.0,332.0,296.0
22044,-920.0,332.0,296.0
22062,-920.0,332.0,296.0
22078,-960.0,264.0,252.0
22094,-960.0,264.0,252.0
22112,-960.0,264.0,252.0
22127,-960.0,264.0,252.0
22145,-960.0,264.0,252.0
22161,-960.0,264.0,252.0
22178,-1012.0,244.0,196.0
22195,-1012.0,244.0,196.0
22211,-1012.0,244.0,196.0
22227,-1012.0,244.0,196.0
22244,-1012.0,244.0,196.0
22262,-1012.0,244.0,196.0
22278,-1012.0,244.0,196.0
22294,-1012.0,212.0,160.0
22311,-1012.0,212.0,160.0
22328,-1012.0,212.0,160.0
22344,-1012.0,212.0,160.0
22360,-1012.0,212.0,160.0
22377,-1012.0,212.0,160.0
22395,-1016.0,164.0,144.0
22411,-1016.0,164.0,144.0
22428,-1016.0,164.0,144.0
22445,-1016.0,164.0,144.0
22460,-1016.0,164.0,144.0
22477,-1016.0,164.0,144.0
22495,-1028.0,184.0,124.0
22512,-1028.0,184.0,124.0
22528,-1028.0,184.0,124.0
22544,-1028.0,184.0,124.0
22561,-1028.0,184.0,124.0
22586,-1028.0,184.0,124.0
22603,-1044.0,180.0,112.0
22619,-1044.0,180.0,112.0
22637,-1044.0,180.0,112.0
22653,-1044.0,180.0,112.0
22669,-1044.0,180.0,112.0
22686,-1044.0,180.0,112.0
22703,-1024.0,180.0,140.0
22720,-1024.0,180.0,140.0
22737,-1024.0,180.0,140.0
22753,-1024.0,180.0,140.0
22769,-1024.0,180.0,140.0
22787,-1024.0,180.0,140.0
22803,-996.0,220.0,152.0
22820,-996.0,220.0,152.0
22836,-996.0,220.0,152.0
22853,-996.0,220.0,152.0
22869,-996.0,220.0,152.0
22886,-996.0,220.0,152.0
22903,-992.0,292.0,148.0
22920,-992.0,292.0,148.0
22936,-992.0,292.0,148.0
22953,-992.0,292.0,148.0
22970,-992.0,292.0,148.0
22986,-992.0,292.0,148.0
23003,-992.0,292.0,148.0
23020,-1012.0,224.0,164.0
23036,-1012.0,224.0,164.0
23053,-1012.0,224.0,164.0
23069,-1012.0,224.0,164.0
23086,-1012.0,224.0,164.0
23103,-1012.0,224.0,164.0
23120,-1000.0,236.0,156.0
23136,-1000.0,236.0,156.0
23153,-1000.0,236.0,156.0
23169,-1000.0,236.0,156.0
23186,-1000.0,236.0,156.0
23202,-1000.0,236.0,156.0
23219,-1020.0,196.0,148.0
23236,-1020.0,196.0,148.0
23252,-1020.0,196.0,148.0
23269,-1020.0,196.0,148.0
23286,-1020.0,196.0,148.0
23303,-1020.0,196.0,148.0
23320,-1036.0,148.0,112.0
23337,-1036.0,148.0,112.0
23353,-1036.0,148.0,112.0
23369,-1036.0,148.0,112.0
23386,-1036.0,148.0,112.0
23403,-1036.0,148.0,112.0
23420,-1036.0,148.0,112.0
23436,-1076.0,132.0,44.0
23453,-1076.0,132.0,44.0
23470,-1076.0,132.0,44.0
23486,-1076.0,132.0,44.0
23503,-1076.0,132.0,44.0
23519,-1076.0,132.0,44.0
23537,-1048.0,92.0,0.0
23553,-1048.0,92.0,0.0
23570,-1048.0,92.0,0.0
23586,-1048.0,92.0,0.0
23603,-1048.0,92.0,0.0
23620,-1048.0,92.0,0.0
23637,-1060.0,68.0,-20.0
23653,-1060.0,68.0,-20.0
23670,-1060.0,68.0,-20.0
23686,-1060.0,68.0,-20.0
23703,-1060.0,68.0,-20.0
23719,-1060.0,68.0,-20.0
23736,-1060.0,28.0,-72.0
23753,-1060.0,28.0,-72.0
23770,-1060.0,28.0,-72.0
