MILLIS,HEAD,NECK,LEFT_S,RIGHT_S,TORSO,LEFT_HIP,RIGHT_HIP,SKEL_LEFT_ELBOW,SKEL_RIGHT_ELBOW,SKEL_LEFT_HAND,SKEL_RIGHT_HAND,SKEL_LEFT_KNEE,SKEL_RIGHT_KNEE,SKEL_LEFT_FOOT,SKEL_RIGHT_FOOT
16129,NaN,NaN,0.0,NaN,NaN,0.0,NaN,NaN,0.0,NaN,NaN,0.0,NaN,NaN,0.0,NaN,NaN,0.0,NaN,NaN,0.0,NaN,NaN,0.0,NaN,NaN,0.0,NaN,NaN,0.0,NaN,NaN,0.0,NaN,NaN,0.0,NaN,NaN,0.0,NaN,NaN,0.0,NaN,NaN,0.0,NaN,NaN,0.0,NaN,NaN,0.0,NaN,NaN,0.0,NaN,NaN,0.0,NaN,NaN,0.0,NaN,NaN,0.0,NaN,NaN,0.0,NaN,NaN,0.0,NaN,NaN,0.0,NaN,NaN,0.0,NaN,NaN,0.0,NaN,NaN,0.0,NaN,NaN,0.0,
16244,NaN,NaN,0.0,NaN,NaN,0.0,NaN,NaN,0.0,NaN,NaN,0.0,NaN,NaN,0.0,NaN,NaN,0.0,NaN,NaN,0.0,NaN,NaN,0.0,NaN,NaN,0.0,NaN,NaN,0.0,NaN,NaN,0.0,NaN,NaN,0.0,NaN,NaN,0.0,NaN,NaN,0.0,NaN,NaN,0.0,NaN,NaN,0.0,NaN,NaN,0.0,NaN,NaN,0.0,NaN,NaN,0.0,NaN,NaN,0.0,NaN,NaN,0.0,NaN,NaN,0.0,NaN,NaN,0.0,NaN,NaN,0.0,NaN,NaN,0.0,NaN,NaN,0.0,NaN,NaN,0.0,NaN,NaN,0.0,
16492,NaN,NaN,0.0,NaN,NaN,0.0,NaN,NaN,0.0,NaN,NaN,0.0,NaN,NaN,0.0,NaN,NaN,0.0,NaN,NaN,0.0,NaN,NaN,0.0,NaN,NaN,0.0,NaN,NaN,0.0,NaN,NaN,0.0,NaN,NaN,0.0,NaN,NaN,0.0,NaN,NaN,0.0,NaN,NaN,0.0,NaN,NaN,0.0,NaN,NaN,0.0,NaN,NaN,0.0,NaN,NaN,0.0,NaN,NaN,0.0,NaN,NaN,0.0,NaN,NaN,0.0,NaN,NaN,0.0,NaN,NaN,0.0,NaN,NaN,0.0,NaN,NaN,0.0,NaN,NaN,0.0,NaN,NaN,0.0,
16741,NaN,NaN,0.0,NaN,NaN,0.0,NaN,NaN,0.0,NaN,NaN,0.0,NaN,NaN,0.0,NaN,NaN,0.0,NaN,NaN,0.0,NaN,NaN,0.0,NaN,NaN,0.0,NaN,NaN,0.0,NaN,NaN,0.0,NaN,NaN,0.0,NaN,NaN,0.0,NaN,NaN,0.0,NaN,NaN,0.0,NaN,NaN,0.0,NaN,NaN,0.0,NaN,NaN,0.0,NaN,NaN,0.0,NaN,NaN,0.0,NaN,NaN,0.0,NaN,NaN,0.0,NaN,NaN,0.0,NaN,NaN,0.0,NaN,NaN,0.0,NaN,NaN,0.0,NaN,NaN,0.0,NaN,NaN,0.0,
17295,NaN,NaN,0.0,NaN,NaN,0.0,NaN,NaN,0.0,NaN,NaN,0.0,NaN,NaN,0.0,NaN,NaN,0.0,NaN,NaN,0.0,NaN,NaN,0.0,NaN,NaN,0.0,NaN,NaN,0.0,NaN,NaN,0.0,NaN,NaN,0.0,NaN,NaN,0.0,NaN,NaN,0.0,NaN,NaN,0.0,NaN,NaN,0.0,NaN,NaN,0.0,NaN,NaN,0.0,NaN,NaN,0.0,NaN,NaN,0.0,NaN,NaN,0.0,NaN,NaN,0.0,NaN,NaN,0.0,NaN,NaN,0.0,NaN,NaN,0.0,NaN,NaN,0.0,NaN,NaN,0.0,NaN,NaN,0.0,
17540,NaN,NaN,0.0,NaN,NaN,0.0,NaN,NaN,0.0,NaN,NaN,0.0,NaN,NaN,0.0,NaN,NaN,0.0,NaN,NaN,0.0,NaN,NaN,0.0,NaN,NaN,0.0,NaN,NaN,0.0,NaN,NaN,0.0,NaN,NaN,0.0,NaN,NaN,0.0,NaN,NaN,0.0,NaN,NaN,0.0,NaN,NaN,0.0,NaN,NaN,0.0,NaN,NaN,0.0,NaN,NaN,0.0,NaN,NaN,0.0,NaN,NaN,0.0,NaN,NaN,0.0,NaN,NaN,0.0,NaN,NaN,0.0,NaN,NaN,0.0,NaN,NaN,0.0,NaN,NaN,0.0,NaN,NaN,0.0,
17792,NaN,NaN,0.0,NaN,NaN,0.0,NaN,NaN,0.0,NaN,NaN,0.0,NaN,NaN,0.0,NaN,NaN,0.0,NaN,NaN,0.0,NaN,NaN,0.0,NaN,NaN,0.0,NaN,NaN,0.0,NaN,NaN,0.0,NaN,NaN,0.0,NaN,NaN,0.0,NaN,NaN,0.0,NaN,NaN,0.0,NaN,NaN,0.0,NaN,NaN,0.0,NaN,NaN,0.0,NaN,NaN,0.0,NaN,NaN,0.0,NaN,NaN,0.0,NaN,NaN,0.0,NaN,NaN,0.0,NaN,NaN,0.0,NaN,NaN,0.0,NaN,NaN,0.0,NaN,NaN,0.0,NaN,NaN,0.0,
18041,NaN,NaN,0.0,NaN,NaN,0.0,NaN,NaN,0.0,NaN,NaN,0.0,NaN,NaN,0.0,NaN,NaN,0.0,NaN,NaN,0.0,NaN,NaN,0.0,NaN,NaN,0.0,NaN,NaN,0.0,NaN,NaN,0.0,NaN,NaN,0.0,NaN,NaN,0.0,NaN,NaN,0.0,NaN,NaN,0.0,NaN,NaN,0.0,NaN,NaN,0.0,NaN,NaN,0.0,NaN,NaN,0.0,NaN,NaN,0.0,NaN,NaN,0.0,NaN,NaN,0.0,NaN,NaN,0.0,NaN,NaN,0.0,NaN,NaN,0.0,NaN,NaN,0.0,NaN,NaN,0.0,NaN,NaN,0.0,
18293,NaN,NaN,0.0,NaN,NaN,0.0,NaN,NaN,0.0,NaN,NaN,0.0,NaN,NaN,0.0,NaN,NaN,0.0,NaN,NaN,0.0,NaN,NaN,0.0,NaN,NaN,0.0,NaN,NaN,0.0,NaN,NaN,0.0,NaN,NaN,0.0,NaN,NaN,0.0,NaN,NaN,0.0,NaN,NaN,0.0,NaN,NaN,0.0,NaN,NaN,0.0,NaN,NaN,0.0,NaN,NaN,0.0,NaN,NaN,0.0,NaN,NaN,0.0,NaN,NaN,0.0,NaN,NaN,0.0,NaN,NaN,0.0,NaN,NaN,0.0,NaN,NaN,0.0,NaN,NaN,0.0,NaN,NaN,0.0,
18542,NaN,NaN,0.0,NaN,NaN,0.0,NaN,NaN,0.0,NaN,NaN,0.0,NaN,NaN,0.0,NaN,NaN,0.0,NaN,NaN,0.0,NaN,NaN,0.0,NaN,NaN,0.0,NaN,NaN,0.0,NaN,NaN,0.0,NaN,NaN,0.0,NaN,NaN,0.0,NaN,NaN,0.0,NaN,NaN,0.0,NaN,NaN,0.0,NaN,NaN,0.0,NaN,NaN,0.0,NaN,NaN,0.0,NaN,NaN,0.0,NaN,NaN,0.0,NaN,NaN,0.0,NaN,NaN,0.0,NaN,NaN,0.0,NaN,NaN,0.0,NaN,NaN,0.0,NaN,NaN,0.0,NaN,NaN,0.0,
18793,NaN,NaN,0.0,NaN,NaN,0.0,NaN,NaN,0.0,NaN,NaN,0.0,NaN,NaN,0.0,NaN,NaN,0.0,NaN,NaN,0.0,NaN,NaN,0.0,NaN,NaN,0.0,NaN,NaN,0.0,NaN,NaN,0.0,NaN,NaN,0.0,NaN,NaN,0.0,NaN,NaN,0.0,NaN,NaN,0.0,NaN,NaN,0.0,NaN,NaN,0.0,NaN,NaN,0.0,NaN,NaN,0.0,NaN,NaN,0.0,NaN,NaN,0.0,NaN,NaN,0.0,NaN,NaN,0.0,NaN,NaN,0.0,NaN,NaN,0.0,NaN,NaN,0.0,NaN,NaN,0.0,NaN,NaN,0.0,
19040,NaN,NaN,0.0,NaN,NaN,0.0,NaN,NaN,0.0,NaN,NaN,0.0,NaN,NaN,0.0,NaN,NaN,0.0,NaN,NaN,0.0,NaN,NaN,0.0,NaN,NaN,0.0,NaN,NaN,0.0,NaN,NaN,0.0,NaN,NaN,0.0,NaN,NaN,0.0,NaN,NaN,0.0,NaN,NaN,0.0,NaN,NaN,0.0,NaN,NaN,0.0,NaN,NaN,0.0,NaN,NaN,0.0,NaN,NaN,0.0,NaN,NaN,0.0,NaN,NaN,0.0,NaN,NaN,0.0,NaN,NaN,0.0,NaN,NaN,0.0,NaN,NaN,0.0,NaN,NaN,0.0,NaN,NaN,0.0,
19292,NaN,NaN,0.0,NaN,NaN,0.0,NaN,NaN,0.0,NaN,NaN,0.0,NaN,NaN,0.0,NaN,NaN,0.0,NaN,NaN,0.0,NaN,NaN,0.0,NaN,NaN,0.0,NaN,NaN,0.0,NaN,NaN,0.0,NaN,NaN,0.0,NaN,NaN,0.0,NaN,NaN,0.0,NaN,NaN,0.0,NaN,NaN,0.0,NaN,NaN,0.0,NaN,NaN,0.0,NaN,NaN,0.0,NaN,NaN,0.0,NaN,NaN,0.0,NaN,NaN,0.0,NaN,NaN,0.0,NaN,NaN,0.0,NaN,NaN,0.0,NaN,NaN,0.0,NaN,NaN,0.0,NaN,NaN,0.0,
19540,NaN,NaN,0.0,NaN,NaN,0.0,NaN,NaN,0.0,NaN,NaN,0.0,NaN,NaN,0.0,NaN,NaN,0.0,NaN,NaN,0.0,NaN,NaN,0.0,NaN,NaN,0.0,NaN,NaN,0.0,NaN,NaN,0.0,NaN,NaN,0.0,NaN,NaN,0.0,NaN,NaN,0.0,NaN,NaN,0.0,NaN,NaN,0.0,NaN,NaN,0.0,NaN,NaN,0.0,NaN,NaN,0.0,NaN,NaN,0.0,NaN,NaN,0.0,NaN,NaN,0.0,NaN,NaN,0.0,NaN,NaN,0.0,NaN,NaN,0.0,NaN,NaN,0.0,NaN,NaN,0.0,NaN,NaN,0.0,
19791,NaN,NaN,0.0,NaN,NaN,0.0,NaN,NaN,0.0,NaN,NaN,0.0,NaN,NaN,0.0,NaN,NaN,0.0,NaN,NaN,0.0,NaN,NaN,0.0,NaN,NaN,0.0,NaN,NaN,0.0,NaN,NaN,0.0,NaN,NaN,0.0,NaN,NaN,0.0,NaN,NaN,0.0,NaN,NaN,0.0,NaN,NaN,0.0,NaN,NaN,0.0,NaN,NaN,0.0,NaN,NaN,0.0,NaN,NaN,0.0,NaN,NaN,0.0,NaN,NaN,0.0,NaN,NaN,0.0,NaN,NaN,0.0,NaN,NaN,0.0,NaN,NaN,0.0,NaN,NaN,0.0,NaN,NaN,0.0,
20042,NaN,NaN,0.0,NaN,NaN,0.0,NaN,NaN,0.0,NaN,NaN,0.0,NaN,NaN,0.0,NaN,NaN,0.0,NaN,NaN,0.0,NaN,NaN,0.0,NaN,NaN,0.0,NaN,NaN,0.0,NaN,NaN,0.0,NaN,NaN,0.0,NaN,NaN,0.0,NaN,NaN,0.0,NaN,NaN,0.0,NaN,NaN,0.0,NaN,NaN,0.0,NaN,NaN,0.0,NaN,NaN,0.0,NaN,NaN,0.0,NaN,NaN,0.0,NaN,NaN,0.0,NaN,NaN,0.0,NaN,NaN,0.0,NaN,NaN,0.0,NaN,NaN,0.0,NaN,NaN,0.0,NaN,NaN,0.0,
20331,254.55336,63.043167,1604.0848,251.78308,143.00471,1616.5027,207.05176,144.9494,1600.2942,251.78308,143.00471,1616.5027,295.62625,141.09863,1632.7112,251.78308,143.00471,1616.5027,256.06064,206.26086,1608.4825,251.78308,143.00471,1616.5027,229.54959,272.38333,1589.3453,256.06064,206.26086,1608.4825,290.78717,267.9494,1611.5795,256.06064,206.26086,1608.4825,191.5338,224.48883,1666.1161,207.05176,144.9494,1600.2942,315.4829,212.70312,1671.4424,295.62625,141.09863,1632.7112,186.88141,316.49805,1597.9755,191.5338,224.48883,1666.1161,331.4915,297.96414,1557.7828,315.4829,212.70312,1671.4424,237.4494,397.00574,1633.8328,229.54959,272.38333,1589.3453,308.80722,389.90665,1649.5333,290.78717,267.9494,1611.5795,263.75275,491.85498,1741.735,237.4494,397.00574,1633.8328,347.63446,471.98962,1784.1699,308.80722,389.90665,1649.5333,
20543,257.69135,62.344147,1601.4333,270.92,139.44547,1584.5377,217.96515,139.40764,1588.4045,270.92,139.44547,1584.5377,324.13394,139.48349,1580.6709,270.92,139.44547,1584.5377,271.09238,204.52943,1597.3854,270.92,139.44547,1584.5377,239.61682,268.36435,1612.579,271.09238,204.52943,1597.3854,302.99954,268.7859,1607.8871,271.09238,204.52943,1597.3854,203.08023,213.29227,1659.226,217.96515,139.40764,1588.4045,330.49036,219.5082,1670.7621,324.13394,139.48349,1580.6709,200.5321,316.48706,1600.5857,203.08023,213.29227,1659.226,345.9364,302.2544,1565.8363,330.49036,219.5082,1670.7621,243.34412,392.60706,1636.8696,239.61682,268.36435,1612.579,319.47717,392.79755,1634.4463,302.99954,268.7859,1607.8871,262.18347,490.09308,1747.2922,243.34412,392.60706,1636.8696,346.8386,474.3184,1778.1093,319.47717,392.79755,1634.4463,
20792,274.8916,56.02501,1585.6454,279.10876,135.54958,1584.2385,225.13182,138.47818,1590.8027,279.10876,135.54958,1584.2385,333.53488,132.59662,1577.6743,279.10876,135.54958,1584.2385,282.47025,200.41574,1593.7705,279.10876,135.54958,1584.2385,254.17995,265.9134,1607.1844,282.47025,200.41574,1593.7705,317.55698,263.10104,1599.4205,282.47025,200.41574,1593.7705,214.94775,217.94952,1661.2319,225.13182,138.47818,1590.8027,343.14313,215.74527,1661.2762,333.53488,132.59662,1577.6743,220.19443,315.03235,1606.7518,214.94775,217.94952,1661.2319,359.81848,297.38614,1561.0499,343.14313,215.74527,1661.2762,256.7965,391.3178,1636.3994,254.17995,265.9134,1607.1844,326.13654,390.2107,1628.4594,317.55698,263.10104,1599.4205,261.8479,489.8934,1748.4786,256.7965,391.3178,1636.3994,346.87628,475.77734,1770.3395,326.13654,390.2107,1628.4594,
21042,294.20474,55.534073,1573.0824,292.8615,136.0836,1567.4716,240.36359,137.6623,1572.7501,292.8615,136.0836,1567.4716,345.71423,134.49423,1562.193,292.8615,136.0836,1567.4716,294.49005,200.0038,1571.9996,292.8615,136.0836,1567.4716,264.42096,264.25134,1579.7274,294.49005,200.0038,1571.9996,327.92636,262.85947,1573.328,294.49005,200.0038,1571.9996,228.6478,219.06046,1638.8988,240.36359,137.6623,1572.7501,356.492,218.75781,1636.7892,345.71423,134.49423,1562.193,230.18484,312.40784,1579.0298,228.6478,219.06046,1638.8988,375.3188,296.90033,1536.3203,356.492,218.75781,1636.7892,266.16687,389.00742,1626.4757,264.42096,264.25134,1579.7274,337.23727,389.69452,1610.9907,327.92636,262.85947,1573.328,262.76205,489.87128,1747.1989,266.16687,389.00742,1626.4757,347.38647,478.4402,1756.0876,337.23727,389.69452,1610.9907,
21289,303.4834,56.105316,1559.9458,302.34116,139.39975,1528.6427,250.8996,140.48071,1534.5587,302.34116,139.39975,1528.6427,354.18243,138.3104,1522.7267,302.34116,139.39975,1528.6427,303.76755,203.91396,1549.8274,302.34116,139.39975,1528.6427,276.96613,267.01163,1574.3373,303.76755,203.91396,1549.8274,333.46442,266.36353,1567.6869,303.76755,203.91396,1549.8274,235.9545,220.8124,1631.8916,250.8996,140.48071,1534.5587,382.45935,218.01202,1553.3547,354.18243,138.3104,1522.7267,235.664,317.17633,1536.1636,235.9545,220.8124,1631.8916,375.81085,295.4816,1487.095,382.45935,218.01202,1553.3547,271.92352,393.24106,1599.5815,276.96613,267.01163,1574.3373,343.634,397.58203,1586.2252,333.46442,266.36353,1567.6869,264.22922,490.24457,1742.9507,271.92352,393.24106,1599.5815,348.8224,482.22238,1748.2628,343.634,397.58203,1586.2252,
21540,309.6051,56.883087,1546.9346,305.8277,140.45697,1512.3756,255.32178,140.30014,1519.713,305.8277,140.45697,1512.3756,356.82608,140.61534,1505.0382,305.8277,140.45697,1512.3756,305.61832,205.93036,1532.676,305.8277,140.45697,1512.3756,276.6672,269.24756,1557.2561,305.61832,205.93036,1532.676,334.3205,270.13892,1548.6968,305.61832,205.93036,1532.676,240.65598,220.95335,1602.8923,255.32178,140.30014,1519.713,382.24057,220.71254,1548.2878,356.82608,140.61534,1505.0382,233.60577,322.2655,1509.1981,240.65598,220.95335,1602.8923,376.1055,299.2614,1470.8306,382.24057,220.71254,1548.2878,271.92798,397.40662,1585.0288,276.6672,269.24756,1557.2561,344.86508,397.74255,1575.9554,334.3205,270.13892,1548.6968,262.699,493.5036,1730.3407,271.92798,397.40662,1585.0288,350.31683,483.44922,1741.8889,344.86508,397.74255,1575.9554,
21790,314.02362,47.816666,1514.1392,307.12158,139.3189,1505.4359,256.89212,138.66104,1509.7625,307.12158,139.3189,1505.4359,357.64056,139.98053,1501.1094,307.12158,139.3189,1505.4359,306.3387,205.05069,1526.3123,307.12158,139.3189,1505.4359,275.83746,268.39905,1549.8184,306.3387,205.05069,1526.3123,335.41776,269.6203,1544.5588,306.3387,205.05069,1526.3123,241.73378,219.36778,1594.6403,256.89212,138.66104,1509.7625,380.48904,221.04471,1555.8027,357.64056,139.98053,1501.1094,229.53996,319.33615,1498.2437,241.73378,219.36778,1594.6403,375.75412,301.6311,1474.3497,380.48904,221.04471,1555.8027,268.9934,395.71698,1564.7833,275.83746,268.39905,1549.8184,345.9291,397.8966,1564.0533,335.41776,269.6203,1544.5588,263.05692,492.93988,1729.1987,268.9934,395.71698,1564.7833,351.14005,486.63196,1727.7992,345.9291,397.8966,1564.0533,
22040,312.6386,50.844284,1526.0382,305.17456,134.20528,1506.2811,257.7123,134.26814,1514.8069,305.17456,134.20528,1506.2811,353.17712,134.14171,1497.7554,305.17456,134.20528,1506.2811,304.82648,200.4714,1517.2566,305.17456,134.20528,1506.2811,273.1949,265.33893,1533.9238,304.82648,200.4714,1517.2566,336.00586,266.23587,1522.5403,304.82648,200.4714,1517.2566,241.32767,205.81183,1587.6451,257.7123,134.26814,1514.8069,373.47522,216.89838,1539.2435,353.17712,134.14171,1497.7554,224.14,307.10272,1513.9214,241.32767,205.81183,1587.6451,377.9802,305.0076,1477.4374,373.47522,216.89838,1539.2435,266.61368,394.88055,1554.7036,273.1949,265.33893,1533.9238,345.6832,398.68716,1563.3783,336.00586,266.23587,1522.5403,262.74908,493.9719,1710.2285,266.61368,394.88055,1554.7036,351.3058,490.06052,1726.408,345.6832,398.68716,1563.3783,
22290,311.6897,52.540756,1533.737,306.13516,131.48416,1515.0237,259.49576,132.06183,1531.5006,306.13516,131.48416,1515.0237,353.8002,130.89377,1498.5468,306.13516,131.48416,1515.0237,305.6144,198.82922,1520.5724,306.13516,131.48416,1515.0237,273.56415,265.09882,1537.3062,305.6144,198.82922,1520.5724,337.0963,266.27896,1514.936,305.6144,198.82922,1520.5724,240.96587,209.40155,1578.6418,259.49576,132.06183,1531.5006,372.61627,214.83272,1553.8053,353.8002,130.89377,1498.5468,230.89801,312.0865,1527.4269,240.96587,209.40155,1578.6418,385.71744,305.9236,1503.0364,372.61627,214.83272,1553.8053,268.2298,394.45636,1563.8744,273.56415,265.09882,1537.3062,346.0978,399.35944,1555.2089,337.0963,266.27896,1514.936,263.8287,494.67062,1710.1804,268.2298,394.45636,1563.8744,351.3617,493.1631,1711.4858,346.0978,399.35944,1555.2089,
22544,310.7548,53.55258,1540.0039,311.8499,135.81206,1541.7577,265.663,137.81769,1556.9584,311.8499,135.81206,1541.7577,358.95663,133.7665,1526.557,311.8499,135.81206,1541.7577,313.52487,201.88063,1547.1588,311.8499,135.81206,1541.7577,285.95908,267.9449,1562.2052,313.52487,201.88063,1547.1588,344.7827,267.02847,1542.9147,313.52487,201.88063,1547.1588,251.06229,218.54507,1619.7959,265.663,137.81769,1556.9584,381.7042,213.64706,1579.4156,358.95663,133.7665,1526.557,249.83658,323.88437,1591.0192,251.06229,218.54507,1619.7959,402.64413,300.92435,1524.3868,381.7042,213.64706,1579.4156,278.17612,395.4309,1594.3826,285.95908,267.9449,1562.2052,355.28275,396.54938,1585.224,344.7827,267.02847,1542.9147,264.787,496.8245,1715.3896,278.17612,395.4309,1594.3826,352.80167,490.66312,1711.666,355.28275,396.54938,1585.224,
22791,309.7813,54.955734,1545.7704,317.24524,142.73587,1553.4053,268.6089,145.7566,1571.0643,317.24524,142.73587,1553.4053,367.00012,139.64566,1535.7462,317.24524,142.73587,1553.4053,320.46323,208.15533,1566.5359,317.24524,142.73587,1553.4053,294.97964,273.40613,1590.1792,320.46323,208.15533,1566.5359,352.6596,271.55603,1569.1538,320.46323,208.15533,1566.5359,264.93558,225.74117,1696.4735,268.6089,145.7566,1571.0643,389.50342,223.17885,1596.1544,367.00012,139.64566,1535.7462,260.48105,316.9622,1609.5225,264.93558,225.74117,1696.4735,395.078,304.2171,1528.1102,389.50342,223.17885,1596.1544,290.4073,396.50195,1638.3016,294.97964,273.40613,1590.1792,359.8628,399.34595,1588.7303,352.6596,271.55603,1569.1538,266.74698,489.50098,1745.7733,290.4073,396.50195,1638.3016,354.12662,495.49744,1698.0933,359.8628,399.34595,1588.7303,
23042,309.1261,55.711975,1550.9226,315.72455,140.18414,1553.5306,269.13403,143.62927,1574.688,315.72455,140.18414,1553.5306,363.6016,136.64386,1532.3733,315.72455,140.18414,1553.5306,319.50003,206.17303,1566.7965,315.72455,140.18414,1553.5306,294.53076,272.09003,1593.2118,319.50003,206.17303,1566.7965,352.3748,270.0003,1566.913,319.50003,206.17303,1566.7965,261.05603,222.6115,1675.5914,269.13403,143.62927,1574.688,389.4396,211.75084,1561.2725,363.6016,136.64386,1532.3733,248.4542,315.06622,1610.6803,261.05603,222.6115,1675.5914,395.90906,308.0883,1521.1569,389.4396,211.75084,1561.2725,283.30328,394.77808,1617.9807,294.53076,272.09003,1593.2118,356.98892,390.9156,1577.4547,352.3748,270.0003,1566.913,266.72968,489.5407,1738.035,283.30328,394.77808,1617.9807,355.47583,487.96924,1694.9269,356.98892,390.9156,1577.4547,
23289,308.33746,56.291733,1555.0071,313.15503,132.3953,1551.8345,265.41754,134.12375,1570.9491,313.15503,132.3953,1551.8345,362.0832,130.6237,1532.7198,313.15503,132.3953,1551.8345,314.3298,199.73557,1562.0795,313.15503,132.3953,1551.8345,282.6645,266.2673,1585.5824,314.3298,199.73557,1562.0795,348.87234,266.12814,1559.0665,314.3298,199.73557,1562.0795,253.46436,213.46024,1662.9343,265.41754,134.12375,1570.9491,386.0121,209.48648,1567.8333,362.0832,130.6237,1532.7198,232.96088,318.04724,1591.7587,253.46436,213.46024,1662.9343,378.75565,302.95908,1516.6158,386.0121,209.48648,1567.8333,273.3066,394.5393,1614.5507,282.6645,266.2673,1585.5824,353.4057,385.86993,1578.853,348.87234,266.12814,1559.0665,265.52087,494.7804,1728.236,273.3066,394.5393,1614.5507,354.6015,484.30365,1698.6443,353.4057,385.86993,1578.853,
23540,304.84357,57.480667,1565.6509,300.00806,134.96109,1560.6447,251.41966,135.26503,1581.23,300.00806,134.96109,1560.6447,349.89532,134.64902,1540.0593,300.00806,134.96109,1560.6447,299.1723,201.43494,1569.4595,300.00806,134.96109,1560.6447,265.4101,266.2052,1592.3324,299.1723,201.43494,1569.4595,331.87378,268.1446,1564.2162,299.1723,201.43494,1569.4595,235.84802,213.6108,1661.4176,251.41966,135.26503,1581.23,369.43146,220.13603,1572.4796,349.89532,134.64902,1540.0593,214.22891,312.8043,1572.9062,235.84802,213.6108,1661.4176,332.90665,311.21442,1405.6962,369.43146,220.13603,1572.4796,264.0288,395.87546,1623.0105,265.4101,266.2052,1592.3324,341.829,394.27246,1586.9991,331.87378,268.1446,1564.2162,264.02374,494.71503,1728.1147,264.0288,395.87546,1623.0105,354.4999,486.36737,1700.133,341.829,394.27246,1586.9991,
23790,296.53198,57.225357,1567.8727,290.48358,137.71103,1562.8079,243.55615,137.508,1576.354,290.48358,137.71103,1562.8079,338.23166,137.9176,1549.2617,290.48358,137.71103,1562.8079,289.33694,201.38702,1568.2344,290.48358,137.71103,1562.8079,256.72757,263.75598,1582.7861,289.33694,201.38702,1568.2344,320.03592,265.5019,1564.5356,289.33694,201.38702,1568.2344,227.89943,210.52277,1670.5214,243.55615,137.508,1576.354,359.48682,227.44812,1569.2731,338.23166,137.9176,1549.2617,204.98303,310.7334,1574.2345,227.89943,210.52277,1670.5214,332.96457,309.4607,1420.3115,359.48682,227.44812,1569.2731,257.6031,393.76703,1610.7761,256.72757,263.75598,1582.7861,335.25266,395.60974,1604.9053,320.03592,265.5019,1564.5356,262.11792,494.51758,1719.2341,257.6031,393.76703,1610.7761,353.8185,487.8686,1713.1857,335.25266,395.60974,1604.9053,
24043,292.18118,57.483475,1569.9066,280.9751,145.80775,1563.254,230.1686,147.06598,1579.5621,280.9751,145.80775,1563.254,332.85278,144.52303,1546.9459,280.9751,145.80775,1563.254,282.12143,208.93155,1575.2362,280.9751,145.80775,1563.254,255.24187,271.08276,1596.2998,282.12143,208.93155,1575.2362,311.5814,271.122,1578.137,282.12143,208.93155,1575.2362,217.15619,219.74771,1659.2985,230.1686,147.06598,1579.5621,351.96832,230.15158,1612.5605,332.85278,144.52303,1546.9459,201.35971,308.24258,1579.9799,217.15619,219.74771,1659.2985,331.68826,289.5293,1408.9666,351.96832,230.15158,1612.5605,254.60655,395.83325,1611.2001,255.24187,271.08276,1596.2998,332.9207,395.63434,1611.8613,311.5814,271.122,1578.137,261.21915,495.7365,1718.225,254.60655,395.83325,1611.2001,353.9934,486.90002,1722.607,332.9207,395.63434,1611.8613,
24292,289.40656,57.334778,1591.4236,279.8169,141.42532,1570.8373,229.59186,143.40741,1584.8438,279.8169,141.42532,1570.8373,330.94565,139.4076,1556.8308,279.8169,141.42532,1570.8373,281.70776,205.57275,1578.8042,279.8169,141.42532,1570.8373,254.72603,269.56628,1594.8632,281.70776,205.57275,1578.8042,312.7291,268.58075,1578.6791,281.70776,205.57275,1578.8042,218.07553,221.67426,1666.4305,229.59186,143.40741,1584.8438,350.3959,226.30142,1612.4135,330.94565,139.4076,1556.8308,211.00476,311.7522,1597.6416,218.07553,221.67426,1666.4305,340.12753,291.4421,1454.5408,350.3959,226.30142,1612.4135,255.76682,395.08078,1616.2964,254.72603,269.56628,1594.8632,332.08356,395.1212,1612.5438,312.7291,268.58075,1578.6791,261.3027,494.98254,1722.8347,255.76682,395.08078,1616.2964,353.59158,487.12903,1721.1602,332.08356,395.1212,1612.5438,
24541,289.40845,57.41429,1588.4606,281.57767,143.67624,1602.1448,231.79219,146.65723,1622.961,281.57767,143.67624,1602.1448,332.67386,140.61673,1581.3285,281.57767,143.67624,1602.1448,283.22125,205.41472,1595.361,281.57767,143.67624,1602.1448,255.93994,268.4881,1600.4995,283.22125,205.41472,1595.361,314.25555,266.86072,1576.6548,283.22125,205.41472,1595.361,221.73677,226.68846,1677.4003,231.79219,146.65723,1622.961,353.96426,222.94632,1647.1776,332.67386,140.61673,1581.3285,217.6485,310.1649,1611.8121,221.73677,226.68846,1677.4003,345.7145,297.77646,1481.0623,353.96426,222.94632,1647.1776,259.5184,390.0559,1633.3623,255.93994,268.4881,1600.4995,333.24106,391.99664,1619.5913,314.25555,266.86072,1576.6548,261.47714,493.6145,1732.1785,259.5184,390.0559,1633.3623,353.1847,488.21735,1716.202,333.24106,391.99664,1619.5913,
24790,290.86002,58.298065,1599.547,287.55026,147.48883,1602.4392,237.88042,151.97256,1623.243,287.55026,147.48883,1602.4392,338.52673,142.88712,1581.6354,287.55026,147.48883,1602.4392,291.45505,207.89073,1601.287,287.55026,147.48883,1602.4392,262.85953,270.29614,1613.6418,291.45505,207.89073,1601.287,328.4249,266.43048,1586.6277,291.45505,207.89073,1601.287,229.26208,226.47572,1666.1019,237.88042,151.97256,1623.243,361.24222,226.2439,1680.4751,338.52673,142.88712,1581.6354,227.08255,308.0239,1622.4537,229.26208,226.47572,1666.1019,371.52753,303.2039,1574.912,361.24222,226.2439,1680.4751,266.39877,393.33374,1662.3698,262.85953,270.29614,1613.6418,336.8303,386.60583,1631.7708,328.4249,266.43048,1586.6277,261.8283,495.63364,1742.8926,266.39877,393.33374,1662.3698,352.79642,486.09518,1712.799,336.8303,386.60583,1631.7708,
25040,306.11792,58.12584,1592.0664,301.98608,140.18289,1600.388,252.41945,144.36748,1612.5719,301.98608,140.18289,1600.388,352.31317,135.93411,1588.204,301.98608,140.18289,1600.388,306.42456,200.0018,1608.4159,301.98608,140.18289,1600.388,279.61005,261.29218,1624.16,306.42456,200.0018,1608.4159,342.32733,257.14105,1608.7277,306.42456,200.0018,1608.4159,237.42087,217.2963,1692.5554,252.41945,144.36748,1612.5719,372.79465,213.0939,1678.3284,352.31317,135.93411,1588.204,247.1243,278.32233,1691.6179,237.42087,217.2963,1692.5554,392.32977,289.71338,1614.748,372.79465,213.0939,1678.3284,277.8039,383.66644,1665.0895,279.61005,261.29218,1624.16,351.17957,380.82794,1622.2233,342.32733,257.14105,1608.7277,273.21613,487.6645,1767.8351,277.8039,383.66644,1665.0895,354.19818,481.70667,1726.7146,351.17957,380.82794,1622.2233,
25289,325.69592,57.902664,1592.4565,329.64642,130.09732,1589.5979,288.36526,129.78233,1601.8434,329.64642,130.09732,1589.5979,371.5685,130.4172,1577.3524,329.64642,130.09732,1589.5979,328.2731,194.47285,1602.4818,329.64642,130.09732,1589.5979,297.5661,256.9027,1624.1996,328.2731,194.47285,1602.4818,356.60013,258.7504,1606.5319,328.2731,194.47285,1602.4818,243.2046,179.62344,1750.4493,288.36526,129.78233,1601.8434,392.2798,207.92001,1664.6068,371.5685,130.4172,1577.3524,263.3657,251.46538,1689.0562,243.2046,179.62344,1750.4493,415.29196,291.85114,1645.5488,392.2798,207.92001,1664.6068,317.28433,379.4842,1564.4762,297.5661,256.9027,1624.1996,363.97504,388.398,1626.4977,356.60013,258.7504,1606.5319,287.76318,454.30878,1694.7433,317.28433,379.4842,1564.4762,354.70972,482.28635,1730.5,363.97504,388.398,1626.4977,
25541,342.91306,55.774414,1577.9814,333.9086,128.8577,1556.1255,291.42325,130.43785,1558.6653,333.9086,128.8577,1556.1255,376.53287,127.27239,1553.5857,333.9086,128.8577,1556.1255,335.99277,194.00107,1576.6245,333.9086,128.8577,1556.1255,311.12457,258.33984,1598.7727,335.99277,194.00107,1576.6245,364.9779,256.6028,1595.4744,335.99277,194.00107,1576.6245,249.67319,179.65944,1718.8917,291.42325,130.43785,1558.6653,395.1852,195.81268,1680.0906,376.53287,127.27239,1553.5857,264.49216,244.56349,1655.9149,249.67319,179.65944,1718.8917,422.11563,288.94064,1640.0734,395.1852,195.81268,1680.0906,326.9496,388.83932,1528.5446,311.12457,258.33984,1598.7727,377.53616,359.7979,1759.8568,364.9779,256.6028,1595.4744,332.24957,491.39435,1685.7772,326.9496,388.83932,1528.5446,356.10156,481.25397,1729.3162,377.53616,359.7979,1759.8568,
25790,345.5717,51.11795,1548.9645,332.66867,131.19083,1492.449,283.38577,135.74158,1461.3242,332.66867,131.19083,1492.449,379.938,126.82603,1523.5737,332.66867,131.19083,1492.449,334.92166,195.75854,1554.5043,332.66867,131.19083,1492.449,315.8809,258.45865,1601.91,334.92166,195.75854,1554.5043,357.74304,252.33505,1631.2091,334.92166,195.75854,1554.5043,238.64082,203.02516,1594.8042,283.38577,135.74158,1461.3242,391.45862,186.61276,1351.222,379.938,126.82603,1523.5737,284.13275,267.9722,1488.6395,238.64082,203.02516,1594.8042,402.93347,236.95824,1620.0048,391.45862,186.61276,1351.222,332.98422,390.76068,1466.6864,315.8809,258.45865,1601.91,367.77682,361.83148,1743.3423,357.74304,252.33505,1631.2091,329.65027,503.39636,1628.6702,332.98422,390.76068,1466.6864,354.3963,469.69458,1781.1038,367.77682,361.83148,1743.3423,
26043,269.3291,93.464355,1317.1681,323.789,134.95435,1403.8564,289.0214,149.8688,1346.6584,323.789,134.95435,1403.8564,355.8344,121.2076,1461.0544,323.789,134.95435,1403.8564,328.9707,199.09875,1503.5948,323.789,134.95435,1403.8564,318.3976,264.07,1573.9304,328.9707,199.09875,1503.5948,348.07364,246.77267,1632.7361,328.9707,199.09875,1503.5948,204.30185,200.104,1405.4514,289.0214,149.8688,1346.6584,358.13086,176.20998,1311.0917,355.8344,121.2076,1461.0544,272.75266,310.71625,1348.5629,204.30185,200.104,1405.4514,345.1145,288.93103,1352.5707,358.13086,176.20998,1311.0917,330.0895,409.6714,1436.519,318.3976,264.07,1573.9304,331.46603,347.05136,1651.7745,348.07364,246.77267,1632.7361,331.43448,511.8248,1616.1251,330.0895,409.6714,1436.519,310.37558,453.10114,1785.274,331.46603,347.05136,1651.7745,
26291,331.02347,9.935379,1349.818,317.3011,126.836624,1383.5968,291.74973,112.81713,1260.5487,317.3011,126.836624,1383.5968,338.6789,138.56618,1506.6449,317.3011,126.836624,1383.5968,304.69238,177.13452,1391.0709,317.3011,126.836624,1383.5968,284.0627,225.65619,1359.8795,304.69238,177.13452,1391.0709,299.9354,228.06679,1437.2106,304.69238,177.13452,1391.0709,241.99048,204.40924,1204.0449,291.74973,112.81713,1260.5487,312.12473,99.5979,1227.5886,338.6789,138.56618,1506.6449,258.81866,322.88174,1133.2993,241.99048,204.40924,1204.0449,258.95316,220.755,1217.5787,312.12473,99.5979,1227.5886,200.95273,339.5221,1246.0371,284.0627,225.65619,1359.8795,307.68134,364.36447,1494.6848,299.9354,228.06679,1437.2106,322.16293,499.1533,1555.1938,200.95273,339.5221,1246.0371,292.57172,464.85498,1601.1658,307.68134,364.36447,1494.6848,
26541,305.82147,35.903854,1407.4347,317.61874,123.23347,1393.64,308.98996,130.1883,1274.0707,317.61874,123.23347,1393.64,324.88388,117.37775,1513.2094,317.61874,123.23347,1393.64,299.32962,185.75813,1450.18,317.61874,123.23347,1393.64,275.50977,254.14838,1429.128,299.32962,185.75813,1450.18,288.6403,234.06638,1584.3121,299.32962,185.75813,1450.18,274.14572,221.16708,1205.8848,308.98996,130.1883,1274.0707,258.82043,164.21774,1633.1992,324.88388,117.37775,1513.2094,293.6118,332.96658,1176.4814,274.14572,221.16708,1205.8848,357.29794,257.79312,1389.317,258.82043,164.21774,1633.1992,255.86743,386.21005,1397.0427,275.50977,254.14838,1429.128,293.1404,359.42877,1709.1729,288.6403,234.06638,1584.3121,309.77335,508.69077,1616.1943,255.86743,386.21005,1397.0427,287.16727,460.172,1832.4818,293.1404,359.42877,1709.1729,
26792,294.96002,56.836,1530.3978,283.34622,132.2582,1516.153,238.77759,134.95786,1510.5757,283.34622,132.2582,1516.153,327.58813,129.57832,1521.7302,283.34622,132.2582,1516.153,287.49432,191.63893,1517.6234,283.34622,132.2582,1516.153,271.20227,252.34415,1516.5251,287.49432,191.63893,1517.6234,311.99756,249.47011,1521.6626,287.49432,191.63893,1517.6234,218.89178,208.70317,1652.7507,238.77759,134.95786,1510.5757,273.7563,183.93533,1658.6727,327.58813,129.57832,1521.7302,218.34875,246.34119,1657.2677,218.89178,208.70317,1652.7507,368.202,291.60495,1520.5983,273.7563,183.93533,1658.6727,289.9438,387.4541,1590.8933,271.20227,252.34415,1516.5251,321.884,391.24677,1461.4326,311.99756,249.47011,1521.6626,297.62238,495.05566,1660.8234,289.9438,387.4541,1590.8933,293.97153,473.0147,1785.4039,321.884,391.24677,1461.4326,
27042,284.8101,59.439316,1624.0269,272.7205,123.91361,1567.9277,232.21469,123.430725,1642.153,272.7205,123.91361,1567.9277,317.25192,124.44452,1493.7025,272.7205,123.91361,1567.9277,274.0982,185.32965,1605.792,272.7205,123.91361,1567.9277,251.00209,240.36694,1689.5402,274.0982,185.32965,1605.792,301.2248,247.66904,1597.7723,274.0982,185.32965,1605.792,220.93167,184.76244,1820.2621,232.21469,123.430725,1642.153,336.5731,205.21649,1485.0503,317.25192,124.44452,1493.7025,209.90204,262.82043,1648.8809,220.93167,184.76244,1820.2621,356.24976,268.37384,1667.2682,336.5731,205.21649,1485.0503,253.26096,363.75067,1704.1495,251.00209,240.36694,1689.5402,314.22195,367.93805,1669.1787,301.2248,247.66904,1597.7723,266.56818,472.86798,1808.8881,253.26096,363.75067,1704.1495,309.59113,471.8944,1669.5726,314.22195,367.93805,1669.1787,
27291,284.90424,65.2059,1647.7389,276.71887,149.79924,1624.4138,239.75635,148.52277,1711.855,276.71887,149.79924,1624.4138,317.88715,151.22096,1536.9727,276.71887,149.79924,1624.4138,283.99506,210.54501,1681.6135,276.71887,149.79924,1624.4138,276.44757,264.52353,1773.2959,283.99506,210.54501,1681.6135,305.7179,270.17703,1704.3306,283.99506,210.54501,1681.6135,237.47093,211.49857,1829.0938,239.75635,148.52277,1711.855,359.77313,249.37735,1656.0784,317.88715,151.22096,1536.9727,224.56564,258.75443,1661.2369,237.47093,211.49857,1829.0938,284.95428,222.75983,1511.2609,359.77313,249.37735,1656.0784,253.25659,372.4798,1729.9277,276.44757,264.52353,1773.2959,338.36887,372.8949,1748.6866,305.7179,270.17703,1704.3306,268.2797,498.28354,1864.5311,253.25659,372.4798,1729.9277,345.04895,458.89948,1799.489,338.36887,372.8949,1748.6866,
27541,300.0771,66.52763,1676.7112,298.73917,133.71953,1654.9149,263.27216,134.7796,1723.9312,298.73917,133.71953,1654.9149,337.29312,132.56715,1585.8987,298.73917,133.71953,1654.9149,304.6422,197.96077,1705.4104,298.73917,133.71953,1654.9149,286.6211,255.9235,1803.2993,304.6422,197.96077,1705.4104,335.0988,261.2342,1708.5125,304.6422,197.96077,1705.4104,259.211,224.01945,1850.146,263.27216,134.7796,1723.9312,379.73108,194.3274,1588.5319,337.29312,132.56715,1585.8987,254.16455,285.55313,1685.5316,259.211,224.01945,1850.146,422.19058,218.65901,1770.4326,379.73108,194.3274,1588.5319,289.57312,359.35632,1847.8883,286.6211,255.9235,1803.2993,365.6738,363.56873,1714.5377,335.0988,261.2342,1708.5125,273.9391,492.26038,1900.429,289.57312,359.35632,1847.8883,394.17377,466.96295,1768.1517,365.6738,363.56873,1714.5377,
27791,358.5238,75.36728,1728.9203,351.4409,140.9293,1701.256,314.72406,143.56989,1770.6292,351.4409,140.9293,1701.256,391.27945,138.06424,1631.8828,351.4409,140.9293,1701.256,357.4746,203.35037,1744.3784,351.4409,140.9293,1701.256,334.6621,261.1216,1842.9603,357.4746,203.35037,1744.3784,393.601,264.50266,1732.0414,357.4746,203.35037,1744.3784,305.26804,224.47241,1881.5641,314.72406,143.56989,1770.6292,441.67035,196.14395,1683.5654,391.27945,138.06424,1631.8828,296.16986,281.17255,1942.1808,305.26804,224.47241,1881.5641,435.5504,205.59938,1997.2985,441.67035,196.14395,1683.5654,321.2731,365.47415,1873.3909,334.6621,261.1216,1842.9603,406.7594,363.3981,1726.3374,393.601,264.50266,1732.0414,267.7978,465.94855,1842.2192,321.2731,365.47415,1873.3909,425.76276,444.55615,1805.2383,406.7594,363.3981,1726.3374,
28041,419.28583,75.66142,1754.1359,428.23022,128.09888,1797.3578,426.99365,120.09614,1656.2874,428.23022,128.09888,1797.3578,429.28687,134.93681,1938.4282,428.23022,128.09888,1797.3578,427.2647,180.24908,1802.9266,428.23022,128.09888,1797.3578,425.4769,232.58282,1721.7723,427.2647,180.24908,1802.9266,427.0576,231.61961,1895.2186,427.2647,180.24908,1802.9266,478.46362,167.54655,1604.5503,426.99365,120.09614,1656.2874,415.12555,189.17021,2097.507,429.28687,134.93681,1938.4282,511.9568,144.96352,1803.5707,478.46362,167.54655,1604.5503,464.74835,236.82062,1947.0961,415.12555,189.17021,2097.507,416.78375,346.66574,1769.2056,425.4769,232.58282,1721.7723,419.56677,346.147,1941.1411,427.0576,231.61961,1895.2186,397.78693,449.0003,1802.5775,416.78375,346.66574,1769.2056,406.4306,447.59418,1961.2026,419.56677,346.147,1941.1411,
28292,462.7444,79.199585,1858.4817,446.9767,130.97552,1844.721,483.1891,128.29343,1721.1176,446.9767,130.97552,1844.721,415.31235,133.3208,1968.3243,446.9767,130.97552,1844.721,448.3183,182.2302,1872.0803,446.9767,130.97552,1844.721,462.34912,233.60747,1852.913,448.3183,182.2302,1872.0803,437.502,230.48564,1945.9664,448.3183,182.2302,1872.0803,556.67957,146.73578,1767.9808,483.1891,128.29343,1721.1176,394.2052,179.42047,2083.5605,415.31235,133.3208,1968.3243,509.79248,182.78435,1839.1045,556.67957,146.73578,1767.9808,440.8424,221.28658,2011.1003,394.2052,179.42047,2083.5605,477.20746,341.44452,1881.8605,462.34912,233.60747,1852.913,440.52777,324.56018,1893.8508,437.502,230.48564,1945.9664,483.80383,453.84344,1847.2521,477.20746,341.44452,1881.8605,426.5442,423.24524,2021.6782,440.52777,324.56018,1893.8508,
28542,477.2934,139.19156,1890.2699,527.3681,139.2546,2014.8523,498.0315,140.25914,2120.697,527.3681,139.2546,2014.8523,559.9578,138.13864,1909.0076,527.3681,139.2546,2014.8523,510.66113,187.72215,1995.7961,527.3681,139.2546,2014.8523,473.91913,234.35814,2049.6663,510.66113,187.72215,1995.7961,514.8551,240.10214,1903.8137,510.66113,187.72215,1995.7961,449.60275,156.53937,1998.6095,498.0315,140.25914,2120.697,538.06476,153.89354,2029.1135,559.9578,138.13864,1909.0076,403.27768,101.581924,2088.0876,449.60275,156.53937,1998.6095,454.91382,214.59172,2025.2909,538.06476,153.89354,2029.1135,469.67792,338.1817,2104.0664,473.91913,234.35814,2049.6663,504.0268,344.48334,1976.2004,514.8551,240.10214,1903.8137,471.91663,426.59174,2199.6807,469.67792,338.1817,2104.0664,456.73135,413.70142,2127.3591,504.0268,344.48334,1976.2004,
28790,514.50415,101.0896,1916.783,524.7319,140.16183,2064.9639,501.01953,137.06406,2104.224,524.7319,140.16183,2064.9639,549.3633,143.37971,2025.7039,524.7319,140.16183,2064.9639,512.5658,186.2497,2054.33,524.7319,140.16183,2064.9639,472.36365,227.02483,2090.5054,512.5658,186.2497,2054.33,529.4913,238.88107,1996.8871,512.5658,186.2497,2054.33,485.01898,150.342,1927.8441,501.01953,137.06406,2104.224,547.8662,158.82776,1855.4674,549.3633,143.37971,2025.7039,470.11957,63.80812,1927.9498,485.01898,150.342,1927.8441,509.88116,91.64699,1874.8396,547.8662,158.82776,1855.4674,472.74066,332.37674,2110.3613,472.36365,227.02483,2090.5054,533.23315,337.10654,2007.2552,529.4913,238.88107,1996.8871,473.56583,428.02042,2175.1367,472.74066,332.37674,2110.3613,559.14417,446.0194,1939.8624,533.23315,337.10654,2007.2552,
29062,NaN,NaN,0.0,NaN,NaN,0.0,NaN,NaN,0.0,NaN,NaN,0.0,NaN,NaN,0.0,NaN,NaN,0.0,NaN,NaN,0.0,NaN,NaN,0.0,NaN,NaN,0.0,NaN,NaN,0.0,NaN,NaN,0.0,NaN,NaN,0.0,NaN,NaN,0.0,NaN,NaN,0.0,NaN,NaN,0.0,NaN,NaN,0.0,NaN,NaN,0.0,NaN,NaN,0.0,NaN,NaN,0.0,NaN,NaN,0.0,NaN,NaN,0.0,NaN,NaN,0.0,NaN,NaN,0.0,NaN,NaN,0.0,NaN,NaN,0.0,NaN,NaN,0.0,NaN,NaN,0.0,NaN,NaN,0.0,
30557,NaN,NaN,0.0,NaN,NaN,0.0,NaN,NaN,0.0,NaN,NaN,0.0,NaN,NaN,0.0,NaN,NaN,0.0,NaN,NaN,0.0,NaN,NaN,0.0,NaN,NaN,0.0,NaN,NaN,0.0,NaN,NaN,0.0,NaN,NaN,0.0,NaN,NaN,0.0,NaN,NaN,0.0,NaN,NaN,0.0,NaN,NaN,0.0,NaN,NaN,0.0,NaN,NaN,0.0,NaN,NaN,0.0,NaN,NaN,0.0,NaN,NaN,0.0,NaN,NaN,0.0,NaN,NaN,0.0,NaN,NaN,0.0,NaN,NaN,0.0,NaN,NaN,0.0,NaN,NaN,0.0,NaN,NaN,0.0,
30794,NaN,NaN,0.0,NaN,NaN,0.0,NaN,NaN,0.0,NaN,NaN,0.0,NaN,NaN,0.0,NaN,NaN,0.0,NaN,NaN,0.0,NaN,NaN,0.0,NaN,NaN,0.0,NaN,NaN,0.0,NaN,NaN,0.0,NaN,NaN,0.0,NaN,NaN,0.0,NaN,NaN,0.0,NaN,NaN,0.0,NaN,NaN,0.0,NaN,NaN,0.0,NaN,NaN,0.0,NaN,NaN,0.0,NaN,NaN,0.0,NaN,NaN,0.0,NaN,NaN,0.0,NaN,NaN,0.0,NaN,NaN,0.0,NaN,NaN,0.0,NaN,NaN,0.0,NaN,NaN,0.0,NaN,NaN,0.0,
31040,NaN,NaN,0.0,NaN,NaN,0.0,NaN,NaN,0.0,NaN,NaN,0.0,NaN,NaN,0.0,NaN,NaN,0.0,NaN,NaN,0.0,NaN,NaN,0.0,NaN,NaN,0.0,NaN,NaN,0.0,NaN,NaN,0.0,NaN,NaN,0.0,NaN,NaN,0.0,NaN,NaN,0.0,NaN,NaN,0.0,NaN,NaN,0.0,NaN,NaN,0.0,NaN,NaN,0.0,NaN,NaN,0.0,NaN,NaN,0.0,NaN,NaN,0.0,NaN,NaN,0.0,NaN,NaN,0.0,NaN,NaN,0.0,NaN,NaN,0.0,NaN,NaN,0.0,NaN,NaN,0.0,NaN,NaN,0.0,
31292,NaN,NaN,0.0,NaN,NaN,0.0,NaN,NaN,0.0,NaN,NaN,0.0,NaN,NaN,0.0,NaN,NaN,0.0,NaN,NaN,0.0,NaN,NaN,0.0,NaN,NaN,0.0,NaN,NaN,0.0,NaN,NaN,0.0,NaN,NaN,0.0,NaN,NaN,0.0,NaN,NaN,0.0,NaN,NaN,0.0,NaN,NaN,0.0,NaN,NaN,0.0,NaN,NaN,0.0,NaN,NaN,0.0,NaN,NaN,0.0,NaN,NaN,0.0,NaN,NaN,0.0,NaN,NaN,0.0,NaN,NaN,0.0,NaN,NaN,0.0,NaN,NaN,0.0,NaN,NaN,0.0,NaN,NaN,0.0,
31540,NaN,NaN,0.0,NaN,NaN,0.0,NaN,NaN,0.0,NaN,NaN,0.0,NaN,NaN,0.0,NaN,NaN,0.0,NaN,NaN,0.0,NaN,NaN,0.0,NaN,NaN,0.0,NaN,NaN,0.0,NaN,NaN,0.0,NaN,NaN,0.0,NaN,NaN,0.0,NaN,NaN,0.0,NaN,NaN,0.0,NaN,NaN,0.0,NaN,NaN,0.0,NaN,NaN,0.0,NaN,NaN,0.0,NaN,NaN,0.0,NaN,NaN,0.0,NaN,NaN,0.0,NaN,NaN,0.0,NaN,NaN,0.0,NaN,NaN,0.0,NaN,NaN,0.0,NaN,NaN,0.0,NaN,NaN,0.0,
31792,NaN,NaN,0.0,NaN,NaN,0.0,NaN,NaN,0.0,NaN,NaN,0.0,NaN,NaN,0.0,NaN,NaN,0.0,NaN,NaN,0.0,NaN,NaN,0.0,NaN,NaN,0.0,NaN,NaN,0.0,NaN,NaN,0.0,NaN,NaN,0.0,NaN,NaN,0.0,NaN,NaN,0.0,NaN,NaN,0.0,NaN,NaN,0.0,NaN,NaN,0.0,NaN,NaN,0.0,NaN,NaN,0.0,NaN,NaN,0.0,NaN,NaN,0.0,NaN,NaN,0.0,NaN,NaN,0.0,NaN,NaN,0.0,NaN,NaN,0.0,NaN,NaN,0.0,NaN,NaN,0.0,NaN,NaN,0.0,
32039,NaN,NaN,0.0,NaN,NaN,0.0,NaN,NaN,0.0,NaN,NaN,0.0,NaN,NaN,0.0,NaN,NaN,0.0,NaN,NaN,0.0,NaN,NaN,0.0,NaN,NaN,0.0,NaN,NaN,0.0,NaN,NaN,0.0,NaN,NaN,0.0,NaN,NaN,0.0,NaN,NaN,0.0,NaN,NaN,0.0,NaN,NaN,0.0,NaN,NaN,0.0,NaN,NaN,0.0,NaN,NaN,0.0,NaN,NaN,0.0,NaN,NaN,0.0,NaN,NaN,0.0,NaN,NaN,0.0,NaN,NaN,0.0,NaN,NaN,0.0,NaN,NaN,0.0,NaN,NaN,0.0,NaN,NaN,0.0,
32289,NaN,NaN,0.0,NaN,NaN,0.0,NaN,NaN,0.0,NaN,NaN,0.0,NaN,NaN,0.0,NaN,NaN,0.0,NaN,NaN,0.0,NaN,NaN,0.0,NaN,NaN,0.0,NaN,NaN,0.0,NaN,NaN,0.0,NaN,NaN,0.0,NaN,NaN,0.0,NaN,NaN,0.0,NaN,NaN,0.0,NaN,NaN,0.0,NaN,NaN,0.0,NaN,NaN,0.0,NaN,NaN,0.0,NaN,NaN,0.0,NaN,NaN,0.0,NaN,NaN,0.0,NaN,NaN,0.0,NaN,NaN,0.0,NaN,NaN,0.0,NaN,NaN,0.0,NaN,NaN,0.0,NaN,NaN,0.0,
32540,NaN,NaN,0.0,NaN,NaN,0.0,NaN,NaN,0.0,NaN,NaN,0.0,NaN,NaN,0.0,NaN,NaN,0.0,NaN,NaN,0.0,NaN,NaN,0.0,NaN,NaN,0.0,NaN,NaN,0.0,NaN,NaN,0.0,NaN,NaN,0.0,NaN,NaN,0.0,NaN,NaN,0.0,NaN,NaN,0.0,NaN,NaN,0.0,NaN,NaN,0.0,NaN,NaN,0.0,NaN,NaN,0.0,NaN,NaN,0.0,NaN,NaN,0.0,NaN,NaN,0.0,NaN,NaN,0.0,NaN,NaN,0.0,NaN,NaN,0.0,NaN,NaN,0.0,NaN,NaN,0.0,NaN,NaN,0.0,
32790,NaN,NaN,0.0,NaN,NaN,0.0,NaN,NaN,0.0,NaN,NaN,0.0,NaN,NaN,0.0,NaN,NaN,0.0,NaN,NaN,0.0,NaN,NaN,0.0,NaN,NaN,0.0,NaN,NaN,0.0,NaN,NaN,0.0,NaN,NaN,0.0,NaN,NaN,0.0,NaN,NaN,0.0,NaN,NaN,0.0,NaN,NaN,0.0,NaN,NaN,0.0,NaN,NaN,0.0,NaN,NaN,0.0,NaN,NaN,0.0,NaN,NaN,0.0,NaN,NaN,0.0,NaN,NaN,0.0,NaN,NaN,0.0,NaN,NaN,0.0,NaN,NaN,0.0,NaN,NaN,0.0,NaN,NaN,0.0,
33040,NaN,NaN,0.0,NaN,NaN,0.0,NaN,NaN,0.0,NaN,NaN,0.0,NaN,NaN,0.0,NaN,NaN,0.0,NaN,NaN,0.0,NaN,NaN,0.0,NaN,NaN,0.0,NaN,NaN,0.0,NaN,NaN,0.0,NaN,NaN,0.0,NaN,NaN,0.0,NaN,NaN,0.0,NaN,NaN,0.0,NaN,NaN,0.0,NaN,NaN,0.0,NaN,NaN,0.0,NaN,NaN,0.0,NaN,NaN,0.0,NaN,NaN,0.0,NaN,NaN,0.0,NaN,NaN,0.0,NaN,NaN,0.0,NaN,NaN,0.0,NaN,NaN,0.0,NaN,NaN,0.0,NaN,NaN,0.0,
33290,NaN,NaN,0.0,NaN,NaN,0.0,NaN,NaN,0.0,NaN,NaN,0.0,NaN,NaN,0.0,NaN,NaN,0.0,NaN,NaN,0.0,NaN,NaN,0.0,NaN,NaN,0.0,NaN,NaN,0.0,NaN,NaN,0.0,NaN,NaN,0.0,NaN,NaN,0.0,NaN,NaN,0.0,NaN,NaN,0.0,NaN,NaN,0.0,NaN,NaN,0.0,NaN,NaN,0.0,NaN,NaN,0.0,NaN,NaN,0.0,NaN,NaN,0.0,NaN,NaN,0.0,NaN,NaN,0.0,NaN,NaN,0.0,NaN,NaN,0.0,NaN,NaN,0.0,NaN,NaN,0.0,NaN,NaN,0.0,
33541,NaN,NaN,0.0,NaN,NaN,0.0,NaN,NaN,0.0,NaN,NaN,0.0,NaN,NaN,0.0,NaN,NaN,0.0,NaN,NaN,0.0,NaN,NaN,0.0,NaN,NaN,0.0,NaN,NaN,0.0,NaN,NaN,0.0,NaN,NaN,0.0,NaN,NaN,0.0,NaN,NaN,0.0,NaN,NaN,0.0,NaN,NaN,0.0,NaN,NaN,0.0,NaN,NaN,0.0,NaN,NaN,0.0,NaN,NaN,0.0,NaN,NaN,0.0,NaN,NaN,0.0,NaN,NaN,0.0,NaN,NaN,0.0,NaN,NaN,0.0,NaN,NaN,0.0,NaN,NaN,0.0,NaN,NaN,0.0,
33790,NaN,NaN,0.0,NaN,NaN,0.0,NaN,NaN,0.0,NaN,NaN,0.0,NaN,NaN,0.0,NaN,NaN,0.0,NaN,NaN,0.0,NaN,NaN,0.0,NaN,NaN,0.0,NaN,NaN,0.0,NaN,NaN,0.0,NaN,NaN,0.0,NaN,NaN,0.0,NaN,NaN,0.0,NaN,NaN,0.0,NaN,NaN,0.0,NaN,NaN,0.0,NaN,NaN,0.0,NaN,NaN,0.0,NaN,NaN,0.0,NaN,NaN,0.0,NaN,NaN,0.0,NaN,NaN,0.0,NaN,NaN,0.0,NaN,NaN,0.0,NaN,NaN,0.0,NaN,NaN,0.0,NaN,NaN,0.0,
