MILLIS,X,Y,Z
1714,84.0,-788.0,300.0
1774,212.0,-752.0,392.0
1786,212.0,-752.0,392.0
1806,212.0,-752.0,392.0
1822,212.0,-752.0,392.0
1841,212.0,-752.0,392.0
1858,64.0,-896.0,416.0
1874,64.0,-896.0,416.0
1891,64.0,-896.0,416.0
1908,64.0,-896.0,416.0
1925,64.0,-896.0,416.0
1941,64.0,-896.0,416.0
1959,68.0,-820.0,428.0
1975,68.0,-820.0,428.0
1993,68.0,-820.0,428.0
2008,68.0,-820.0,428.0
2025,68.0,-820.0,428.0
2043,68.0,-820.0,428.0
2059,12.0,-892.0,412.0
2075,12.0,-892.0,412.0
2092,12.0,-892.0,412.0
2109,12.0,-892.0,412.0
2125,12.0,-892.0,412.0
2141,12.0,-892.0,412.0
2159,-12.0,-864.0,392.0
2176,-12.0,-864.0,392.0
2192,-12.0,-864.0,392.0
2208,-12.0,-864.0,392.0
2225,-12.0,-864.0,392.0
2242,-12.0,-864.0,392.0
2258,-12.0,-864.0,392.0
2275,16.0,-824.0,420.0
2292,16.0,-824.0,420.0
2309,16.0,-824.0,420.0
2324,16.0,-824.0,420.0
2342,16.0,-824.0,420.0
2359,16.0,-824.0,420.0
2375,28.0,-892.0,452.0
2392,28.0,-892.0,452.0
2408,28.0,-892.0,452.0
2425,28.0,-892.0,452.0
2442,28.0,-892.0,452.0
2460,28.0,-892.0,452.0
2475,64.0,-852.0,408.0
2492,64.0,-852.0,408.0
2509,64.0,-852.0,408.0
2526,64.0,-852.0,408.0
2542,64.0,-852.0,408.0
2559,64.0,-852.0,408.0
2576,60.0,-868.0,444.0
2592,60.0,-868.0,444.0
2609,60.0,-868.0,444.0
2625,60.0,-868.0,444.0
2642,60.0,-868.0,444.0
2659,60.0,-868.0,444.0
2675,60.0,-868.0,444.0
2692,44.0,-824.0,432.0
2709,44.0,-824.0,432.0
2726,44.0,-824.0,432.0
2742,44.0,-824.0,432.0
2759,44.0,-824.0,432.0
2776,44.0,-824.0,432.0
2792,48.0,-868.0,452.0
2809,48.0,-868.0,452.0
2825,48.0,-868.0,452.0
2842,48.0,-868.0,452.0
2859,48.0,-868.0,452.0
2875,48.0,-868.0,452.0
2892,36.0,-968.0,328.0
2909,36.0,-968.0,328.0
2925,36.0,-968.0,328.0
2941,36.0,-968.0,328.0
2959,36.0,-968.0,328.0
2975,36.0,-968.0,328.0
2992,292.0,-852.0,736.0
3009,292.0,-852.0,736.0
3025,292.0,-852.0,736.0
3042,292.0,-852.0,736.0
3059,292.0,-852.0,736.0
3075,292.0,-852.0,736.0
3092,20.0,-772.0,360.0
3108,20.0,-772.0,360.0
3126,20.0,-772.0,360.0
3142,20.0,-772.0,360.0
3159,20.0,-772.0,360.0
3175,20.0,-772.0,360.0
3192,20.0,-772.0,360.0
3209,192.0,-848.0,576.0
3226,192.0,-848.0,576.0
3242,192.0,-848.0,576.0
3258,192.0,-848.0,576.0
3275,192.0,-848.0,576.0
3292,192.0,-848.0,576.0
3308,64.0,-748.0,568.0
3325,64.0,-748.0,568.0
3342,64.0,-748.0,568.0
3359,64.0,-748.0,568.0
3377,64.0,-748.0,568.0
3395,64.0,-748.0,568.0
3413,52.0,-792.0,580.0
3431,52.0,-792.0,580.0
3449,52.0,-792.0,580.0
3467,52.0,-792.0,580.0
3486,52.0,-792.0,580.0
3504,0.0,-692.0,588.0
3523,0.0,-692.0,588.0
3541,0.0,-692.0,588.0
3559,0.0,-692.0,588.0
3591,0.0,-692.0,588.0
3608,152.0,-800.0,592.0
3625,152.0,-800.0,592.0
3658,152.0,-800.0,592.0
3674,152.0,-800.0,592.0
3691,152.0,-800.0,592.0
3708,152.0,-800.0,592.0
3725,4.0,-812.0,652.0
3742,4.0,-812.0,652.0
3759,4.0,-812.0,652.0
3776,4.0,-812.0,652.0
3792,4.0,-812.0,652.0
3809,4.0,-812.0,652.0
3826,-36.0,-764.0,576.0
3842,-36.0,-764.0,576.0
3859,-36.0,-764.0,576.0
3876,-36.0,-764.0,576.0
3892,-36.0,-764.0,576.0
3909,-36.0,-764.0,576.0
3925,-172.0,-700.0,576.0
3942,-172.0,-700.0,576.0
3959,-172.0,-700.0,576.0
3975,-172.0,-700.0,576.0
3992,-172.0,-700.0,576.0
4009,-172.0,-700.0,576.0
4025,-424.0,-512.0,572.0
4042,-424.0,-512.0,572.0
4059,-424.0,-512.0,572.0
4075,-424.0,-512.0,572.0
4092,-424.0,-512.0,572.0
4109,-424.0,-512.0,572.0
4125,-604.0,-480.0,592.0
4142,-604.0,-480.0,592.0
4159,-604.0,-480.0,592.0
4175,-604.0,-480.0,592.0
4192,-604.0,-480.0,592.0
4209,-604.0,-480.0,592.0
4226,-604.0,-480.0,592.0
4242,-732.0,-400.0,580.0
4258,-732.0,-400.0,580.0
4275,-732.0,-400.0,580.0
4292,-732.0,-400.0,580.0
4308,-732.0,-400.0,580.0
4326,-732.0,-400.0,580.0
4342,-860.0,-328.0,552.0
4358,-860.0,-328.0,552.0
4375,-860.0,-328.0,552.0
4392,-860.0,-328.0,552.0
4409,-860.0,-328.0,552.0
4425,-860.0,-328.0,552.0
4442,-1008.0,-132.0,180.0
4459,-1008.0,-132.0,180.0
4476,-1008.0,-132.0,180.0
4492,-1008.0,-132.0,180.0
4509,-1008.0,-132.0,180.0
4526,-1008.0,-132.0,180.0
4543,-1036.0,-180.0,232.0
4559,-1036.0,-180.0,232.0
4576,-1036.0,-180.0,232.0
4592,-1036.0,-180.0,232.0
4609,-1036.0,-180.0,232.0
4626,-1036.0,-180.0,232.0
4643,-1036.0,-180.0,232.0
4659,-1072.0,-112.0,124.0
4675,-1072.0,-112.0,124.0
4692,-1072.0,-112.0,124.0
4709,-1072.0,-112.0,124.0
4726,-1072.0,-112.0,124.0
4742,-1072.0,-112.0,124.0
4759,-1064.0,-132.0,24.0
4776,-1064.0,-132.0,24.0
4792,-1064.0,-132.0,24.0
4809,-1064.0,-132.0,24.0
4826,-1064.0,-132.0,24.0
4842,-1064.0,-132.0,24.0
4859,-1076.0,-116.0,-40.0
4875,-1076.0,-116.0,-40.0
4893,-1076.0,-116.0,-40.0
4909,-1076.0,-116.0,-40.0
4925,-1076.0,-116.0,-40.0
4942,-1076.0,-116.0,-40.0
4959,-1096.0,-132.0,20.0
4976,-1096.0,-132.0,20.0
4992,-1096.0,-132.0,20.0
5009,-1096.0,-132.0,20.0
5026,-1096.0,-132.0,20.0
5043,-1096.0,-132.0,20.0
5059,-1112.0,-216.0,208.0
5075,-1112.0,-216.0,208.0
5092,-1112.0,-216.0,208.0
5109,-1112.0,-216.0,208.0
5125,-1112.0,-216.0,208.0
5142,-1112.0,-216.0,208.0
5160,-1112.0,-216.0,208.0
5175,-824.0,-320.0,408.0
5192,-824.0,-320.0,408.0
5209,-824.0,-320.0,408.0
5225,-824.0,-320.0,408.0
5242,-824.0,-320.0,408.0
5259,-824.0,-320.0,408.0
5276,-608.0,-324.0,632.0
5292,-608.0,-324.0,632.0
5310,-608.0,-324.0,632.0
5326,-608.0,-324.0,632.0
5343,-608.0,-324.0,632.0
5358,-608.0,-324.0,632.0
5376,-360.0,-476.0,724.0
5392,-360.0,-476.0,724.0
5409,-360.0,-476.0,724.0
5426,-360.0,-476.0,724.0
5443,-360.0,-476.0,724.0
5460,-360.0,-476.0,724.0
5476,-164.0,-560.0,780.0
5492,-164.0,-560.0,780.0
5509,-164.0,-560.0,780.0
5526,-164.0,-560.0,780.0
5542,-164.0,-560.0,780.0
5559,-164.0,-560.0,780.0
5576,-164.0,-560.0,780.0
5593,152.0,-500.0,804.0
5610,152.0,-500.0,804.0
5626,152.0,-500.0,804.0
5642,152.0,-500.0,804.0
5659,152.0,-500.0,804.0
5675,152.0,-500.0,804.0
5693,352.0,-392.0,764.0
5709,352.0,-392.0,764.0
5726,352.0,-392.0,764.0
5743,352.0,-392.0,764.0
5759,352.0,-392.0,764.0
5776,352.0,-392.0,764.0
5792,544.0,-336.0,676.0
5809,544.0,-336.0,676.0
5826,544.0,-336.0,676.0
5843,544.0,-336.0,676.0
5859,544.0,-336.0,676.0
5876,544.0,-336.0,676.0
5892,688.0,-320.0,680.0
5909,688.0,-320.0,680.0
5926,688.0,-320.0,680.0
5943,688.0,-320.0,680.0
5959,688.0,-320.0,680.0
5976,688.0,-320.0,680.0
5992,780.0,-340.0,560.0
6009,780.0,-340.0,560.0
6025,780.0,-340.0,560.0
6042,780.0,-340.0,560.0
6059,780.0,-340.0,560.0
6075,780.0,-340.0,560.0
6092,780.0,-340.0,560.0
6109,520.0,-368.0,668.0
6126,520.0,-368.0,668.0
6142,520.0,-368.0,668.0
6159,520.0,-368.0,668.0
6176,520.0,-368.0,668.0
6192,520.0,-368.0,668.0
6209,540.0,-428.0,688.0
6226,540.0,-428.0,688.0
6243,540.0,-428.0,688.0
6259,540.0,-428.0,688.0
6276,540.0,-428.0,688.0
6292,540.0,-428.0,688.0
6309,388.0,-380.0,640.0
6325,388.0,-380.0,640.0
6343,388.0,-380.0,640.0
6360,388.0,-380.0,640.0
6378,388.0,-380.0,640.0
6397,388.0,-380.0,640.0
6415,376.0,-640.0,616.0
6433,376.0,-640.0,616.0
6453,376.0,-640.0,616.0
6470,376.0,-640.0,616.0
6488,376.0,-640.0,616.0
6504,376.0,-640.0,616.0
6521,200.0,-716.0,404.0
6538,200.0,-716.0,404.0
6554,200.0,-716.0,404.0
6570,200.0,-716.0,404.0
6587,200.0,-716.0,404.0
6605,200.0,-716.0,404.0
6621,96.0,-928.0,400.0
6638,96.0,-928.0,400.0
6654,96.0,-928.0,400.0
6671,96.0,-928.0,400.0
6688,96.0,-928.0,400.0
6704,96.0,-928.0,400.0
6722,40.0,-968.0,72.0
6738,40.0,-968.0,72.0
6755,40.0,-968.0,72.0
6771,40.0,-968.0,72.0
6788,40.0,-968.0,72.0
6804,40.0,-968.0,72.0
6821,-20.0,-1048.0,-32.0
6838,-20.0,-1048.0,-32.0
6854,-20.0,-1048.0,-32.0
6871,-20.0,-1048.0,-32.0
6888,-20.0,-1048.0,-32.0
6904,-20.0,-1048.0,-32.0
6922,-20.0,-1048.0,-32.0
6937,40.0,-992.0,-196.0
6954,40.0,-992.0,-196.0
6971,40.0,-992.0,-196.0
6988,40.0,-992.0,-196.0
7004,40.0,-992.0,-196.0
7021,40.0,-992.0,-196.0
7038,28.0,-1024.0,-400.0
7054,28.0,-1024.0,-400.0
7071,28.0,-1024.0,-400.0
7088,28.0,-1024.0,-400.0
7105,28.0,-1024.0,-400.0
7120,28.0,-1024.0,-400.0
7138,24.0,-1092.0,-284.0
7154,24.0,-1092.0,-284.0
7171,24.0,-1092.0,-284.0
7188,24.0,-1092.0,-284.0
7205,24.0,-1092.0,-284.0
7221,24.0,-1092.0,-284.0
7238,-36.0,-1172.0,-192.0
7255,-36.0,-1172.0,-192.0
7271,-36.0,-1172.0,-192.0
7288,-36.0,-1172.0,-192.0
7304,-36.0,-1172.0,-192.0
7321,-36.0,-1172.0,-192.0
7337,-36.0,-1172.0,-192.0
7355,-36.0,-1016.0,-184.0
7371,-36.0,-1016.0,-184.0
7387,-36.0,-1016.0,-184.0
7404,-36.0,-1016.0,-184.0
7421,-36.0,-1016.0,-184.0
7438,-36.0,-1016.0,-184.0
7454,-36.0,-992.0,88.0
7471,-36.0,-992.0,88.0
7488,-36.0,-992.0,88.0
7505,-36.0,-992.0,88.0
7522,-36.0,-992.0,88.0
7538,-36.0,-992.0,88.0
7555,24.0,-936.0,320.0
7572,24.0,-936.0,320.0
7588,24.0,-936.0,320.0
7605,24.0,-936.0,320.0
7622,24.0,-936.0,320.0
7638,24.0,-936.0,320.0
7655,36.0,-712.0,628.0
7671,36.0,-712.0,628.0
7688,36.0,-712.0,628.0
7705,36.0,-712.0,628.0
7721,36.0,-712.0,628.0
7738,36.0,-712.0,628.0
7755,76.0,-468.0,708.0
7771,76.0,-468.0,708.0
7788,76.0,-468.0,708.0
7805,76.0,-468.0,708.0
7822,76.0,-468.0,708.0
7838,76.0,-468.0,708.0
7854,76.0,-468.0,708.0
7871,-28.0,-36.0,924.0
7888,-28.0,-36.0,924.0
7905,-28.0,-36.0,924.0
7921,-28.0,-36.0,924.0
7938,-28.0,-36.0,924.0
7954,-28.0,-36.0,924.0
7972,-40.0,168.0,856.0
7988,-40.0,168.0,856.0
8005,-40.0,168.0,856.0
8022,-40.0,168.0,856.0
8039,-40.0,168.0,856.0
8057,-40.0,168.0,856.0
8076,-36.0,392.0,816.0
8093,-36.0,392.0,816.0
8112,-36.0,392.0,816.0
8130,-36.0,392.0,816.0
8148,-36.0,392.0,816.0
8167,-36.0,392.0,816.0
8186,-48.0,512.0,784.0
8203,-48.0,512.0,784.0
8221,-48.0,512.0,784.0
8237,-48.0,512.0,784.0
8254,-48.0,512.0,784.0
8271,-48.0,512.0,784.0
8287,-20.0,608.0,700.0
8305,-20.0,608.0,700.0
8321,-20.0,608.0,700.0
8338,-20.0,608.0,700.0
8355,-20.0,608.0,700.0
8371,-20.0,608.0,700.0
8388,-88.0,772.0,564.0
8404,-88.0,772.0,564.0
8421,-88.0,772.0,564.0
8438,-88.0,772.0,564.0
8454,-88.0,772.0,564.0
8472,-88.0,772.0,564.0
8488,-96.0,900.0,384.0
8504,-96.0,900.0,384.0
8521,-96.0,900.0,384.0
8538,-96.0,900.0,384.0
8555,-96.0,900.0,384.0
8572,-96.0,900.0,384.0
8587,-68.0,956.0,288.0
8604,-68.0,956.0,288.0
8622,-68.0,956.0,288.0
8638,-68.0,956.0,288.0
8654,-68.0,956.0,288.0
8672,-68.0,956.0,288.0
8688,-128.0,892.0,424.0
8705,-128.0,892.0,424.0
8721,-128.0,892.0,424.0
8738,-128.0,892.0,424.0
8755,-128.0,892.0,424.0
8771,-128.0,892.0,424.0
8788,-128.0,892.0,424.0
8805,-68.0,1052.0,156.0
8822,-68.0,1052.0,156.0
8838,-68.0,1052.0,156.0
8855,-68.0,1052.0,156.0
8872,-68.0,1052.0,156.0
8888,-68.0,1052.0,156.0
8905,-52.0,640.0,608.0
8921,-52.0,640.0,608.0
8938,-52.0,640.0,608.0
8955,-52.0,640.0,608.0
8972,-52.0,640.0,608.0
8988,-52.0,640.0,608.0
9005,24.0,272.0,780.0
9022,24.0,272.0,780.0
9038,24.0,272.0,780.0
9054,24.0,272.0,780.0
9071,24.0,272.0,780.0
9088,24.0,272.0,780.0
9104,128.0,-32.0,860.0
9122,128.0,-32.0,860.0
9138,128.0,-32.0,860.0
9155,128.0,-32.0,860.0
9172,128.0,-32.0,860.0
9188,128.0,-32.0,860.0
9205,56.0,-308.0,824.0
9222,56.0,-308.0,824.0
9238,56.0,-308.0,824.0
9255,56.0,-308.0,824.0
9272,56.0,-308.0,824.0
9288,56.0,-308.0,824.0
9304,56.0,-308.0,824.0
9322,32.0,-548.0,600.0
9338,32.0,-548.0,600.0
9354,32.0,-548.0,600.0
9371,32.0,-548.0,600.0
9388,32.0,-548.0,600.0
9404,32.0,-548.0,600.0
9422,16.0,-556.0,412.0
9439,16.0,-556.0,412.0
9455,16.0,-556.0,412.0
9472,16.0,-556.0,412.0
9489,16.0,-556.0,412.0
9505,16.0,-556.0,412.0
9522,0.0,-908.0,544.0
9538,0.0,-908.0,544.0
9554,0.0,-908.0,544.0
9572,0.0,-908.0,544.0
9588,0.0,-908.0,544.0
9605,0.0,-908.0,544.0
9621,-4.0,-824.0,580.0
9638,-4.0,-824.0,580.0
9655,-4.0,-824.0,580.0
9672,-4.0,-824.0,580.0
9689,-4.0,-824.0,580.0
9705,-4.0,-824.0,580.0
9721,56.0,-844.0,596.0
9739,56.0,-844.0,596.0
9757,56.0,-844.0,596.0
9775,56.0,-844.0,596.0
9792,56.0,-844.0,596.0
9809,56.0,-844.0,596.0
9826,84.0,-832.0,624.0
9842,84.0,-832.0,624.0
9859,84.0,-832.0,624.0
9876,84.0,-832.0,624.0
9892,84.0,-832.0,624.0
9909,84.0,-832.0,624.0
9926,84.0,-832.0,624.0
9943,196.0,-756.0,684.0
9959,196.0,-756.0,684.0
9976,196.0,-756.0,684.0
9993,196.0,-756.0,684.0
10009,196.0,-756.0,684.0
10026,196.0,-756.0,684.0
10042,-32.0,-936.0,376.0
10059,-32.0,-936.0,376.0
10075,-32.0,-936.0,376.0
10092,-32.0,-936.0,376.0
10109,-32.0,-936.0,376.0
10125,-32.0,-936.0,376.0
10142,0.0,-524.0,480.0
10159,0.0,-524.0,480.0
10176,0.0,-524.0,480.0
10192,0.0,-524.0,480.0
10209,0.0,-524.0,480.0
10226,0.0,-524.0,480.0
10242,-32.0,-552.0,708.0
10260,-32.0,-552.0,708.0
10277,-32.0,-552.0,708.0
10293,-32.0,-552.0,708.0
10310,-32.0,-552.0,708.0
10326,-32.0,-552.0,708.0
10343,92.0,-688.0,836.0
10360,92.0,-688.0,836.0
10377,92.0,-688.0,836.0
10393,92.0,-688.0,836.0
10410,92.0,-688.0,836.0
10427,92.0,-688.0,836.0
10443,92.0,-688.0,836.0
10460,72.0,-620.0,612.0
10476,72.0,-620.0,612.0
10493,72.0,-620.0,612.0
10509,72.0,-620.0,612.0
10526,72.0,-620.0,612.0
10542,72.0,-620.0,612.0
10560,160.0,-676.0,528.0
10575,160.0,-676.0,528.0
10593,160.0,-676.0,528.0
10610,160.0,-676.0,528.0
10626,160.0,-676.0,528.0
10643,160.0,-676.0,528.0
10660,156.0,-776.0,304.0
10677,156.0,-776.0,304.0
10692,156.0,-776.0,304.0
10709,156.0,-776.0,304.0
10726,156.0,-776.0,304.0
10744,156.0,-776.0,304.0
10759,308.0,-944.0,624.0
10776,308.0,-944.0,624.0
10792,308.0,-944.0,624.0
10809,308.0,-944.0,624.0
10827,308.0,-944.0,624.0
10842,308.0,-944.0,624.0
10859,308.0,-944.0,624.0
10876,368.0,-452.0,532.0
10893,368.0,-452.0,532.0
10910,368.0,-452.0,532.0
10927,368.0,-452.0,532.0
10949,368.0,-452.0,532.0
10967,268.0,-784.0,588.0
10983,268.0,-784.0,588.0
11001,268.0,-784.0,588.0
11018,268.0,-784.0,588.0
11037,268.0,-784.0,588.0
11055,268.0,-784.0,588.0
11073,88.0,-796.0,484.0
11092,88.0,-796.0,484.0
11109,88.0,-796.0,484.0
11128,88.0,-796.0,484.0
11146,88.0,-796.0,484.0
11164,88.0,-796.0,484.0
11182,120.0,-852.0,456.0
11216,120.0,-852.0,456.0
11234,120.0,-852.0,456.0
11251,120.0,-852.0,456.0
11267,120.0,-852.0,456.0
11283,120.0,-812.0,432.0
11300,120.0,-812.0,432.0
11316,120.0,-812.0,432.0
11334,120.0,-812.0,432.0
11350,120.0,-812.0,432.0
11367,120.0,-812.0,432.0
11384,112.0,-856.0,568.0
11401,112.0,-856.0,568.0
11417,112.0,-856.0,568.0
11434,112.0,-856.0,568.0
11451,112.0,-856.0,568.0
11467,112.0,-856.0,568.0
11483,76.0,-816.0,504.0
11500,76.0,-816.0,504.0
11517,76.0,-816.0,504.0
11534,76.0,-816.0,504.0
11550,76.0,-816.0,504.0
11567,76.0,-816.0,504.0
11584,76.0,-816.0,504.0
11601,120.0,-820.0,504.0
11616,120.0,-820.0,504.0
11634,120.0,-820.0,504.0
11651,120.0,-820.0,504.0
11668,120.0,-820.0,504.0
11684,120.0,-820.0,504.0
11700,148.0,-868.0,480.0
11717,148.0,-868.0,480.0
11734,148.0,-868.0,480.0
11751,148.0,-868.0,480.0
11767,148.0,-868.0,480.0
11784,148.0,-868.0,480.0
11800,-148.0,-692.0,468.0
11817,-148.0,-692.0,468.0
11834,-148.0,-692.0,468.0
11850,-148.0,-692.0,468.0
11867,-148.0,-692.0,468.0
11884,-148.0,-692.0,468.0
11901,-100.0,-680.0,664.0
11917,-100.0,-680.0,664.0
11934,-100.0,-680.0,664.0
11951,-100.0,-680.0,664.0
11967,-100.0,-680.0,664.0
11984,-100.0,-680.0,664.0
12001,-56.0,-508.0,632.0
12017,-56.0,-508.0,632.0
12034,-56.0,-508.0,632.0
12050,-56.0,-508.0,632.0
12067,-56.0,-508.0,632.0
12084,-56.0,-508.0,632.0
12101,-56.0,-508.0,632.0
12118,-140.0,-540.0,660.0
12134,-140.0,-540.0,660.0
12151,-140.0,-540.0,660.0
12167,-140.0,-540.0,660.0
12184,-140.0,-540.0,660.0
12201,-140.0,-540.0,660.0
12217,80.0,-816.0,580.0
12233,80.0,-816.0,580.0
12251,80.0,-816.0,580.0
12267,80.0,-816.0,580.0
12284,80.0,-816.0,580.0
12300,80.0,-816.0,580.0
12317,128.0,-800.0,604.0
12333,128.0,-800.0,604.0
12351,128.0,-800.0,604.0
12367,128.0,-800.0,604.0
12384,128.0,-800.0,604.0
12401,128.0,-800.0,604.0
12417,172.0,-864.0,568.0
12434,172.0,-864.0,568.0
12450,172.0,-864.0,568.0
12467,172.0,-864.0,568.0
12484,172.0,-864.0,568.0
12500,172.0,-864.0,568.0
12518,140.0,-776.0,432.0
12534,140.0,-776.0,432.0
12551,140.0,-776.0,432.0
12568,140.0,-776.0,432.0
12583,140.0,-776.0,432.0
12601,140.0,-776.0,432.0
12617,140.0,-776.0,432.0
12634,8.0,-976.0,272.0
12651,8.0,-976.0,272.0
12667,8.0,-976.0,272.0
12684,8.0,-976.0,272.0
12700,8.0,-976.0,272.0
12718,8.0,-976.0,272.0
12733,36.0,-492.0,260.0
12750,36.0,-492.0,260.0
12768,36.0,-492.0,260.0
12784,36.0,-492.0,260.0
12801,36.0,-492.0,260.0
12817,36.0,-492.0,260.0
12834,196.0,-872.0,412.0
12851,196.0,-872.0,412.0
12868,196.0,-872.0,412.0
12883,196.0,-872.0,412.0
12901,196.0,-872.0,412.0
12918,196.0,-872.0,412.0
12935,192.0,-956.0,476.0
12951,192.0,-956.0,476.0
12968,192.0,-956.0,476.0
12984,192.0,-956.0,476.0
13001,192.0,-956.0,476.0
13017,192.0,-956.0,476.0
13034,192.0,-956.0,476.0
13051,120.0,-840.0,440.0
13068,120.0,-840.0,440.0
13084,120.0,-840.0,440.0
13102,120.0,-840.0,440.0
13117,120.0,-840.0,440.0
13134,120.0,-840.0,440.0
13151,76.0,-912.0,528.0
13167,76.0,-912.0,528.0
13184,76.0,-912.0,528.0
13200,76.0,-912.0,528.0
13218,76.0,-912.0,528.0
13233,76.0,-912.0,528.0
13251,196.0,-988.0,556.0
13268,196.0,-988.0,556.0
13284,196.0,-988.0,556.0
13301,196.0,-988.0,556.0
13317,196.0,-988.0,556.0
13334,196.0,-988.0,556.0
13350,212.0,-872.0,472.0
13367,212.0,-872.0,472.0
13384,212.0,-872.0,472.0
13400,212.0,-872.0,472.0
13418,212.0,-872.0,472.0
13434,212.0,-872.0,472.0
13451,-132.0,-560.0,364.0
13468,-132.0,-560.0,364.0
13484,-132.0,-560.0,364.0
13500,-132.0,-560.0,364.0
13517,-132.0,-560.0,364.0
13534,-132.0,-560.0,364.0
13551,-132.0,-560.0,364.0
13567,-72.0,-620.0,476.0
13584,-72.0,-620.0,476.0
13601,-72.0,-620.0,476.0
13618,-72.0,-620.0,476.0
13633,-72.0,-620.0,476.0
13651,-72.0,-620.0,476.0
13667,148.0,-748.0,432.0
13685,148.0,-748.0,432.0
13701,148.0,-748.0,432.0
13718,148.0,-748.0,432.0
13735,148.0,-748.0,432.0
13751,148.0,-748.0,432.0
13768,88.0,-692.0,672.0
13784,88.0,-692.0,672.0
13801,88.0,-692.0,672.0
13818,88.0,-692.0,672.0
13834,88.0,-692.0,672.0
13851,88.0,-692.0,672.0
13868,112.0,-736.0,620.0
13884,112.0,-736.0,620.0
13901,112.0,-736.0,620.0
13918,112.0,-736.0,620.0
13934,112.0,-736.0,620.0
13951,112.0,-736.0,620.0
13968,112.0,-736.0,620.0
13984,-24.0,-788.0,592.0
14001,-24.0,-788.0,592.0
14018,-24.0,-788.0,592.0
14035,-24.0,-788.0,592.0
14051,-24.0,-788.0,592.0
14067,-24.0,-788.0,592.0
14084,-168.0,-820.0,696.0
14101,-168.0,-820.0,696.0
14118,-168.0,-820.0,696.0
14135,-168.0,-820.0,696.0
14151,-168.0,-820.0,696.0
14167,-168.0,-820.0,696.0
14184,-68.0,-836.0,468.0
14201,-68.0,-836.0,468.0
14217,-68.0,-836.0,468.0
14235,-68.0,-836.0,468.0
14251,-68.0,-836.0,468.0
14267,-68.0,-836.0,468.0
14285,68.0,-916.0,332.0
14301,68.0,-916.0,332.0
14318,68.0,-916.0,332.0
14335,68.0,-916.0,332.0
14352,68.0,-916.0,332.0
14368,68.0,-916.0,332.0
14384,-8.0,-648.0,320.0
14401,-8.0,-648.0,320.0
14419,-8.0,-648.0,320.0
14435,-8.0,-648.0,320.0
14451,-8.0,-648.0,320.0
14468,-8.0,-648.0,320.0
14485,-8.0,-648.0,320.0
14501,124.0,-856.0,356.0
14518,124.0,-856.0,356.0
14535,124.0,-856.0,356.0
14551,124.0,-856.0,356.0
14568,124.0,-856.0,356.0
14585,124.0,-856.0,356.0
14601,204.0,-836.0,536.0
14618,204.0,-836.0,536.0
14634,204.0,-836.0,536.0
14651,204.0,-836.0,536.0
14668,204.0,-836.0,536.0
14685,204.0,-836.0,536.0
14702,132.0,-832.0,592.0
14718,132.0,-832.0,592.0
14735,132.0,-832.0,592.0
14751,132.0,-832.0,592.0
14768,132.0,-832.0,592.0
14785,132.0,-832.0,592.0
14801,156.0,-872.0,584.0
14818,156.0,-872.0,584.0
14834,156.0,-872.0,584.0
14851,156.0,-872.0,584.0
14868,156.0,-872.0,584.0
14885,156.0,-872.0,584.0
14901,204.0,-844.0,628.0
14918,204.0,-844.0,628.0
14934,204.0,-844.0,628.0
14951,204.0,-844.0,628.0
14968,204.0,-844.0,628.0
14985,204.0,-844.0,628.0
15001,204.0,-844.0,628.0
15018,-80.0,-604.0,424.0
15034,-80.0,-604.0,424.0
15052,-80.0,-604.0,424.0
15068,-80.0,-604.0,424.0
15085,-80.0,-604.0,424.0
15102,-80.0,-604.0,424.0
15119,-64.0,-1000.0,396.0
15134,-64.0,-1000.0,396.0
15151,-64.0,-1000.0,396.0
15168,-64.0,-1000.0,396.0
15185,-64.0,-1000.0,396.0
15202,-64.0,-1000.0,396.0
15218,20.0,-712.0,440.0
15235,20.0,-712.0,440.0
15251,20.0,-712.0,440.0
15268,20.0,-712.0,440.0
15285,20.0,-712.0,440.0
15302,20.0,-712.0,440.0
15319,-136.0,-764.0,520.0
15335,-136.0,-764.0,520.0
15352,-136.0,-764.0,520.0
15369,-136.0,-764.0,520.0
15385,-136.0,-764.0,520.0
15401,-136.0,-764.0,520.0
15419,280.0,-996.0,664.0
15435,280.0,-996.0,664.0
15452,280.0,-996.0,664.0
15468,280.0,-996.0,664.0
15485,280.0,-996.0,664.0
15502,280.0,-996.0,664.0
15519,280.0,-996.0,664.0
15536,88.0,-736.0,572.0
15552,88.0,-736.0,572.0
15569,88.0,-736.0,572.0
15586,88.0,-736.0,572.0
15602,88.0,-736.0,572.0
15618,88.0,-736.0,572.0
15636,308.0,-832.0,536.0
15652,308.0,-832.0,536.0
15668,308.0,-832.0,536.0
15685,308.0,-832.0,536.0
15702,308.0,-832.0,536.0
15718,308.0,-832.0,536.0
15735,-80.0,-1108.0,464.0
15752,-80.0,-1108.0,464.0
15770,-80.0,-1108.0,464.0
15789,-80.0,-1108.0,464.0
15807,-80.0,-1108.0,464.0
15826,-80.0,-1108.0,464.0
15844,80.0,-932.0,516.0
15862,80.0,-932.0,516.0
15878,80.0,-932.0,516.0
15895,80.0,-932.0,516.0
15912,80.0,-932.0,516.0
15930,80.0,-932.0,516.0
15962,64.0,-884.0,504.0
15979,64.0,-884.0,504.0
15996,64.0,-884.0,504.0
16013,64.0,-884.0,504.0
16029,64.0,-884.0,504.0
16047,-28.0,-360.0,816.0
16079,-28.0,-360.0,816.0
16096,-28.0,-360.0,816.0
16113,-28.0,-360.0,816.0
16130,-28.0,-360.0,816.0
16147,-200.0,-352.0,852.0
16164,-200.0,-352.0,852.0
16180,-200.0,-352.0,852.0
16196,-200.0,-352.0,852.0
16213,-200.0,-352.0,852.0
16230,-200.0,-352.0,852.0
16246,-200.0,-352.0,852.0
16263,-260.0,-168.0,836.0
16280,-260.0,-168.0,836.0
16296,-260.0,-168.0,836.0
16312,-260.0,-168.0,836.0
16329,-260.0,-168.0,836.0
16346,-260.0,-168.0,836.0
16363,-312.0,-136.0,920.0
16380,-312.0,-136.0,920.0
16396,-312.0,-136.0,920.0
16413,-312.0,-136.0,920.0
16430,-312.0,-136.0,920.0
16446,-312.0,-136.0,920.0
16463,-332.0,-112.0,828.0
16480,-332.0,-112.0,828.0
16497,-332.0,-112.0,828.0
16513,-332.0,-112.0,828.0
16530,-332.0,-112.0,828.0
16546,-332.0,-112.0,828.0
16563,-316.0,-164.0,560.0
16580,-316.0,-164.0,560.0
16596,-316.0,-164.0,560.0
16613,-316.0,-164.0,560.0
16630,-316.0,-164.0,560.0
16646,-316.0,-164.0,560.0
16664,-2020.0,132.0,2040.0
16680,-2020.0,132.0,2040.0
16697,-2020.0,132.0,2040.0
16714,-2020.0,132.0,2040.0
16730,-2020.0,132.0,2040.0
16746,-2020.0,132.0,2040.0
16763,-2020.0,132.0,2040.0
16780,-140.0,588.0,1176.0
16796,-140.0,588.0,1176.0
16814,-140.0,588.0,1176.0
16829,-140.0,588.0,1176.0
16847,-140.0,588.0,1176.0
16863,-140.0,588.0,1176.0
16880,304.0,108.0,940.0
16897,304.0,108.0,940.0
16913,304.0,108.0,940.0
16930,304.0,108.0,940.0
16947,304.0,108.0,940.0
16963,304.0,108.0,940.0
16980,60.0,448.0,704.0
16996,60.0,448.0,704.0
17013,60.0,448.0,704.0
17030,60.0,448.0,704.0
17047,60.0,448.0,704.0
17063,60.0,448.0,704.0
17080,-108.0,184.0,756.0
17097,-108.0,184.0,756.0
17113,-108.0,184.0,756.0
17130,-108.0,184.0,756.0
17147,-108.0,184.0,756.0
17163,-108.0,184.0,756.0
17180,-108.0,184.0,756.0
17197,64.0,76.0,928.0
17213,64.0,76.0,928.0
17230,64.0,76.0,928.0
17247,64.0,76.0,928.0
17264,64.0,76.0,928.0
17280,64.0,76.0,928.0
17296,-264.0,-540.0,956.0
17313,-264.0,-540.0,956.0
17330,-264.0,-540.0,956.0
17347,-264.0,-540.0,956.0
17363,-264.0,-540.0,956.0
17380,-264.0,-540.0,956.0
17396,-160.0,404.0,896.0
17414,-160.0,404.0,896.0
17430,-160.0,404.0,896.0
17447,-160.0,404.0,896.0
17463,-160.0,404.0,896.0
17480,-160.0,404.0,896.0
17497,52.0,-96.0,816.0
17514,52.0,-96.0,816.0
17531,52.0,-96.0,816.0
17547,52.0,-96.0,816.0
17564,52.0,-96.0,816.0
17581,52.0,-96.0,816.0
17596,336.0,-152.0,708.0
17613,336.0,-152.0,708.0
17630,336.0,-152.0,708.0
17647,336.0,-152.0,708.0
17664,336.0,-152.0,708.0
17680,336.0,-152.0,708.0
17697,336.0,-152.0,708.0
17714,376.0,-424.0,804.0
17730,376.0,-424.0,804.0
17747,376.0,-424.0,804.0
17764,376.0,-424.0,804.0
17780,376.0,-424.0,804.0
17797,376.0,-424.0,804.0
17813,368.0,-544.0,768.0
17830,368.0,-544.0,768.0
17847,368.0,-544.0,768.0
17863,368.0,-544.0,768.0
17880,368.0,-544.0,768.0
17896,368.0,-544.0,768.0
17914,416.0,-496.0,1120.0
17930,416.0,-496.0,1120.0
17946,416.0,-496.0,1120.0
17964,416.0,-496.0,1120.0
17980,416.0,-496.0,1120.0
17997,416.0,-496.0,1120.0
18014,184.0,-352.0,908.0
18030,184.0,-352.0,908.0
18047,184.0,-352.0,908.0
18064,184.0,-352.0,908.0
18080,184.0,-352.0,908.0
18097,184.0,-352.0,908.0
18113,184.0,-352.0,908.0
18130,392.0,-452.0,972.0
18147,392.0,-452.0,972.0
18164,392.0,-452.0,972.0
18180,392.0,-452.0,972.0
18197,392.0,-452.0,972.0
18214,392.0,-452.0,972.0
18230,32.0,-420.0,988.0
18246,32.0,-420.0,988.0
18263,32.0,-420.0,988.0
18280,32.0,-420.0,988.0
18297,32.0,-420.0,988.0
18314,32.0,-420.0,988.0
18330,196.0,-400.0,1004.0
18347,196.0,-400.0,1004.0
18363,196.0,-400.0,1004.0
18380,196.0,-400.0,1004.0
18397,196.0,-400.0,1004.0
18413,196.0,-400.0,1004.0
18431,356.0,-512.0,856.0
18446,356.0,-512.0,856.0
18463,356.0,-512.0,856.0
18480,356.0,-512.0,856.0
18497,356.0,-512.0,856.0
18513,356.0,-512.0,856.0
18530,-116.0,-260.0,868.0
18547,-116.0,-260.0,868.0
18563,-116.0,-260.0,868.0
18580,-116.0,-260.0,868.0
18596,-116.0,-260.0,868.0
18614,-116.0,-260.0,868.0
18630,-116.0,-260.0,868.0
18647,156.0,-48.0,816.0
18664,156.0,-48.0,816.0
18680,156.0,-48.0,816.0
18697,156.0,-48.0,816.0
18714,156.0,-48.0,816.0
18731,156.0,-48.0,816.0
18747,-120.0,152.0,816.0
18763,-120.0,152.0,816.0
18780,-120.0,152.0,816.0
18797,-120.0,152.0,816.0
18814,-120.0,152.0,816.0
18831,-120.0,152.0,816.0
18846,-132.0,208.0,924.0
18864,-132.0,208.0,924.0
18880,-132.0,208.0,924.0
18897,-132.0,208.0,924.0
18914,-132.0,208.0,924.0
18931,-132.0,208.0,924.0
18947,192.0,304.0,812.0
18964,192.0,304.0,812.0
18980,192.0,304.0,812.0
18997,192.0,304.0,812.0
19014,192.0,304.0,812.0
19030,192.0,304.0,812.0
19047,440.0,332.0,844.0
19064,440.0,332.0,844.0
19081,440.0,332.0,844.0
19097,440.0,332.0,844.0
19114,440.0,332.0,844.0
19132,440.0,332.0,844.0
19150,516.0,548.0,524.0
19168,516.0,548.0,524.0
19187,516.0,548.0,524.0
19205,516.0,548.0,524.0
19223,516.0,548.0,524.0
19241,516.0,548.0,524.0
19262,676.0,500.0,452.0
19280,676.0,500.0,452.0
19313,676.0,500.0,452.0
19330,676.0,500.0,452.0
19363,688.0,528.0,448.0
19381,688.0,528.0,448.0
19413,688.0,528.0,448.0
19431,688.0,528.0,448.0
19447,688.0,528.0,448.0
19464,608.0,432.0,420.0
19480,608.0,432.0,420.0
19497,608.0,432.0,420.0
19513,608.0,432.0,420.0
19530,608.0,432.0,420.0
19547,608.0,432.0,420.0
19564,608.0,432.0,420.0
19580,720.0,576.0,424.0
19598,720.0,576.0,424.0
19614,720.0,576.0,424.0
19631,720.0,576.0,424.0
19648,720.0,576.0,424.0
19664,720.0,576.0,424.0
19681,588.0,4.0,808.0
19698,588.0,4.0,808.0
19714,588.0,4.0,808.0
19731,588.0,4.0,808.0
19747,588.0,4.0,808.0
19764,588.0,4.0,808.0
19780,528.0,32.0,620.0
19798,528.0,32.0,620.0
19814,528.0,32.0,620.0
19831,528.0,32.0,620.0
19847,528.0,32.0,620.0
19863,528.0,32.0,620.0
19881,600.0,-92.0,736.0
19898,600.0,-92.0,736.0
19914,600.0,-92.0,736.0
19931,600.0,-92.0,736.0
19947,600.0,-92.0,736.0
19964,600.0,-92.0,736.0
19981,620.0,-92.0,736.0
19998,620.0,-92.0,736.0
20014,620.0,-92.0,736.0
20031,620.0,-92.0,736.0
20048,620.0,-92.0,736.0
20064,620.0,-92.0,736.0
20081,620.0,-92.0,736.0
20097,664.0,-60.0,688.0
20114,664.0,-60.0,688.0
20131,664.0,-60.0,688.0
20147,664.0,-60.0,688.0
20164,664.0,-60.0,688.0
20180,560.0,-36.0,616.0
20198,560.0,-36.0,616.0
20214,560.0,-36.0,616.0
20231,560.0,-36.0,616.0
20247,560.0,-36.0,616.0
20264,560.0,-36.0,616.0
20281,560.0,-36.0,616.0
20298,724.0,-48.0,684.0
20314,724.0,-48.0,684.0
20331,724.0,-48.0,684.0
20347,724.0,-48.0,684.0
20364,724.0,-48.0,684.0
20391,628.0,-52.0,716.0
20408,628.0,-52.0,716.0
20426,628.0,-52.0,716.0
20442,628.0,-52.0,716.0
20458,628.0,-52.0,716.0
20476,628.0,-52.0,716.0
20492,628.0,-52.0,716.0
20508,696.0,-60.0,696.0
20526,696.0,-60.0,696.0
20542,696.0,-60.0,696.0
20558,696.0,-60.0,696.0
20576,696.0,-60.0,696.0
20593,696.0,-60.0,696.0
20609,696.0,-104.0,716.0
20626,696.0,-104.0,716.0
20643,696.0,-104.0,716.0
20659,696.0,-104.0,716.0
20676,696.0,-104.0,716.0
20693,696.0,-104.0,716.0
20709,716.0,-120.0,728.0
20726,716.0,-120.0,728.0
20743,716.0,-120.0,728.0
20759,716.0,-120.0,728.0
20776,716.0,-120.0,728.0
20793,716.0,-120.0,728.0
20809,688.0,-64.0,648.0
20826,688.0,-64.0,648.0
20843,688.0,-64.0,648.0
20859,688.0,-64.0,648.0
20876,688.0,-64.0,648.0
20893,688.0,-64.0,648.0
20910,688.0,-64.0,648.0
20926,648.0,-96.0,684.0
20942,648.0,-96.0,684.0
20959,648.0,-96.0,684.0
20976,648.0,-96.0,684.0
20993,648.0,-96.0,684.0
21009,648.0,-96.0,684.0
21026,664.0,-60.0,684.0
21043,664.0,-60.0,684.0
21059,664.0,-60.0,684.0
21076,664.0,-60.0,684.0
21093,664.0,-60.0,684.0
21109,664.0,-60.0,684.0
21126,648.0,-112.0,736.0
21143,648.0,-112.0,736.0
21159,648.0,-112.0,736.0
21176,648.0,-112.0,736.0
21193,648.0,-112.0,736.0
21209,648.0,-112.0,736.0
21225,560.0,-28.0,656.0
21242,560.0,-28.0,656.0
21260,560.0,-28.0,656.0
21276,560.0,-28.0,656.0
21292,560.0,-28.0,656.0
21309,560.0,-28.0,656.0
21326,664.0,-60.0,680.0
21343,664.0,-60.0,680.0
21359,664.0,-60.0,680.0
21376,664.0,-60.0,680.0
21392,664.0,-60.0,680.0
21409,664.0,-60.0,680.0
21426,664.0,-60.0,680.0
21443,600.0,-60.0,664.0
21460,600.0,-60.0,664.0
21476,600.0,-60.0,664.0
21493,600.0,-60.0,664.0
21510,600.0,-60.0,664.0
21526,600.0,-60.0,664.0
21543,436.0,60.0,560.0
21559,436.0,60.0,560.0
21576,436.0,60.0,560.0
21592,436.0,60.0,560.0
21610,436.0,60.0,560.0
21626,436.0,60.0,560.0
21643,668.0,-104.0,732.0
21660,668.0,-104.0,732.0
21676,668.0,-104.0,732.0
21693,668.0,-104.0,732.0
21710,668.0,-104.0,732.0
21726,668.0,-104.0,732.0
21743,632.0,-64.0,648.0
21759,632.0,-64.0,648.0
21776,632.0,-64.0,648.0
21793,632.0,-64.0,648.0
21809,632.0,-64.0,648.0
21826,632.0,-64.0,648.0
21843,680.0,-108.0,692.0
21859,680.0,-108.0,692.0
21877,680.0,-108.0,692.0
21893,680.0,-108.0,692.0
21910,680.0,-108.0,692.0
21926,680.0,-108.0,692.0
21943,680.0,-108.0,692.0
21960,680.0,-100.0,716.0
21976,680.0,-100.0,716.0
21993,680.0,-100.0,716.0
22010,680.0,-100.0,716.0
22027,680.0,-100.0,716.0
22045,680.0,-100.0,716.0
22063,632.0,-88.0,692.0
22080,632.0,-88.0,692.0
22097,632.0,-88.0,692.0
22112,632.0,-88.0,692.0
22130,632.0,-88.0,692.0
22147,632.0,-88.0,692.0
22163,640.0,-80.0,688.0
22180,640.0,-80.0,688.0
22197,640.0,-80.0,688.0
22213,640.0,-80.0,688.0
22229,640.0,-80.0,688.0
22246,640.0,-80.0,688.0
22263,628.0,-84.0,696.0
22280,628.0,-84.0,696.0
22297,628.0,-84.0,696.0
22313,628.0,-84.0,696.0
22330,628.0,-84.0,696.0
22346,628.0,-84.0,696.0
22363,596.0,-60.0,680.0
22380,596.0,-60.0,680.0
22396,596.0,-60.0,680.0
22414,596.0,-60.0,680.0
22430,596.0,-60.0,680.0
22446,596.0,-60.0,680.0
22463,596.0,-60.0,680.0
22480,592.0,-112.0,716.0
22496,592.0,-112.0,716.0
22514,592.0,-112.0,716.0
22530,592.0,-112.0,716.0
22547,592.0,-112.0,716.0
22564,592.0,-112.0,716.0
22580,588.0,-160.0,732.0
22596,588.0,-160.0,732.0
22614,588.0,-160.0,732.0
22629,588.0,-160.0,732.0
22647,588.0,-160.0,732.0
22664,588.0,-160.0,732.0
22680,-760.0,-788.0,952.0
22696,-760.0,-788.0,952.0
22713,-760.0,-788.0,952.0
22730,-760.0,-788.0,952.0
22746,-760.0,-788.0,952.0
22763,-760.0,-788.0,952.0
22779,488.0,-192.0,772.0
22797,488.0,-192.0,772.0
22813,488.0,-192.0,772.0
22830,488.0,-192.0,772.0
22847,488.0,-192.0,772.0
22863,488.0,-192.0,772.0
22880,440.0,-252.0,840.0
22896,440.0,-252.0,840.0
22913,440.0,-252.0,840.0
22930,440.0,-252.0,840.0
22947,440.0,-252.0,840.0
22963,440.0,-252.0,840.0
22980,440.0,-252.0,840.0
22997,252.0,-196.0,808.0
23013,252.0,-196.0,808.0
23030,252.0,-196.0,808.0
23047,252.0,-196.0,808.0
23064,252.0,-196.0,808.0
23080,252.0,-196.0,808.0
23097,332.0,-180.0,860.0
23113,332.0,-180.0,860.0
23130,332.0,-180.0,860.0
23147,332.0,-180.0,860.0
23164,332.0,-180.0,860.0
23180,332.0,-180.0,860.0
23197,204.0,-216.0,892.0
23213,204.0,-216.0,892.0
23230,204.0,-216.0,892.0
23246,204.0,-216.0,892.0
23263,204.0,-216.0,892.0
23280,204.0,-216.0,892.0
23296,204.0,-296.0,884.0
23313,204.0,-296.0,884.0
23330,204.0,-296.0,884.0
23347,204.0,-296.0,884.0
23363,204.0,-296.0,884.0
23380,204.0,-296.0,884.0
23397,-80.0,-292.0,1072.0
23413,-80.0,-292.0,1072.0
23430,-80.0,-292.0,1072.0
23446,-80.0,-292.0,1072.0
23464,-80.0,-292.0,1072.0
23480,-80.0,-292.0,1072.0
23496,-80.0,-292.0,1072.0
23514,60.0,-320.0,952.0
23530,60.0,-320.0,952.0
23547,60.0,-320.0,952.0
23563,60.0,-320.0,952.0
23580,60.0,-320.0,952.0
23597,60.0,-320.0,952.0
23614,304.0,-364.0,800.0
23630,304.0,-364.0,800.0
23647,304.0,-364.0,800.0
23663,304.0,-364.0,800.0
23680,304.0,-364.0,800.0
23698,304.0,-364.0,800.0
23714,132.0,-248.0,812.0
23730,132.0,-248.0,812.0
23747,132.0,-248.0,812.0
23763,132.0,-248.0,812.0
23780,132.0,-248.0,812.0
23797,132.0,-248.0,812.0
23814,292.0,-168.0,916.0
23831,292.0,-168.0,916.0
23849,292.0,-168.0,916.0
23867,292.0,-168.0,916.0
23885,292.0,-168.0,916.0
23903,292.0,-168.0,916.0
23921,184.0,-24.0,888.0
23940,184.0,-24.0,888.0
23959,184.0,-24.0,888.0
23975,184.0,-24.0,888.0
23993,184.0,-24.0,888.0
24009,184.0,-24.0,888.0
24026,96.0,-68.0,892.0
24043,96.0,-68.0,892.0
24060,96.0,-68.0,892.0
24077,96.0,-68.0,892.0
24092,96.0,-68.0,892.0
24110,96.0,-68.0,892.0
24127,-928.0,-96.0,1684.0
24143,-928.0,-96.0,1684.0
24160,-928.0,-96.0,1684.0
24177,-928.0,-96.0,1684.0
24193,-928.0,-96.0,1684.0
24210,-928.0,-96.0,1684.0
24226,-44.0,-144.0,896.0
24243,-44.0,-144.0,896.0
24260,-44.0,-144.0,896.0
24277,-44.0,-144.0,896.0
24294,-44.0,-144.0,896.0
24310,-44.0,-144.0,896.0
24327,-44.0,-144.0,896.0
24344,-96.0,-92.0,944.0
24360,-96.0,-92.0,944.0
24376,-96.0,-92.0,944.0
24393,-96.0,-92.0,944.0
24410,-96.0,-92.0,944.0
24427,-96.0,-92.0,944.0
24444,12.0,-72.0,924.0
24460,12.0,-72.0,924.0
24477,12.0,-72.0,924.0
24494,12.0,-72.0,924.0
24510,12.0,-72.0,924.0
24527,12.0,-72.0,924.0
24543,-20.0,-32.0,916.0
24560,-20.0,-32.0,916.0
24577,-20.0,-32.0,916.0
24593,-20.0,-32.0,916.0
24610,-20.0,-32.0,916.0
24627,-20.0,-32.0,916.0
24644,-16.0,-68.0,908.0
24660,-16.0,-68.0,908.0
24677,-16.0,-68.0,908.0
24694,-16.0,-68.0,908.0
24710,-16.0,-68.0,908.0
24727,-16.0,-68.0,908.0
24744,-44.0,-64.0,928.0
24761,-44.0,-64.0,928.0
24777,-44.0,-64.0,928.0
24794,-44.0,-64.0,928.0
24810,-44.0,-64.0,928.0
24827,-44.0,-64.0,928.0
24844,-44.0,-64.0,928.0
24860,-44.0,-64.0,960.0
24877,-44.0,-64.0,960.0
24894,-44.0,-64.0,960.0
24910,-44.0,-64.0,960.0
24927,-44.0,-64.0,960.0
24944,-44.0,-64.0,960.0
24960,-32.0,-88.0,960.0
24977,-32.0,-88.0,960.0
24994,-32.0,-88.0,960.0
25011,-32.0,-88.0,960.0
25026,-32.0,-88.0,960.0
25044,-32.0,-88.0,960.0
25060,-44.0,-40.0,948.0
25077,-44.0,-40.0,948.0
25094,-44.0,-40.0,948.0
25110,-44.0,-40.0,948.0
25126,-44.0,-40.0,948.0
25144,-44.0,-40.0,948.0
25160,-32.0,-8.0,940.0
25177,-32.0,-8.0,940.0
25194,-32.0,-8.0,940.0
25211,-32.0,-8.0,940.0
25227,-32.0,-8.0,940.0
25244,-32.0,-8.0,940.0
25260,-24.0,32.0,940.0
25277,-24.0,32.0,940.0
25293,-24.0,32.0,940.0
25310,-24.0,32.0,940.0
25327,-24.0,32.0,940.0
25354,-24.0,32.0,940.0
25371,28.0,-176.0,920.0
25388,28.0,-176.0,920.0
25405,28.0,-176.0,920.0
25422,28.0,-176.0,920.0
25439,28.0,-176.0,920.0
25455,28.0,-176.0,920.0
25471,216.0,-256.0,864.0
25489,216.0,-256.0,864.0
25504,216.0,-256.0,864.0
25521,216.0,-256.0,864.0
25538,216.0,-256.0,864.0
25556,216.0,-256.0,864.0
25573,28.0,-92.0,972.0
25589,28.0,-92.0,972.0
25605,28.0,-92.0,972.0
25622,28.0,-92.0,972.0
25639,28.0,-92.0,972.0
25655,28.0,-92.0,972.0
25672,28.0,-92.0,972.0
25689,84.0,-112.0,920.0
25705,84.0,-112.0,920.0
25722,84.0,-112.0,920.0
25739,84.0,-112.0,920.0
25756,84.0,-112.0,920.0
25772,84.0,-112.0,920.0
25789,24.0,-120.0,1052.0
25805,24.0,-120.0,1052.0
25823,24.0,-120.0,1052.0
25839,24.0,-120.0,1052.0
25856,24.0,-120.0,1052.0
25873,24.0,-120.0,1052.0
25889,132.0,-144.0,940.0
25906,132.0,-144.0,940.0
25922,132.0,-144.0,940.0
25939,132.0,-144.0,940.0
25956,132.0,-144.0,940.0
25972,132.0,-144.0,940.0
25988,160.0,-220.0,932.0
26006,160.0,-220.0,932.0
26022,160.0,-220.0,932.0
26038,160.0,-220.0,932.0
26056,160.0,-220.0,932.0
26072,160.0,-220.0,932.0
26089,40.0,-144.0,948.0
26105,40.0,-144.0,948.0
26122,40.0,-144.0,948.0
26139,40.0,-144.0,948.0
26155,40.0,-144.0,948.0
26172,40.0,-144.0,948.0
26189,40.0,-144.0,948.0
26205,68.0,-220.0,876.0
26222,68.0,-220.0,876.0
26239,68.0,-220.0,876.0
26256,68.0,-220.0,876.0
26272,68.0,-220.0,876.0
26289,68.0,-220.0,876.0
26305,60.0,-128.0,1032.0
26322,60.0,-128.0,1032.0
26339,60.0,-128.0,1032.0
26355,60.0,-128.0,1032.0
26372,60.0,-128.0,1032.0
26389,60.0,-128.0,1032.0
26406,-376.0,88.0,756.0
26422,-376.0,88.0,756.0
26439,-376.0,88.0,756.0
26455,-376.0,88.0,756.0
26473,-376.0,88.0,756.0
26489,-376.0,88.0,756.0
26505,-776.0,160.0,968.0
26522,-776.0,160.0,968.0
26539,-776.0,160.0,968.0
26555,-776.0,160.0,968.0
26572,-776.0,160.0,968.0
26589,-776.0,160.0,968.0
26605,-776.0,160.0,968.0
26623,-380.0,232.0,916.0
26639,-380.0,232.0,916.0
26655,-380.0,232.0,916.0
26672,-380.0,232.0,916.0
26689,-380.0,232.0,916.0
26706,-380.0,232.0,916.0
26723,-96.0,308.0,984.0
26740,-96.0,308.0,984.0
26756,-96.0,308.0,984.0
26773,-96.0,308.0,984.0
26789,-96.0,308.0,984.0
26806,-96.0,308.0,984.0
26822,-648.0,240.0,684.0
26839,-648.0,240.0,684.0
26856,-648.0,240.0,684.0
26872,-648.0,240.0,684.0
26889,-648.0,240.0,684.0
26905,-648.0,240.0,684.0
26923,-180.0,312.0,792.0
26939,-180.0,312.0,792.0
26956,-180.0,312.0,792.0
26973,-180.0,312.0,792.0
26989,-180.0,312.0,792.0
27006,-180.0,312.0,792.0
27022,-256.0,52.0,876.0
27040,-256.0,52.0,876.0
27056,-256.0,52.0,876.0
27072,-256.0,52.0,876.0
27089,-256.0,52.0,876.0
27106,-256.0,52.0,876.0
27122,-256.0,52.0,876.0
27139,-200.0,-40.0,808.0
27156,-200.0,-40.0,808.0
27172,-200.0,-40.0,808.0
27189,-200.0,-40.0,808.0
27207,-200.0,-40.0,808.0
27223,-200.0,-40.0,808.0
27239,-160.0,-164.0,992.0
27256,-160.0,-164.0,992.0
27272,-160.0,-164.0,992.0
27289,-160.0,-164.0,992.0
27305,-160.0,-164.0,992.0
27323,-160.0,-164.0,992.0
27339,-216.0,-128.0,952.0
27355,-216.0,-128.0,952.0
27372,-216.0,-128.0,952.0
27389,-216.0,-128.0,952.0
27406,-216.0,-128.0,952.0
27422,-216.0,-128.0,952.0
27439,-212.0,-24.0,980.0
27462,-212.0,-24.0,980.0
27472,-212.0,-24.0,980.0
27489,-212.0,-24.0,980.0
27506,-212.0,-24.0,980.0
27523,-212.0,-24.0,980.0
27539,-288.0,40.0,948.0
27556,-288.0,40.0,948.0
27573,-288.0,40.0,948.0
27589,-288.0,40.0,948.0
27606,-288.0,40.0,948.0
27623,-288.0,40.0,948.0
27640,-288.0,40.0,948.0
27656,-328.0,24.0,968.0
27673,-328.0,24.0,968.0
27689,-328.0,24.0,968.0
27705,-328.0,24.0,968.0
27723,-328.0,24.0,968.0
27740,-328.0,24.0,968.0
27756,-152.0,-16.0,860.0
27772,-152.0,-16.0,860.0
27789,-152.0,-16.0,860.0
27806,-152.0,-16.0,860.0
27823,-152.0,-16.0,860.0
27840,-152.0,-16.0,860.0
27856,240.0,-232.0,664.0
27873,240.0,-232.0,664.0
27889,240.0,-232.0,664.0
27906,240.0,-232.0,664.0
27922,240.0,-232.0,664.0
27939,240.0,-232.0,664.0
27956,-44.0,-20.0,928.0
27973,-44.0,-20.0,928.0
27989,-44.0,-20.0,928.0
28006,-44.0,-20.0,928.0
28023,-44.0,-20.0,928.0
28039,-44.0,-20.0,928.0
28055,-44.0,-20.0,928.0
28073,12.0,-152.0,988.0
28089,12.0,-152.0,988.0
28106,12.0,-152.0,988.0
28123,12.0,-152.0,988.0
28139,12.0,-152.0,988.0
28156,12.0,-152.0,988.0
28172,72.0,-148.0,980.0
28189,72.0,-148.0,980.0
28206,72.0,-148.0,980.0
28222,72.0,-148.0,980.0
28239,72.0,-148.0,980.0
28256,72.0,-148.0,980.0
28273,-20.0,-80.0,964.0
28289,-20.0,-80.0,964.0
28306,-20.0,-80.0,964.0
28322,-20.0,-80.0,964.0
28339,-20.0,-80.0,964.0
28356,-20.0,-80.0,964.0
28372,-160.0,44.0,1048.0
28390,-160.0,44.0,1048.0
28406,-160.0,44.0,1048.0
28422,-160.0,44.0,1048.0
28439,-160.0,44.0,1048.0
28456,-160.0,44.0,1048.0
28473,-124.0,60.0,920.0
28491,-124.0,60.0,920.0
28508,-124.0,60.0,920.0
28527,-124.0,60.0,920.0
28545,-124.0,60.0,920.0
28563,-124.0,60.0,920.0
28581,-120.0,104.0,896.0
28600,-120.0,104.0,896.0
28618,-120.0,104.0,896.0
28637,-120.0,104.0,896.0
28654,-120.0,104.0,896.0
28688,-212.0,276.0,840.0
28706,-212.0,276.0,840.0
28722,-212.0,276.0,840.0
28755,-212.0,276.0,840.0
28773,-212.0,276.0,840.0
28789,-232.0,412.0,844.0
28822,-232.0,412.0,844.0
28838,-232.0,412.0,844.0
28856,-232.0,412.0,844.0
28872,-232.0,412.0,844.0
28889,-332.0,644.0,580.0
28906,-332.0,644.0,580.0
28923,-332.0,644.0,580.0
28940,-332.0,644.0,580.0
28955,-332.0,644.0,580.0
28973,-332.0,644.0,580.0
28989,-452.0,648.0,724.0
29006,-452.0,648.0,724.0
29023,-452.0,648.0,724.0
29040,-452.0,648.0,724.0
29057,-452.0,648.0,724.0
29073,-452.0,648.0,724.0
29090,-452.0,648.0,724.0
29106,-532.0,688.0,592.0
29123,-532.0,688.0,592.0
29139,-532.0,688.0,592.0
29156,-532.0,688.0,592.0
29172,-532.0,688.0,592.0
29190,-532.0,688.0,592.0
29206,-280.0,512.0,784.0
29222,-280.0,512.0,784.0
29239,-280.0,512.0,784.0
29256,-280.0,512.0,784.0
29273,-280.0,512.0,784.0
29290,-280.0,512.0,784.0
29306,-408.0,444.0,856.0
29323,-408.0,444.0,856.0
29339,-408.0,444.0,856.0
29356,-408.0,444.0,856.0
29373,-408.0,444.0,856.0
29390,-408.0,444.0,856.0
29406,-272.0,236.0,1036.0
29423,-272.0,236.0,1036.0
29439,-272.0,236.0,1036.0
29456,-272.0,236.0,1036.0
29472,-272.0,236.0,1036.0
29489,-272.0,236.0,1036.0
29506,-272.0,236.0,1036.0
29523,-176.0,132.0,832.0
29539,-176.0,132.0,832.0
29555,-176.0,132.0,832.0
29573,-176.0,132.0,832.0
29589,-176.0,132.0,832.0
29607,-176.0,132.0,832.0
29623,-380.0,52.0,928.0
29640,-380.0,52.0,928.0
29657,-380.0,52.0,928.0
29673,-380.0,52.0,928.0
29690,-380.0,52.0,928.0
29707,-380.0,52.0,928.0
29723,-256.0,92.0,832.0
29740,-256.0,92.0,832.0
29757,-256.0,92.0,832.0
29773,-256.0,92.0,832.0
29790,-256.0,92.0,832.0
29806,-256.0,92.0,832.0
29823,-320.0,-188.0,896.0
29840,-320.0,-188.0,896.0
29856,-320.0,-188.0,896.0
29873,-320.0,-188.0,896.0
29889,-320.0,-188.0,896.0
29906,-320.0,-188.0,896.0
29923,-336.0,-172.0,988.0
29939,-336.0,-172.0,988.0
29956,-336.0,-172.0,988.0
29973,-336.0,-172.0,988.0
29989,-336.0,-172.0,988.0
30006,-336.0,-172.0,988.0
30023,-336.0,-172.0,988.0
30039,-456.0,-244.0,888.0
30057,-456.0,-244.0,888.0
30073,-456.0,-244.0,888.0
30089,-456.0,-244.0,888.0
30107,-456.0,-244.0,888.0
30123,-456.0,-244.0,888.0
30139,-316.0,-192.0,852.0
30156,-316.0,-192.0,852.0
30172,-316.0,-192.0,852.0
30190,-316.0,-192.0,852.0
30206,-316.0,-192.0,852.0
30223,-316.0,-192.0,852.0
30240,-204.0,-268.0,860.0
30256,-204.0,-268.0,860.0
30273,-204.0,-268.0,860.0
30290,-204.0,-268.0,860.0
30307,-204.0,-268.0,860.0
30323,-204.0,-268.0,860.0
30339,-224.0,-272.0,832.0
30356,-224.0,-272.0,832.0
30373,-224.0,-272.0,832.0
30389,-224.0,-272.0,832.0
30407,-224.0,-272.0,832.0
30422,-224.0,-272.0,832.0
30440,-352.0,-184.0,736.0
30457,-352.0,-184.0,736.0
30473,-352.0,-184.0,736.0
30490,-352.0,-184.0,736.0
30507,-352.0,-184.0,736.0
30522,-352.0,-184.0,736.0
30540,-352.0,-184.0,736.0
30556,-512.0,-168.0,736.0
30573,-512.0,-168.0,736.0
30590,-512.0,-168.0,736.0
30606,-512.0,-168.0,736.0
30623,-512.0,-168.0,736.0
30639,-512.0,-168.0,736.0
30657,-636.0,-116.0,712.0
30673,-636.0,-116.0,712.0
30690,-636.0,-116.0,712.0
30705,-636.0,-116.0,712.0
30723,-636.0,-116.0,712.0
30740,-636.0,-116.0,712.0
30756,-772.0,-8.0,644.0
30773,-772.0,-8.0,644.0
30790,-772.0,-8.0,644.0
30806,-772.0,-8.0,644.0
30822,-772.0,-8.0,644.0
30840,-772.0,-8.0,644.0
30856,-820.0,20.0,600.0
30873,-820.0,20.0,600.0
30890,-820.0,20.0,600.0
30906,-820.0,20.0,600.0
30923,-820.0,20.0,600.0
30940,-820.0,20.0,600.0
30956,-820.0,20.0,600.0
30974,-908.0,-128.0,620.0
30989,-908.0,-128.0,620.0
31006,-908.0,-128.0,620.0
31023,-908.0,-128.0,620.0
31040,-908.0,-128.0,620.0
31057,-908.0,-128.0,620.0
31073,-808.0,-148.0,376.0
31089,-808.0,-148.0,376.0
31107,-808.0,-148.0,376.0
31123,-808.0,-148.0,376.0
31139,-808.0,-148.0,376.0
31156,-808.0,-148.0,376.0
31173,-844.0,-548.0,728.0
31190,-844.0,-548.0,728.0
31206,-844.0,-548.0,728.0
31223,-844.0,-548.0,728.0
31240,-844.0,-548.0,728.0
31257,-844.0,-548.0,728.0
31273,-576.0,-392.0,784.0
31290,-576.0,-392.0,784.0
31307,-576.0,-392.0,784.0
31323,-576.0,-392.0,784.0
31340,-576.0,-392.0,784.0
31357,-576.0,-392.0,784.0
31374,-620.0,-160.0,552.0
31390,-620.0,-160.0,552.0
31406,-620.0,-160.0,552.0
31423,-620.0,-160.0,552.0
31439,-620.0,-160.0,552.0
31456,-620.0,-160.0,552.0
31473,-620.0,-160.0,552.0
31489,-420.0,-468.0,728.0
31506,-420.0,-468.0,728.0
31523,-420.0,-468.0,728.0
31540,-420.0,-468.0,728.0
31556,-420.0,-468.0,728.0
31573,-420.0,-468.0,728.0
31592,-344.0,240.0,988.0
31609,-344.0,240.0,988.0
31628,-344.0,240.0,988.0
31645,-344.0,240.0,988.0
31668,-344.0,240.0,988.0
31685,-252.0,396.0,784.0
31718,-252.0,396.0,784.0
31735,-252.0,396.0,784.0
31767,-252.0,396.0,784.0
31784,-252.0,396.0,784.0
31801,-24.0,428.0,828.0
31817,-24.0,428.0,828.0
31834,-24.0,428.0,828.0
31852,-24.0,428.0,828.0
31868,-24.0,428.0,828.0
31885,-24.0,428.0,828.0
31902,408.0,320.0,792.0
31918,408.0,320.0,792.0
31935,408.0,320.0,792.0
31951,408.0,320.0,792.0
31969,408.0,320.0,792.0
31986,408.0,320.0,792.0
32002,144.0,564.0,668.0
32019,144.0,564.0,668.0
32036,144.0,564.0,668.0
32051,144.0,564.0,668.0
32068,144.0,564.0,668.0
32085,144.0,564.0,668.0
32102,376.0,596.0,700.0
32119,376.0,596.0,700.0
32135,376.0,596.0,700.0
32152,376.0,596.0,700.0
32169,376.0,596.0,700.0
32184,376.0,596.0,700.0
32202,348.0,216.0,700.0
32218,348.0,216.0,700.0
32235,348.0,216.0,700.0
32252,348.0,216.0,700.0
32268,348.0,216.0,700.0
32285,348.0,216.0,700.0
32301,348.0,216.0,700.0
32318,380.0,356.0,748.0
32335,380.0,356.0,748.0
32351,380.0,356.0,748.0
32369,380.0,356.0,748.0
32385,380.0,356.0,748.0
32402,380.0,356.0,748.0
32419,284.0,-16.0,956.0
32435,284.0,-16.0,956.0
32452,284.0,-16.0,956.0
32469,284.0,-16.0,956.0
32486,284.0,-16.0,956.0
32501,284.0,-16.0,956.0
32519,364.0,-308.0,744.0
32535,364.0,-308.0,744.0
32552,364.0,-308.0,744.0
32568,364.0,-308.0,744.0
32586,364.0,-308.0,744.0
32602,364.0,-308.0,744.0
32619,24.0,-512.0,992.0
32636,24.0,-512.0,992.0
32652,24.0,-512.0,992.0
32668,24.0,-512.0,992.0
32685,24.0,-512.0,992.0
32702,24.0,-512.0,992.0
32719,24.0,-512.0,992.0
32736,-464.0,-548.0,668.0
32752,-464.0,-548.0,668.0
32769,-464.0,-548.0,668.0
32785,-464.0,-548.0,668.0
32802,-464.0,-548.0,668.0
32819,-464.0,-548.0,668.0
32836,-740.0,-396.0,948.0
32852,-740.0,-396.0,948.0
32869,-740.0,-396.0,948.0
32886,-740.0,-396.0,948.0
32902,-740.0,-396.0,948.0
32919,-740.0,-396.0,948.0
32936,-796.0,-8.0,696.0
32952,-796.0,-8.0,696.0
32969,-796.0,-8.0,696.0
32985,-796.0,-8.0,696.0
33002,-796.0,-8.0,696.0
33019,-796.0,-8.0,696.0
33036,-672.0,168.0,436.0
33052,-672.0,168.0,436.0
33069,-672.0,168.0,436.0
33085,-672.0,168.0,436.0
33102,-672.0,168.0,436.0
33119,-672.0,168.0,436.0
33135,-580.0,608.0,604.0
33152,-580.0,608.0,604.0
33169,-580.0,608.0,604.0
33186,-580.0,608.0,604.0
33202,-580.0,608.0,604.0
33220,-580.0,608.0,604.0
33238,-580.0,608.0,604.0
33257,-272.0,852.0,320.0
33275,-272.0,852.0,320.0
33293,-272.0,852.0,320.0
33311,-272.0,852.0,320.0
33330,-272.0,852.0,320.0
33349,12.0,864.0,216.0
33367,12.0,864.0,216.0
33384,12.0,864.0,216.0
33401,12.0,864.0,216.0
33419,12.0,864.0,216.0
33435,12.0,864.0,216.0
33451,-20.0,968.0,288.0
33469,-20.0,968.0,288.0
33485,-20.0,968.0,288.0
33501,-20.0,968.0,288.0
33518,-20.0,968.0,288.0
33536,-20.0,968.0,288.0
33552,32.0,940.0,328.0
33568,32.0,940.0,328.0
33585,32.0,940.0,328.0
33602,32.0,940.0,328.0
33619,32.0,940.0,328.0
33636,32.0,940.0,328.0
33653,32.0,940.0,328.0
33669,-80.0,896.0,388.0
33686,-80.0,896.0,388.0
33703,-80.0,896.0,388.0
33719,-80.0,896.0,388.0
33736,-80.0,896.0,388.0
33753,-80.0,896.0,388.0
33769,84.0,720.0,524.0
33785,84.0,720.0,524.0
33802,84.0,720.0,524.0
33819,84.0,720.0,524.0
33836,84.0,720.0,524.0
33852,84.0,720.0,524.0
33869,364.0,356.0,676.0
33886,364.0,356.0,676.0
33902,364.0,356.0,676.0
33919,364.0,356.0,676.0
33936,364.0,356.0,676.0
33952,364.0,356.0,676.0
33969,492.0,-564.0,484.0
33986,492.0,-564.0,484.0
34003,492.0,-564.0,484.0
34019,492.0,-564.0,484.0
34035,492.0,-564.0,484.0
34053,492.0,-564.0,484.0
34069,140.0,-952.0,504.0
34086,140.0,-952.0,504.0
34102,140.0,-952.0,504.0
34119,140.0,-952.0,504.0
34136,140.0,-952.0,504.0
34152,140.0,-952.0,504.0
34169,140.0,-952.0,504.0
34186,96.0,-952.0,-12.0
34202,96.0,-952.0,-12.0
34219,96.0,-952.0,-12.0
34235,96.0,-952.0,-12.0
34252,96.0,-952.0,-12.0
34269,96.0,-952.0,-12.0
34285,-28.0,-1212.0,100.0
34302,-28.0,-1212.0,100.0
34319,-28.0,-1212.0,100.0
34335,-28.0,-1212.0,100.0
34353,-28.0,-1212.0,100.0
34370,-28.0,-1212.0,100.0
34386,128.0,-1024.0,52.0
34402,128.0,-1024.0,52.0
34419,128.0,-1024.0,52.0
34436,128.0,-1024.0,52.0
34453,128.0,-1024.0,52.0
34469,128.0,-1024.0,52.0
34486,184.0,-932.0,448.0
34503,184.0,-932.0,448.0
34519,184.0,-932.0,448.0
34536,184.0,-932.0,448.0
34553,184.0,-932.0,448.0
34569,184.0,-932.0,448.0
34585,300.0,-464.0,632.0
34603,300.0,-464.0,632.0
34619,300.0,-464.0,632.0
34635,300.0,-464.0,632.0
34652,300.0,-464.0,632.0
34669,300.0,-464.0,632.0
34686,300.0,-464.0,632.0
34702,396.0,-156.0,820.0
34719,396.0,-156.0,820.0
34736,396.0,-156.0,820.0
34753,396.0,-156.0,820.0
34769,396.0,-156.0,820.0
34785,396.0,-156.0,820.0
34803,560.0,204.0,684.0
34819,560.0,204.0,684.0
34836,560.0,204.0,684.0
34853,560.0,204.0,684.0
34869,560.0,204.0,684.0
34886,560.0,204.0,684.0
34903,524.0,500.0,500.0
34919,524.0,500.0,500.0
34936,524.0,500.0,500.0
34953,524.0,500.0,500.0
34969,524.0,500.0,500.0
34986,524.0,500.0,500.0
35002,500.0,700.0,344.0
35020,500.0,700.0,344.0
35036,500.0,700.0,344.0
35053,500.0,700.0,344.0
35069,500.0,700.0,344.0
35086,500.0,700.0,344.0
35102,500.0,700.0,344.0
35119,300.0,852.0,272.0
35136,300.0,852.0,272.0
35152,300.0,852.0,272.0
35169,300.0,852.0,272.0
35186,300.0,852.0,272.0
35203,300.0,852.0,272.0
35219,196.0,1020.0,252.0
35235,196.0,1020.0,252.0
35252,196.0,1020.0,252.0
35269,196.0,1020.0,252.0
35286,196.0,1020.0,252.0
35302,196.0,1020.0,252.0
35319,-192.0,1076.0,296.0
35336,-192.0,1076.0,296.0
35352,-192.0,1076.0,296.0
35369,-192.0,1076.0,296.0
35386,-192.0,1076.0,296.0
35403,-192.0,1076.0,296.0
35420,-132.0,1028.0,180.0
35436,-132.0,1028.0,180.0
35453,-132.0,1028.0,180.0
35470,-132.0,1028.0,180.0
35486,-132.0,1028.0,180.0
35503,-132.0,1028.0,180.0
35519,-220.0,932.0,332.0
35536,-220.0,932.0,332.0
35552,-220.0,932.0,332.0
35569,-220.0,932.0,332.0
35585,-220.0,932.0,332.0
35603,-220.0,932.0,332.0
35619,-220.0,932.0,332.0
35636,-376.0,912.0,272.0
35652,-376.0,912.0,272.0
35669,-376.0,912.0,272.0
35686,-376.0,912.0,272.0
35702,-376.0,912.0,272.0
35719,-376.0,912.0,272.0
35736,-448.0,848.0,264.0
35752,-448.0,848.0,264.0
35769,-448.0,848.0,264.0
35785,-448.0,848.0,264.0
35802,-448.0,848.0,264.0
35820,-448.0,848.0,264.0
35835,-596.0,756.0,376.0
35852,-596.0,756.0,376.0
35869,-596.0,756.0,376.0
35886,-596.0,756.0,376.0
35902,-596.0,756.0,376.0
35919,-596.0,756.0,376.0
35936,-592.0,684.0,304.0
35953,-592.0,684.0,304.0
35969,-592.0,684.0,304.0
35986,-592.0,684.0,304.0
36003,-592.0,684.0,304.0
36019,-592.0,684.0,304.0
36036,-592.0,684.0,304.0
36052,-748.0,560.0,316.0
36070,-748.0,560.0,316.0
36086,-748.0,560.0,316.0
36103,-748.0,560.0,316.0
36120,-748.0,560.0,316.0
36136,-748.0,560.0,316.0
36153,-804.0,340.0,424.0
36170,-804.0,340.0,424.0
36187,-804.0,340.0,424.0
36205,-804.0,340.0,424.0
36224,-804.0,340.0,424.0
36243,-804.0,340.0,424.0
36261,-1160.0,-200.0,628.0
36280,-1160.0,-200.0,628.0
36296,-1160.0,-200.0,628.0
36313,-1160.0,-200.0,628.0
36331,-1160.0,-200.0,628.0
36348,-572.0,24.0,676.0
36365,-572.0,24.0,676.0
36381,-572.0,24.0,676.0
36397,-572.0,24.0,676.0
36414,-572.0,24.0,676.0
36431,-572.0,24.0,676.0
36448,-572.0,24.0,676.0
36464,-424.0,436.0,548.0
36481,-424.0,436.0,548.0
36498,-424.0,436.0,548.0
36515,-424.0,436.0,548.0
36531,-424.0,436.0,548.0
36547,-424.0,436.0,548.0
36565,-272.0,512.0,380.0
36581,-272.0,512.0,380.0
36597,-272.0,512.0,380.0
36615,-272.0,512.0,380.0
36631,-272.0,512.0,380.0
36647,-272.0,512.0,380.0
36664,-140.0,604.0,708.0
36682,-140.0,604.0,708.0
36698,-140.0,604.0,708.0
36715,-140.0,604.0,708.0
36731,-140.0,604.0,708.0
36748,-140.0,604.0,708.0
36765,-184.0,780.0,392.0
36781,-184.0,780.0,392.0
36798,-184.0,780.0,392.0
36815,-184.0,780.0,392.0
36832,-184.0,780.0,392.0
36848,-184.0,780.0,392.0
36865,-184.0,780.0,392.0
36882,-172.0,908.0,364.0
36898,-172.0,908.0,364.0
36914,-172.0,908.0,364.0
36932,-172.0,908.0,364.0
36948,-172.0,908.0,364.0
36965,-172.0,908.0,364.0
36981,-184.0,768.0,368.0
36998,-184.0,768.0,368.0
37015,-184.0,768.0,368.0
37031,-184.0,768.0,368.0
37048,-184.0,768.0,368.0
37064,-184.0,768.0,368.0
37082,-144.0,940.0,288.0
37098,-144.0,940.0,288.0
37115,-144.0,940.0,288.0
37131,-144.0,940.0,288.0
37148,-144.0,940.0,288.0
37164,-144.0,940.0,288.0
37182,-4.0,740.0,528.0
37198,-4.0,740.0,528.0
37215,-4.0,740.0,528.0
37231,-4.0,740.0,528.0
37248,-4.0,740.0,528.0
37264,-4.0,740.0,528.0
37281,-16.0,800.0,788.0
37298,-16.0,800.0,788.0
37315,-16.0,800.0,788.0
37331,-16.0,800.0,788.0
37348,-16.0,800.0,788.0
37365,-16.0,800.0,788.0
37382,-16.0,800.0,788.0
37398,164.0,440.0,332.0
37415,164.0,440.0,332.0
37431,164.0,440.0,332.0
37448,164.0,440.0,332.0
37465,164.0,440.0,332.0
37481,164.0,440.0,332.0
37498,-612.0,712.0,820.0
37515,-612.0,712.0,820.0
37532,-612.0,712.0,820.0
37548,-612.0,712.0,820.0
37564,-612.0,712.0,820.0
37581,-612.0,712.0,820.0
37598,-492.0,84.0,728.0
37615,-492.0,84.0,728.0
37632,-492.0,84.0,728.0
37648,-492.0,84.0,728.0
37665,-492.0,84.0,728.0
37681,-492.0,84.0,728.0
37698,-296.0,104.0,1096.0
37715,-296.0,104.0,1096.0
37731,-296.0,104.0,1096.0
37749,-296.0,104.0,1096.0
37765,-296.0,104.0,1096.0
37781,-296.0,104.0,1096.0
37798,-236.0,132.0,388.0
37815,-236.0,132.0,388.0
37832,-236.0,132.0,388.0
37848,-236.0,132.0,388.0
37865,-236.0,132.0,388.0
37882,-236.0,132.0,388.0
37898,-236.0,132.0,388.0
37914,-60.0,-8.0,1036.0
37932,-60.0,-8.0,1036.0
37948,-60.0,-8.0,1036.0
37965,-60.0,-8.0,1036.0
37981,-60.0,-8.0,1036.0
37999,-60.0,-8.0,1036.0
38015,92.0,-40.0,900.0
38031,92.0,-40.0,900.0
38048,92.0,-40.0,900.0
38065,92.0,-40.0,900.0
38081,92.0,-40.0,900.0
38098,92.0,-40.0,900.0
38115,-92.0,-124.0,1004.0
38131,-92.0,-124.0,1004.0
38148,-92.0,-124.0,1004.0
38165,-92.0,-124.0,1004.0
38182,-92.0,-124.0,1004.0
38198,-92.0,-124.0,1004.0
38215,-36.0,52.0,720.0
38231,-36.0,52.0,720.0
38247,-36.0,52.0,720.0
38265,-36.0,52.0,720.0
38281,-36.0,52.0,720.0
38298,-36.0,52.0,720.0
38315,-36.0,52.0,720.0
38332,100.0,104.0,940.0
38348,100.0,104.0,940.0
38365,100.0,104.0,940.0
38382,100.0,104.0,940.0
38398,100.0,104.0,940.0
38415,100.0,104.0,940.0
38431,132.0,180.0,988.0
38449,132.0,180.0,988.0
38465,132.0,180.0,988.0
38482,132.0,180.0,988.0
38498,132.0,180.0,988.0
38515,132.0,180.0,988.0
38532,84.0,324.0,928.0
38548,84.0,324.0,928.0
38565,84.0,324.0,928.0
38582,84.0,324.0,928.0
38598,84.0,324.0,928.0
38615,84.0,324.0,928.0
38632,4.0,328.0,852.0
38648,4.0,328.0,852.0
38665,4.0,328.0,852.0
38682,4.0,328.0,852.0
38699,4.0,328.0,852.0
38715,4.0,328.0,852.0
38732,-8.0,296.0,804.0
38749,-8.0,296.0,804.0
38765,-8.0,296.0,804.0
38782,-8.0,296.0,804.0
38798,-8.0,296.0,804.0
38815,-8.0,296.0,804.0
38832,-8.0,296.0,804.0
38849,-4.0,376.0,888.0
38865,-4.0,376.0,888.0
38881,-4.0,376.0,888.0
38898,-4.0,376.0,888.0
38915,-4.0,376.0,888.0
38932,-4.0,376.0,888.0
38948,-12.0,344.0,856.0
38965,-12.0,344.0,856.0
38982,-12.0,344.0,856.0
38998,-12.0,344.0,856.0
39015,-12.0,344.0,856.0
39032,-12.0,344.0,856.0
39048,84.0,300.0,880.0
39065,84.0,300.0,880.0
39082,84.0,300.0,880.0
39099,84.0,300.0,880.0
39115,84.0,300.0,880.0
39131,84.0,300.0,880.0
39149,172.0,336.0,908.0
39165,172.0,336.0,908.0
39182,172.0,336.0,908.0
39199,172.0,336.0,908.0
39215,172.0,336.0,908.0
39232,172.0,336.0,908.0
39248,212.0,392.0,784.0
39264,212.0,392.0,784.0
39282,212.0,392.0,784.0
39298,212.0,392.0,784.0
39315,212.0,392.0,784.0
39332,212.0,392.0,784.0
39349,212.0,392.0,784.0
39365,148.0,424.0,732.0
39381,148.0,424.0,732.0
39398,148.0,424.0,732.0
39416,148.0,424.0,732.0
39431,148.0,424.0,732.0
39449,148.0,424.0,732.0
39465,84.0,456.0,852.0
39481,84.0,456.0,852.0
39498,84.0,456.0,852.0
39516,84.0,456.0,852.0
39532,84.0,456.0,852.0
39549,84.0,456.0,852.0
39566,216.0,432.0,876.0
39582,216.0,432.0,876.0
39598,216.0,432.0,876.0
39615,216.0,432.0,876.0
39632,216.0,432.0,876.0
39649,216.0,432.0,876.0
39665,184.0,364.0,872.0
39681,184.0,364.0,872.0
39699,184.0,364.0,872.0
39715,184.0,364.0,872.0
39732,184.0,364.0,872.0
39749,184.0,364.0,872.0
39765,184.0,276.0,792.0
39782,184.0,276.0,792.0
39799,184.0,276.0,792.0
39815,184.0,276.0,792.0
39832,184.0,276.0,792.0
39849,184.0,276.0,792.0
39865,184.0,276.0,792.0
39882,224.0,292.0,832.0
39898,224.0,292.0,832.0
39915,224.0,292.0,832.0
39932,224.0,292.0,832.0
39948,224.0,292.0,832.0
39965,224.0,292.0,832.0
39982,308.0,252.0,844.0
39999,308.0,252.0,844.0
40015,308.0,252.0,844.0
40032,308.0,252.0,844.0
40049,308.0,252.0,844.0
40065,308.0,252.0,844.0
40082,220.0,300.0,820.0
40099,220.0,300.0,820.0
40115,220.0,300.0,820.0
40132,220.0,300.0,820.0
40149,220.0,300.0,820.0
40166,220.0,300.0,820.0
40182,212.0,248.0,840.0
40199,212.0,248.0,840.0
40215,212.0,248.0,840.0
40231,212.0,248.0,840.0
40249,212.0,248.0,840.0
40266,212.0,248.0,840.0
40282,212.0,248.0,840.0
40299,252.0,184.0,800.0
40316,252.0,184.0,800.0
40332,252.0,184.0,800.0
40349,252.0,184.0,800.0
40366,252.0,184.0,800.0
40382,252.0,184.0,800.0
40398,576.0,44.0,792.0
40416,576.0,44.0,792.0
40432,576.0,44.0,792.0
40449,576.0,44.0,792.0
40466,576.0,44.0,792.0
40482,576.0,44.0,792.0
40499,920.0,-180.0,536.0
40516,920.0,-180.0,536.0
40533,920.0,-180.0,536.0
40549,920.0,-180.0,536.0
40566,920.0,-180.0,536.0
40582,920.0,-180.0,536.0
40599,328.0,-64.0,868.0
40616,328.0,-64.0,868.0
40632,328.0,-64.0,868.0
40649,328.0,-64.0,868.0
40665,328.0,-64.0,868.0
40682,328.0,-64.0,868.0
40699,272.0,104.0,1064.0
40715,272.0,104.0,1064.0
40732,272.0,104.0,1064.0
40749,272.0,104.0,1064.0
40765,272.0,104.0,1064.0
40783,272.0,104.0,1064.0
40799,272.0,104.0,1064.0
40815,132.0,172.0,900.0
40832,132.0,172.0,900.0
40849,132.0,172.0,900.0
40866,132.0,172.0,900.0
40884,132.0,172.0,900.0
40902,132.0,172.0,900.0
40921,124.0,92.0,948.0
40939,124.0,92.0,948.0
40958,124.0,92.0,948.0
40976,124.0,92.0,948.0
40994,124.0,92.0,948.0
41026,-28.0,108.0,968.0
41043,-28.0,108.0,968.0
41061,-28.0,108.0,968.0
41092,-28.0,108.0,968.0
41109,-28.0,108.0,968.0
41127,204.0,388.0,904.0
41159,204.0,388.0,904.0
41176,204.0,388.0,904.0
41193,204.0,388.0,904.0
41210,204.0,388.0,904.0
41226,160.0,412.0,784.0
41244,160.0,412.0,784.0
41261,160.0,412.0,784.0
41277,160.0,412.0,784.0
41294,160.0,412.0,784.0
41310,160.0,412.0,784.0
41328,328.0,532.0,828.0
41344,328.0,532.0,828.0
41360,328.0,532.0,828.0
41378,328.0,532.0,828.0
41394,328.0,532.0,828.0
41411,328.0,532.0,828.0
41427,300.0,412.0,860.0
41443,300.0,412.0,860.0
41460,300.0,412.0,860.0
41477,300.0,412.0,860.0
41494,300.0,412.0,860.0
41510,300.0,412.0,860.0
41526,300.0,412.0,860.0
41543,248.0,400.0,780.0
41561,248.0,400.0,780.0
41578,248.0,400.0,780.0
41594,248.0,400.0,780.0
41610,248.0,400.0,780.0
41627,248.0,400.0,780.0
41644,-136.0,260.0,1056.0
41661,-136.0,260.0,1056.0
41677,-136.0,260.0,1056.0
41694,-136.0,260.0,1056.0
41711,-136.0,260.0,1056.0
41728,-136.0,260.0,1056.0
41744,-404.0,340.0,920.0
41761,-404.0,340.0,920.0
41777,-404.0,340.0,920.0
41794,-404.0,340.0,920.0
41811,-404.0,340.0,920.0
41827,-404.0,340.0,920.0
41844,-308.0,492.0,568.0
41861,-308.0,492.0,568.0
41878,-308.0,492.0,568.0
41894,-308.0,492.0,568.0
41910,-308.0,492.0,568.0
41928,-308.0,492.0,568.0
41944,-288.0,672.0,648.0
41960,-288.0,672.0,648.0
41977,-288.0,672.0,648.0
41994,-288.0,672.0,648.0
42011,-288.0,672.0,648.0
42027,-288.0,672.0,648.0
42043,-288.0,672.0,648.0
42060,-192.0,672.0,564.0
42077,-192.0,672.0,564.0
42094,-192.0,672.0,564.0
42111,-192.0,672.0,564.0
42128,-192.0,672.0,564.0
42143,-192.0,672.0,564.0
42161,68.0,604.0,720.0
42177,68.0,604.0,720.0
42194,68.0,604.0,720.0
42211,68.0,604.0,720.0
42227,68.0,604.0,720.0
42244,68.0,604.0,720.0
42261,352.0,644.0,576.0
42278,352.0,644.0,576.0
42294,352.0,644.0,576.0
42311,352.0,644.0,576.0
42328,352.0,644.0,576.0
42344,352.0,644.0,576.0
42361,392.0,684.0,544.0
42377,392.0,684.0,544.0
42394,392.0,684.0,544.0
42411,392.0,684.0,544.0
42427,392.0,684.0,544.0
42444,392.0,684.0,544.0
42461,464.0,692.0,548.0
42478,464.0,692.0,548.0
42495,464.0,692.0,548.0
42513,464.0,692.0,548.0
42531,464.0,692.0,548.0
42549,464.0,692.0,548.0
42567,504.0,748.0,380.0
42586,504.0,748.0,380.0
42605,504.0,748.0,380.0
42623,504.0,748.0,380.0
42641,504.0,748.0,380.0
42660,504.0,748.0,380.0
42677,532.0,768.0,288.0
42693,532.0,768.0,288.0
42710,532.0,768.0,288.0
42728,532.0,768.0,288.0
42744,532.0,768.0,288.0
42761,532.0,768.0,288.0
42778,-20.0,688.0,788.0
42795,-20.0,688.0,788.0
42811,-20.0,688.0,788.0
42828,-20.0,688.0,788.0
42844,-20.0,688.0,788.0
42861,-20.0,688.0,788.0
42878,-336.0,560.0,556.0
42894,-336.0,560.0,556.0
42911,-336.0,560.0,556.0
42927,-336.0,560.0,556.0
42945,-336.0,560.0,556.0
42961,-336.0,560.0,556.0
42978,-368.0,340.0,756.0
42995,-368.0,340.0,756.0
43011,-368.0,340.0,756.0
43028,-368.0,340.0,756.0
43044,-368.0,340.0,756.0
43061,-368.0,340.0,756.0
43078,-368.0,340.0,756.0
43094,-348.0,156.0,752.0
43111,-348.0,156.0,752.0
43128,-348.0,156.0,752.0
43144,-348.0,156.0,752.0
43161,-348.0,156.0,752.0
43178,-348.0,156.0,752.0
43194,-668.0,-140.0,816.0
43211,-668.0,-140.0,816.0
43227,-668.0,-140.0,816.0
43245,-668.0,-140.0,816.0
43260,-668.0,-140.0,816.0
43278,-668.0,-140.0,816.0
43294,-704.0,-388.0,816.0
43311,-704.0,-388.0,816.0
43328,-704.0,-388.0,816.0
43344,-704.0,-388.0,816.0
43361,-704.0,-388.0,816.0
43377,-704.0,-388.0,816.0
43394,-704.0,-388.0,816.0
43411,-704.0,-388.0,816.0
43428,-704.0,-388.0,816.0
43444,-704.0,-388.0,816.0
43461,-704.0,-388.0,816.0
43478,-704.0,-388.0,816.0
43495,-704.0,-388.0,816.0
43511,-704.0,-388.0,816.0
43528,-704.0,-388.0,816.0
43544,-704.0,-388.0,816.0
43561,-704.0,-388.0,816.0
43578,-704.0,-388.0,816.0
43594,-704.0,-388.0,816.0
43611,-704.0,-388.0,816.0
43628,-704.0,-388.0,816.0
43644,-704.0,-388.0,816.0
43661,-704.0,-388.0,816.0
43678,-704.0,-388.0,816.0
43695,-704.0,-388.0,816.0
43711,-704.0,-388.0,816.0
43728,-704.0,-388.0,816.0
43745,-704.0,-388.0,816.0
43762,-704.0,-388.0,816.0
43778,-704.0,-388.0,816.0
43794,-704.0,-388.0,816.0
43811,-704.0,-388.0,816.0
43828,-704.0,-388.0,816.0
43844,-704.0,-388.0,816.0
43861,-704.0,-388.0,816.0
43878,-704.0,-388.0,816.0
43895,-704.0,-388.0,816.0
43911,-704.0,-388.0,816.0
43928,-704.0,-388.0,816.0
43944,-704.0,-388.0,816.0
43961,-704.0,-388.0,816.0
43978,-704.0,-388.0,816.0
43995,-704.0,-388.0,816.0
44011,-704.0,-388.0,816.0
44028,-704.0,-388.0,816.0
44044,-704.0,-388.0,816.0
44061,-704.0,-388.0,816.0
44078,-704.0,-388.0,816.0
44095,-704.0,-388.0,816.0
44111,-704.0,-388.0,816.0
44128,-704.0,-388.0,816.0
44144,-704.0,-388.0,816.0
44162,-704.0,-388.0,816.0
44178,-704.0,-388.0,816.0
44194,-704.0,-388.0,816.0
44211,-704.0,-388.0,816.0
44228,-704.0,-388.0,816.0
44245,-704.0,-388.0,816.0
44261,-704.0,-388.0,816.0
44278,-704.0,-388.0,816.0
44296,-704.0,-388.0,816.0
44314,-704.0,-388.0,816.0
44332,-704.0,-388.0,816.0
44351,-704.0,-388.0,816.0
44369,-704.0,-388.0,816.0
44386,-704.0,-388.0,816.0
44410,-704.0,-388.0,816.0
44428,-704.0,-388.0,816.0
44460,-704.0,-388.0,816.0
44477,-704.0,-388.0,816.0
44510,-704.0,-388.0,816.0
44527,-704.0,-388.0,816.0
44545,-704.0,-388.0,816.0
44561,-704.0,-388.0,816.0
44578,-704.0,-388.0,816.0
44595,-704.0,-388.0,816.0
44612,-704.0,-388.0,816.0
44629,-704.0,-388.0,816.0
44645,-704.0,-388.0,816.0
44662,-704.0,-388.0,816.0
44679,-704.0,-388.0,816.0
44695,-704.0,-388.0,816.0
44712,-704.0,-388.0,816.0
44729,-704.0,-388.0,816.0
44745,-704.0,-388.0,816.0
44762,-704.0,-388.0,816.0
44779,-704.0,-388.0,816.0
44795,-704.0,-388.0,816.0
44811,-704.0,-388.0,816.0
44828,-704.0,-388.0,816.0
44845,-704.0,-388.0,816.0
44862,-704.0,-388.0,816.0
44878,-704.0,-388.0,816.0
44895,-704.0,-388.0,816.0
44912,-704.0,-388.0,816.0
44928,-704.0,-388.0,816.0
44945,-704.0,-388.0,816.0
44962,-704.0,-388.0,816.0
44978,-704.0,-388.0,816.0
44995,-704.0,-388.0,816.0
45011,-704.0,-388.0,816.0
45028,-704.0,-388.0,816.0
45045,-704.0,-388.0,816.0
45062,-704.0,-388.0,816.0
45078,-704.0,-388.0,816.0
45095,-704.0,-388.0,816.0
45112,-704.0,-388.0,816.0
45128,-704.0,-388.0,816.0
45144,-704.0,-388.0,816.0
45162,-704.0,-388.0,816.0
45178,-704.0,-388.0,816.0
45194,-704.0,-388.0,816.0
45212,-704.0,-388.0,816.0
45228,-704.0,-388.0,816.0
45245,-704.0,-388.0,816.0
45261,-704.0,-388.0,816.0
45278,-704.0,-388.0,816.0
45294,-704.0,-388.0,816.0
45311,-704.0,-388.0,816.0
45328,-704.0,-388.0,816.0
45345,-704.0,-388.0,816.0
45361,-704.0,-388.0,816.0
45378,-704.0,-388.0,816.0
45394,-704.0,-388.0,816.0
45411,-704.0,-388.0,816.0
45428,-704.0,-388.0,816.0
45445,-704.0,-388.0,816.0
45461,-704.0,-388.0,816.0
45478,-704.0,-388.0,816.0
45495,-704.0,-388.0,816.0
45511,-704.0,-388.0,816.0
45528,-704.0,-388.0,816.0
45545,-704.0,-388.0,816.0
45562,-704.0,-388.0,816.0
45578,-704.0,-388.0,816.0
45595,-704.0,-388.0,816.0
45611,-704.0,-388.0,816.0
45629,-704.0,-388.0,816.0
45646,-704.0,-388.0,816.0
45664,-704.0,-388.0,816.0
45683,-704.0,-388.0,816.0
45701,-704.0,-388.0,816.0
45720,-704.0,-388.0,816.0
45738,-704.0,-388.0,816.0
45756,-704.0,-388.0,816.0
45773,-704.0,-388.0,816.0
45789,-704.0,-388.0,816.0
45807,-704.0,-388.0,816.0
45823,-704.0,-388.0,816.0
45840,-704.0,-388.0,816.0
45857,-704.0,-388.0,816.0
45873,-704.0,-388.0,816.0
45890,-704.0,-388.0,816.0
45907,-704.0,-388.0,816.0
45923,-704.0,-388.0,816.0
45940,-704.0,-388.0,816.0
45956,-704.0,-388.0,816.0
45973,-704.0,-388.0,816.0
45990,-704.0,-388.0,816.0
46007,-704.0,-388.0,816.0
46024,-704.0,-388.0,816.0
46040,-704.0,-388.0,816.0
46056,-704.0,-388.0,816.0
46073,-704.0,-388.0,816.0
46091,-704.0,-388.0,816.0
46107,-704.0,-388.0,816.0
46123,-704.0,-388.0,816.0
46140,-704.0,-388.0,816.0
46156,-704.0,-388.0,816.0
46173,-704.0,-388.0,816.0
46190,-704.0,-388.0,816.0
46207,-704.0,-388.0,816.0
46223,-704.0,-388.0,816.0
46240,-704.0,-388.0,816.0
46257,-704.0,-388.0,816.0
46273,-704.0,-388.0,816.0
46290,-704.0,-388.0,816.0
46307,-704.0,-388.0,816.0
46324,-704.0,-388.0,816.0
46340,-704.0,-388.0,816.0
46357,-704.0,-388.0,816.0
46373,-704.0,-388.0,816.0
46390,-704.0,-388.0,816.0
46406,-704.0,-388.0,816.0
46423,-704.0,-388.0,816.0
46440,-704.0,-388.0,816.0
46457,-704.0,-388.0,816.0
46473,-704.0,-388.0,816.0
46490,-704.0,-388.0,816.0
46507,-704.0,-388.0,816.0
46524,-704.0,-388.0,816.0
46540,-704.0,-388.0,816.0
46556,-704.0,-388.0,816.0
46574,-704.0,-388.0,816.0
46590,-704.0,-388.0,816.0
46606,-704.0,-388.0,816.0
46623,-704.0,-388.0,816.0
46640,-704.0,-388.0,816.0
46657,-704.0,-388.0,816.0
46674,-704.0,-388.0,816.0
46689,-704.0,-388.0,816.0
46707,-704.0,-388.0,816.0
46724,-704.0,-388.0,816.0
46740,-704.0,-388.0,816.0
46757,-704.0,-388.0,816.0
46774,-704.0,-388.0,816.0
46790,-704.0,-388.0,816.0
46807,-704.0,-388.0,816.0
46824,-704.0,-388.0,816.0
46840,-704.0,-388.0,816.0
46857,-704.0,-388.0,816.0
46874,-704.0,-388.0,816.0
46891,-704.0,-388.0,816.0
46907,-704.0,-388.0,816.0
46924,-704.0,-388.0,816.0
46940,-704.0,-388.0,816.0
46957,-704.0,-388.0,816.0
46974,-704.0,-388.0,816.0
46990,-704.0,-388.0,816.0
47007,-704.0,-388.0,816.0
47023,-704.0,-388.0,816.0
47040,-704.0,-388.0,816.0
47057,-704.0,-388.0,816.0
47074,-704.0,-388.0,816.0
47091,-704.0,-388.0,816.0
47107,-704.0,-388.0,816.0
47124,-704.0,-388.0,816.0
47140,-704.0,-388.0,816.0
47157,-704.0,-388.0,816.0
47174,-704.0,-388.0,816.0
47190,-704.0,-388.0,816.0
47207,-704.0,-388.0,816.0
47224,-704.0,-388.0,816.0
47242,-704.0,-388.0,816.0
47260,-704.0,-388.0,816.0
47277,-704.0,-388.0,816.0
47294,-704.0,-388.0,816.0
47310,-704.0,-388.0,816.0
47327,-704.0,-388.0,816.0
47344,-704.0,-388.0,816.0
47360,-704.0,-388.0,816.0
47377,-704.0,-388.0,816.0
47394,-704.0,-388.0,816.0
47411,-704.0,-388.0,816.0
47427,-704.0,-388.0,816.0
47444,-704.0,-388.0,816.0
47461,-704.0,-388.0,816.0
47477,-704.0,-388.0,816.0
47494,-704.0,-388.0,816.0
47511,-704.0,-388.0,816.0
47527,-704.0,-388.0,816.0
47544,-704.0,-388.0,816.0
47561,-704.0,-388.0,816.0
47577,-704.0,-388.0,816.0
47594,-704.0,-388.0,816.0
47610,-704.0,-388.0,816.0
47627,-704.0,-388.0,816.0
47644,-704.0,-388.0,816.0
47660,-704.0,-388.0,816.0
47677,-704.0,-388.0,816.0
47694,-704.0,-388.0,816.0
47711,-704.0,-388.0,816.0
47727,-704.0,-388.0,816.0
47744,-704.0,-388.0,816.0
47760,-704.0,-388.0,816.0
47778,-704.0,-388.0,816.0
47794,-704.0,-388.0,816.0
47811,-704.0,-388.0,816.0
47828,-704.0,-388.0,816.0
47844,-704.0,-388.0,816.0
47860,-704.0,-388.0,816.0
47878,-704.0,-388.0,816.0
47894,-704.0,-388.0,816.0
47911,-704.0,-388.0,816.0
47928,-704.0,-388.0,816.0
47944,-704.0,-388.0,816.0
47960,-704.0,-388.0,816.0
47978,-704.0,-388.0,816.0
47994,-704.0,-388.0,816.0
48011,-704.0,-388.0,816.0
48028,-704.0,-388.0,816.0
48044,-704.0,-388.0,816.0
48061,-704.0,-388.0,816.0
48077,-704.0,-388.0,816.0
48094,-704.0,-388.0,816.0
48111,-704.0,-388.0,816.0
48127,-704.0,-388.0,816.0
48144,-704.0,-388.0,816.0
48161,-704.0,-388.0,816.0
48177,-704.0,-388.0,816.0
48194,-704.0,-388.0,816.0
48211,-704.0,-388.0,816.0
48227,-704.0,-388.0,816.0
48244,-704.0,-388.0,816.0
48261,-704.0,-388.0,816.0
48278,-704.0,-388.0,816.0
48294,-704.0,-388.0,816.0
48311,-704.0,-388.0,816.0
48328,-704.0,-388.0,816.0
48344,-704.0,-388.0,816.0
48361,-704.0,-388.0,816.0
48377,-704.0,-388.0,816.0
48394,-704.0,-388.0,816.0
48411,-704.0,-388.0,816.0
48428,-704.0,-388.0,816.0
48444,-704.0,-388.0,816.0
48461,-704.0,-388.0,816.0
48478,-704.0,-388.0,816.0
48494,-704.0,-388.0,816.0
48511,-704.0,-388.0,816.0
48528,-704.0,-388.0,816.0
48544,-704.0,-388.0,816.0
48561,-704.0,-388.0,816.0
48577,-704.0,-388.0,816.0
48594,-704.0,-388.0,816.0
48611,-704.0,-388.0,816.0
48627,-704.0,-388.0,816.0
48644,-704.0,-388.0,816.0
48661,-704.0,-388.0,816.0
48677,-704.0,-388.0,816.0
48694,-704.0,-388.0,816.0
48711,-704.0,-388.0,816.0
48727,-704.0,-388.0,816.0
48744,-704.0,-388.0,816.0
48760,-704.0,-388.0,816.0
48778,-704.0,-388.0,816.0
48794,-704.0,-388.0,816.0
48811,-704.0,-388.0,816.0
48828,-704.0,-388.0,816.0
48844,-704.0,-388.0,816.0
48861,-704.0,-388.0,816.0
48877,-704.0,-388.0,816.0
48894,-704.0,-388.0,816.0
48911,-704.0,-388.0,816.0
48928,-704.0,-388.0,816.0
48944,-704.0,-388.0,816.0
48961,-704.0,-388.0,816.0
48978,-704.0,-388.0,816.0
48994,-704.0,-388.0,816.0
49011,-704.0,-388.0,816.0
49028,-704.0,-388.0,816.0
49045,-704.0,-388.0,816.0
49062,-704.0,-388.0,816.0
49080,-704.0,-388.0,816.0
49098,-704.0,-388.0,816.0
49116,-704.0,-388.0,816.0
49135,-704.0,-388.0,816.0
49152,-704.0,-388.0,816.0
49173,-704.0,-388.0,816.0
49191,-704.0,-388.0,816.0
49223,-704.0,-388.0,816.0
49241,-704.0,-388.0,816.0
49258,-704.0,-388.0,816.0
49274,-704.0,-388.0,816.0
49291,-704.0,-388.0,816.0
49307,-704.0,-388.0,816.0
49324,-704.0,-388.0,816.0
49341,-704.0,-388.0,816.0
49358,-704.0,-388.0,816.0
49374,-704.0,-388.0,816.0
49391,-704.0,-388.0,816.0
49407,-704.0,-388.0,816.0
49423,-704.0,-388.0,816.0
49441,-704.0,-388.0,816.0
49457,-704.0,-388.0,816.0
49474,-704.0,-388.0,816.0
49491,-704.0,-388.0,816.0
49507,-704.0,-388.0,816.0
49524,-704.0,-388.0,816.0
49541,-704.0,-388.0,816.0
49557,-704.0,-388.0,816.0
49573,-704.0,-388.0,816.0
49590,-704.0,-388.0,816.0
49608,-704.0,-388.0,816.0
49625,-704.0,-388.0,816.0
49640,-704.0,-388.0,816.0
49658,-704.0,-388.0,816.0
49674,-704.0,-388.0,816.0
49691,-704.0,-388.0,816.0
49708,-704.0,-388.0,816.0
49725,-704.0,-388.0,816.0
49740,-704.0,-388.0,816.0
49758,-704.0,-388.0,816.0
49774,-704.0,-388.0,816.0
49791,-704.0,-388.0,816.0
49808,-704.0,-388.0,816.0
49824,-704.0,-388.0,816.0
49840,-704.0,-388.0,816.0
49857,-704.0,-388.0,816.0
49875,-704.0,-388.0,816.0
49891,-704.0,-388.0,816.0
49908,-704.0,-388.0,816.0
49924,-704.0,-388.0,816.0
49941,-704.0,-388.0,816.0
49957,-704.0,-388.0,816.0
49974,-704.0,-388.0,816.0
49991,-704.0,-388.0,816.0
50008,-704.0,-388.0,816.0
50024,-704.0,-388.0,816.0
50041,-704.0,-388.0,816.0
50058,-704.0,-388.0,816.0
50074,-704.0,-388.0,816.0
50091,-704.0,-388.0,816.0
50107,-704.0,-388.0,816.0
50124,-704.0,-388.0,816.0
50141,-704.0,-388.0,816.0
50158,-704.0,-388.0,816.0
50175,-704.0,-388.0,816.0
50191,-704.0,-388.0,816.0
50207,-704.0,-388.0,816.0
50224,-704.0,-388.0,816.0
50241,-704.0,-388.0,816.0
50258,-704.0,-388.0,816.0
50275,-704.0,-388.0,816.0
50291,-704.0,-388.0,816.0
50308,-704.0,-388.0,816.0
50324,-704.0,-388.0,816.0
50341,-704.0,-388.0,816.0
50358,-704.0,-388.0,816.0
50374,-704.0,-388.0,816.0
50391,-704.0,-388.0,816.0
50408,-704.0,-388.0,816.0
50426,-704.0,-388.0,816.0
50445,-704.0,-388.0,816.0
50463,-704.0,-388.0,816.0
50481,-704.0,-388.0,816.0
50499,-704.0,-388.0,816.0
50518,-704.0,-388.0,816.0
50535,-704.0,-388.0,816.0
50552,-704.0,-388.0,816.0
50569,-704.0,-388.0,816.0
50587,-704.0,-388.0,816.0
50603,-704.0,-388.0,816.0
50619,-704.0,-388.0,816.0
50636,-704.0,-388.0,816.0
50653,-704.0,-388.0,816.0
50670,-704.0,-388.0,816.0
50687,-704.0,-388.0,816.0
50702,-704.0,-388.0,816.0
50720,-704.0,-388.0,816.0
50737,-704.0,-388.0,816.0
50753,-704.0,-388.0,816.0
50770,-704.0,-388.0,816.0
50786,-704.0,-388.0,816.0
50803,-704.0,-388.0,816.0
50820,-704.0,-388.0,816.0
50836,-704.0,-388.0,816.0
50853,-704.0,-388.0,816.0
50870,-704.0,-388.0,816.0
50886,-704.0,-388.0,816.0
50903,-704.0,-388.0,816.0
50920,-704.0,-388.0,816.0
50937,-704.0,-388.0,816.0
50953,-704.0,-388.0,816.0
50970,-704.0,-388.0,816.0
50986,-704.0,-388.0,816.0
51003,-704.0,-388.0,816.0
51019,-704.0,-388.0,816.0
51036,-704.0,-388.0,816.0
51053,-704.0,-388.0,816.0
51070,-704.0,-388.0,816.0
51086,-704.0,-388.0,816.0
51103,-704.0,-388.0,816.0
51120,-704.0,-388.0,816.0
51136,-704.0,-388.0,816.0
51153,-704.0,-388.0,816.0
51169,-704.0,-388.0,816.0
51186,-704.0,-388.0,816.0
51203,-704.0,-388.0,816.0
51219,-704.0,-388.0,816.0
51236,-704.0,-388.0,816.0
51253,-704.0,-388.0,816.0
51269,-704.0,-388.0,816.0
51286,-704.0,-388.0,816.0
51303,-704.0,-388.0,816.0
51319,-704.0,-388.0,816.0
51336,-704.0,-388.0,816.0
51353,-704.0,-388.0,816.0
51369,-704.0,-388.0,816.0
51386,-704.0,-388.0,816.0
51403,-704.0,-388.0,816.0
51420,-704.0,-388.0,816.0
51436,-704.0,-388.0,816.0
51452,-704.0,-388.0,816.0
51469,-704.0,-388.0,816.0
51486,-704.0,-388.0,816.0
51502,-704.0,-388.0,816.0
51520,-704.0,-388.0,816.0
51536,-704.0,-388.0,816.0
51552,-704.0,-388.0,816.0
51570,-704.0,-388.0,816.0
51586,-704.0,-388.0,816.0
51603,-704.0,-388.0,816.0
51620,-704.0,-388.0,816.0
51636,-704.0,-388.0,816.0
51653,-704.0,-388.0,816.0
51669,-704.0,-388.0,816.0
51687,-704.0,-388.0,816.0
51703,-704.0,-388.0,816.0
51720,-704.0,-388.0,816.0
51737,-704.0,-388.0,816.0
51753,-704.0,-388.0,816.0
51770,-704.0,-388.0,816.0
51790,-704.0,-388.0,816.0
